68
60
1
16
91
1
96
1
62
18
12
1
124
3
20
1
15
42
0
29
6
0
114
2
45
0
4
18
1
42
50
81
0
0
101
42
14
0
15
103
21
64
72
86
34
0
30
1
1
0
0
12
1
2
1
33
0
0
3
1
1
55
0
142
27
0
1
97
4
1
1
3
63
1
3
87
0
0
4
4
90
2
1
1
4
30
13
1
15
5
5
35
1
10
21
17
8
10
64
91
3
60
14
15
134
66
61
82
85
16
8
39
1
29
1
1
14
7
0
1
10
110
2
1
4
42
0
0
8
23
5
52
1
1
0
2
2
24
0
0
2
3
34
0
0
5
44
1
0
9
10
3
24
7
3
5
7
80
3
8
0
18
0
29
1
0
56
9
50
109
39
11
29
5
0
91
88
24
0
0
67
74
79
64
41
2
2
20
2
3
29
12
5
3
102
33
8
65
102
31
58
64
6
28
17
4
0
123
1
33
28
1
119
8
0
9
0
2
23
14
9
0
99
0
66
2
4
8
2
86
1
2
57
9
54
0
2
1
90
57
2
0
0
0
85
61
40
11
23
1
3
4
12
7
123
39
30
9
49
71
119
13
83
2
110
18
0
0
1
2
1
7
0
2
0
1
2
59
3
2
2
0
1
1
0
1
0
2
43
1
48
2
13
1
2
40
16
0
0
4
19
5
43
13
96
0
3
136
0
177
6
0
154
37
2
7
9
85
17
2
3
300
1
5
6
1
82
183
0
1
18
70
218
35
1
274
245
41
154
50
37
4
0
204
135
103
2
0
355
19
35
16
1
1
1
1
34
7
0
6
93
11
1
3
93
0
118
2
0
94
0
14
2
4
0
1
3
4
1
0
1
0
44
91
1
0
28
1
0
0
0
0
0
2
1
0
0
25
6
2
62
0
1
0
0
104
1
3
2
1
100
45
4
0
100
67
0
118
2
0
10
40
0
50