
After running the SQL queries to find which objects had the most repeat observations in the WSA and VSA, we get this list


WSA, nEpochs>=20
===========================================================================
#qsoName,ra,dec,filterID,nEpochs,qsoID, 
  CFHQSJ0216-0455,     +34.1158750,      -4.9261388,   5,  522,		56	all, 30d
   SDSSJ0836+0054,    +129.1827665,      +0.9147934,   3,   22,        121	all, 30d	
   SDSSJ0959+0227,    +149.7837500,      +2.4520444,   3,   67,	       162	all, 30d
   SDSSJ1000+0234,    +150.2145833,      +2.5826333,   3,   87,        164	all, 30d
SHELLQsJ1146+0124,    +176.7017500,      +1.4055833,   5,   20,	       206
    VIKJ1148+0056,    +177.1382500,      +0.9450722,   5,   20,	       214
   SDSSJ2216+0013,    +334.1834167,      +0.2300278,   2,   24,	       337


VSA, nEpochs>=20
===========================================================================
    MMTJ0215-0529,     +33.8469583,      -5.4960556,   2,    87,	54	
  CFHQSJ0216-0455,     +34.1158750,      -4.9261388,   1,   180,  	56	all, 30d
SHELLQsJ0220-0432,     +35.1238333,      -4.5344444,   2,   172,        59
  (SDSSJ0836+0054,    +129.1827665,      +0.9147934,   3,     4,       121	all, 30d)	
   SDSSJ0959+0227,    +149.7837500,      +2.4520444,   2,   285,       162	all, 30d
   SDSSJ1000+0234,    +150.2145833,      +2.5826333,   2,   208,       164	all, 30d



"Best" magnitudes
============================================================================================================================
    MMTJ0215-0529,                  54,     +33.8469583,      -5.4960556,   1,    +20.816833,     +0.031771,    4194304
    MMTJ0215-0529,                  54,     +33.8469583,      -5.4960556,   2,    +20.678259,     +0.009111,          0
    MMTJ0215-0529,                  54,     +33.8469583,      -5.4960556,   2,    +20.803019,     +0.030233,          0
    MMTJ0215-0529,                  54,     +33.8469583,      -5.4960556,   3,    +20.554146,     +0.081743,        128
    MMTJ0215-0529,                  54,     +33.8469583,      -5.4960556,   3,    +20.728556,     +0.023432,          0
    MMTJ0215-0529,                  54,     +33.8469583,      -5.4960556,   4,    +20.082150,     +0.080000,        128
    MMTJ0215-0529,                  54,     +33.8469583,      -5.4960556,   5,    +20.382395,     +0.151781,        128

  CFHQSJ0216-0455,                  56,     +34.1158750,      -4.9261388,   1,    +24.599064,     +0.072544,          0
  CFHQSJ0216-0455,                  56,     +34.1158750,      -4.9261388,   2,    +24.637200,     +0.247252,          0
  CFHQSJ0216-0455,                  56,     +34.1158750,      -4.9261388,   2,    +26.641787,     +0.828466,          0
  CFHQSJ0216-0455,                  56,     +34.1158750,      -4.9261388,   3,    +26.282454,     +0.437423,          0
  CFHQSJ0216-0455,                  56,     +34.1158750,      -4.9261388,   3, -9.999995E008, -9.999995E008,          0
  CFHQSJ0216-0455,                  56,     +34.1158750,      -4.9261388,   4, -9.999995E008, -9.999995E008,          0
  CFHQSJ0216-0455,                  56,     +34.1158750,      -4.9261388,   4, -9.999995E008, -9.999995E008,          0
  CFHQSJ0216-0455,                  56,     +34.1158750,      -4.9261388,   5, -9.999995E008, -9.999995E008,          0
  CFHQSJ0216-0455,                  56,     +34.1158750,      -4.9261388,   5, -9.999995E008, -9.999995E008,          0

SHELLQsJ0220-0432,                  59,     +35.1238333,      -4.5344444,   1,    +23.289675,     +0.205840,          0
SHELLQsJ0220-0432,                  59,     +35.1238333,      -4.5344444,   2,    +23.528590,     +0.050945,          0
SHELLQsJ0220-0432,                  59,     +35.1238333,      -4.5344444,   3,    +23.386720,     +0.066915,          0
SHELLQsJ0220-0432,                  59,     +35.1238333,      -4.5344444,   4,    +23.348186,     +0.098209,          0
SHELLQsJ0220-0432,                  59,     +35.1238333,      -4.5344444,   5,    +22.956537,     +0.104759,          0

   SDSSJ0836+0054,                 121,    +129.1827665,      +0.9147934,   1,    +18.786840,     +0.004361,          0
   SDSSJ0836+0054,                 121,    +129.1827665,      +0.9147934,   1,    +18.823292,     +0.004396,          0
   SDSSJ0836+0054,                 121,    +129.1827665,      +0.9147934,   2,    +18.810236,     +0.007334,          0
   SDSSJ0836+0054,                 121,    +129.1827665,      +0.9147934,   2,    +18.883670,     +0.005083,          0
   SDSSJ0836+0054,                 121,    +129.1827665,      +0.9147934,   3,    +18.625404,     +0.008075,          0
   SDSSJ0836+0054,                 121,    +129.1827665,      +0.9147934,   3,    +18.630924,     +0.002909,          0
   SDSSJ0836+0054,                 121,    +129.1827665,      +0.9147934,   4,    +18.330956,     +0.009514,          0
   SDSSJ0836+0054,                 121,    +129.1827665,      +0.9147934,   4,    +18.401804,     +0.023047,          0
   SDSSJ0836+0054,                 121,    +129.1827665,      +0.9147934,   5,    +18.084196,     +0.024743,          0
   SDSSJ0836+0054,                 121,    +129.1827665,      +0.9147934,   5,    +18.109442,     +0.010191,          0

   SDSSJ0959+0227,                 162,    +149.7837500,      +2.4520444,   2,    +24.201115,     +0.055539,          0
   SDSSJ0959+0227,                 162,    +149.7837500,      +2.4520444,   2,    +25.625792,     +0.819971,          0
   SDSSJ0959+0227,                 162,    +149.7837500,      +2.4520444,   3,    +24.130123,     +0.233055,          0
   SDSSJ0959+0227,                 162,    +149.7837500,      +2.4520444,   3,    +24.178822,     +0.073188,          0
   SDSSJ0959+0227,                 162,    +149.7837500,      +2.4520444,   4,    +23.631876,     +0.063330,          0
   SDSSJ0959+0227,                 162,    +149.7837500,      +2.4520444,   4,    +23.898922,     +0.387561,          0
   SDSSJ0959+0227,                 162,    +149.7837500,      +2.4520444,   5,    +23.443642,     +0.083984,          0
   SDSSJ0959+0227,                 162,    +149.7837500,      +2.4520444,   5,    +23.583720,     +0.444212,          0
   SDSSJ0959+0227,                 162,    +149.7837500,      +2.4520444,   6, -9.999995E008, -9.999995E008,          0
   SDSSJ0959+0227,                 162,    +149.7837500,      +2.4520444,   9,    +24.570498,     +0.308642,          0
   SDSSJ0959+0227,                 162,    +149.7837500,      +2.4520444,   9, -1.999999E009, -9.999995E008,          0
   SDSSJ0959+0227,                 162,    +149.7837500,      +2.4520444,  10, -1.999999E009, -9.999995E008,          0

   SDSSJ1000+0234,                 164,    +150.2145833,      +2.5826333,   2,    +26.352722,     +0.331073,          0
   SDSSJ1000+0234,                 164,    +150.2145833,      +2.5826333,   2,    +27.057327,     +2.774180,          0
   SDSSJ1000+0234,                 164,    +150.2145833,      +2.5826333,   3,    +26.977552,     +0.627560,          0
   SDSSJ1000+0234,                 164,    +150.2145833,      +2.5826333,   3,    +30.257797,    +57.243446,          0
   SDSSJ1000+0234,                 164,    +150.2145833,      +2.5826333,   4,    +29.001846,     +7.585392,          0
   SDSSJ1000+0234,                 164,    +150.2145833,      +2.5826333,   4,    +29.153927,    +75.571380,          0
   SDSSJ1000+0234,                 164,    +150.2145833,      +2.5826333,   5,    +26.540852,     +1.128015,          0
   SDSSJ1000+0234,                 164,    +150.2145833,      +2.5826333,   5, -9.999995E008, -9.999995E008,          0
   SDSSJ1000+0234,                 164,    +150.2145833,      +2.5826333,   6, -9.999995E008, -9.999995E008,          0
   SDSSJ1000+0234,                 164,    +150.2145833,      +2.5826333,   9, -1.999999E009, -9.999995E008,          0
   SDSSJ1000+0234,                 164,    +150.2145833,      +2.5826333,   9, -9.999995E008, -9.999995E008,          0
   SDSSJ1000+0234,                 164,    +150.2145833,      +2.5826333,  10, -1.999999E009, -9.999995E008,          0

SHELLQsJ1146+0124,                 206,    +176.7017500,      +1.4055833,   2,    +22.652601,     +0.870256,          0
SHELLQsJ1146+0124,                 206,    +176.7017500,      +1.4055833,   2, -9.999995E008, -9.999995E008,          0
SHELLQsJ1146+0124,                 206,    +176.7017500,      +1.4055833,   3,    +22.503328,     +0.314985,          0
SHELLQsJ1146+0124,                 206,    +176.7017500,      +1.4055833,   3,    +22.679884,     +0.308192,          0
SHELLQsJ1146+0124,                 206,    +176.7017500,      +1.4055833,   4,    +23.812078,     +1.717417,          0
SHELLQsJ1146+0124,                 206,    +176.7017500,      +1.4055833,   4, -9.999995E008, -9.999995E008,          0
SHELLQsJ1146+0124,                 206,    +176.7017500,      +1.4055833,   5,    +22.511175,     +0.315058,          0

    VIKJ1148+0056,                 214,    +177.1382500,      +0.9450722,   1,    +21.796130,     +0.060810,          0
    VIKJ1148+0056,                 214,    +177.1382500,      +0.9450722,   2,    +21.332718,     +0.065975,          0
    VIKJ1148+0056,                 214,    +177.1382500,      +0.9450722,   2,    +22.121440,     +0.526508,          0
    VIKJ1148+0056,                 214,    +177.1382500,      +0.9450722,   3,    +21.550240,     +0.086432,          0
    VIKJ1148+0056,                 214,    +177.1382500,      +0.9450722,   3,    +21.577303,     +0.107654,          0
    VIKJ1148+0056,                 214,    +177.1382500,      +0.9450722,   4,    +21.306458,     +0.240560,          0
    VIKJ1148+0056,                 214,    +177.1382500,      +0.9450722,   4,    +21.859617,     +0.270294,          0
    VIKJ1148+0056,                 214,    +177.1382500,      +0.9450722,   5,    +21.149403,     +0.158981,          0
    VIKJ1148+0056,                 214,    +177.1382500,      +0.9450722,   5,    +21.156103,     +0.083686,          0

   SDSSJ1623+3112,                 337,    +245.8825602,     +31.2001475,   2,    +20.431843,     +0.069878,          0
   SDSSJ1623+3112,                 337,    +245.8825602,     +31.2001475,   3,    +19.702950,     +0.040265,          0
   SDSSJ1623+3112,                 337,    +245.8825602,     +31.2001475,   4,    +19.711868,     +0.059067,          0
   SDSSJ1623+3112,                 337,    +245.8825602,     +31.2001475,   5,    +19.558603,     +0.055227,          0




  Other variable candidates
============================================================================================================================
From email::
On Sep 2, 2018, at 3:10 PM, Nicholas Cross <njc@roe.ac.uk> wrote:

   Given in ~/light_curves/variable_candidates 

   SDSSJ0100+2802
   SDSSJ0100+2802,   22,     +15.0542635,     +28.0405320,   3,    +17.599030,     +0.011513,          0
   SDSSJ0100+2802,   22,     +15.0542635,     +28.0405320,   4,    +17.482088,     +0.017596,          0

   SDSSJ0221-0342B
   SDSSJ0221-0342B,  61,     +35.3025416,      -3.7145000,   1,    +19.404015,     +0.008158,          0
   SDSSJ0221-0342B,  61,     +35.3025416,      -3.7145000,   3,    +19.456396,     +0.004902,          0
   SDSSJ0221-0342B,  61,     +35.3025416,      -3.7145000,   3,    +19.523941,     +0.022416,          0
   SDSSJ0221-0342B,  61,     +35.3025416,      -3.7145000,   4,    +19.130089,     +0.023164,          0
   SDSSJ0221-0342B,  61,     +35.3025416,      -3.7145000,   5,    +19.100779,     +0.023904,          0
   SDSSJ0221-0342B,  61,     +35.3025416,      -3.7145000,   5,    +19.102245,     +0.004542,          0

   VIKJ1148+0056
   VIKJ1148+0056,   214,    +177.1382500,      +0.9450722,   1,    +21.796130,     +0.060810,          0
   VIKJ1148+0056,   214,    +177.1382500,      +0.9450722,   2,    +21.332718,     +0.065975,          0
   VIKJ1148+0056,   214,    +177.1382500,      +0.9450722,   2,    +22.121440,     +0.526508,          0
   VIKJ1148+0056,   214,    +177.1382500,      +0.9450722,   3,    +21.550240,     +0.086432,          0
   VIKJ1148+0056,   214,    +177.1382500,      +0.9450722,   3,    +21.577303,     +0.107654,          0
   VIKJ1148+0056,   214,    +177.1382500,      +0.9450722,   4,    +21.306458,     +0.240560,          0
   VIKJ1148+0056,   214,    +177.1382500,      +0.9450722,   4,    +21.859617,     +0.270294,          0
   VIKJ1148+0056,   214,    +177.1382500,      +0.9450722,   5,    +21.149403,     +0.158981,          0
   VIKJ1148+0056,   214,    +177.1382500,      +0.9450722,   5,    +21.156103,     +0.083686,          0




Other interesting objects
===========================================================================
SDSS J010013.021280225.8  
z=6.30, Wu et al., 2015, Nature, 518, 512) qsoID = 22.
#qsoName,qsoID,ra,dec,filterID,aperMag3AverAB,aperMag3Err,ppErrBits
SDSSJ0100+2802                 22,     +15.0542635,     +28.0405320,   3,    +17.599030,     +0.011513,          0

SDSS J1148+5251
#qsoName,qsoID,ra,dec,filterID,aperMag3AverAB,aperMag3Err,ppErrBits
SDSSJ1148+5251,                 212,    +177.0693757,     +52.8639986,   2,    +18.971964,     +0.036052,          0
only one epoch each in filterID=2,3,4,5.
