|cntr_01|      ra_01|    dec_01|          mean_mjd|        w1mpro_wgt|         w1mpro_err|        w2mpro_wgt|         w2mpro_err|nMeas|
|   long|     double|    double|            double|            double|             double|            double|             double| long|
|       |           |          |                  |                  |                   |                  |                   |     |
|   null|       null|      null|              null|              null|               null|              null|               null| null|
     405 215.8580071 13.0501956 56677.501724555994 15.825614592312496 0.09756161237976513 14.929418219155025 0.26016703301242283     5 
     405 215.8580071 13.0501956 56857.079029814005 15.546627757408473 0.07989299869924461 14.877238835394076 0.19606787387423666     5 
     405 215.8580071 13.0501956  57043.25665130201 15.678021142627276 0.08343117094122943 14.910044946111553 0.19461969382681865     5 
     405 215.8580071 13.0501956  57215.91288502001 15.653291045030894 0.06560147170263905 14.788370105379915  0.1668120802828863     7 
     405 215.8580071 13.0501956  57406.44597110667 15.684715618603223 0.07595462085866873 15.111547029060233  0.2592193055697447     6 
     405 215.8580071 13.0501956 57574.635019459995 15.815972861441885 0.13581799781862208           -999.999            -999.999     3 
     405 215.8580071 13.0501956 57771.792760227996 15.595287144904235 0.07815528411386317             15.051 0.47200000000000003     5 
     405 215.8580071 13.0501956 57936.791275464995 15.648148693146386 0.05385753103975349 14.686884825828662 0.13915483099296896    12 
     405 215.8580071 13.0501956     58137.95001757             15.266               0.178             14.924               0.397     1 
     405 215.8580071 13.0501956  58298.61751497401 15.428615060712048 0.07251661156387079  14.94569518482909 0.19522701208205537     5 
