| ra             | dec            | unW1mag   |
| double         | double         | float     |
| deg            | deg            | mag       |            
| null           | null           | null      |
  13.762125        1.77175          -99.999    
  15.710999        -2.3027499       -99.999    
  17.1248333       -1.0043333       -99.999    
  22.493791        -0.5943611       -99.999    
  24.013208        2.4349166        -99.999    
  30.74254166      -2.86488888      -99.999    
  31.4442916       -9.92325         -99.999    
  31.54666666      -2.92716666      -99.999    
  32.554958        -4.9391388       -99.999    
  33.3205833       -6.4375556       -99.999    
  34.115875        -4.9261388       -99.999    
  34.33995833      -2.14794444      -99.999    
  35.1238333       -4.5344444       -99.999    
  36.930375        -6.0917222       -99.999    
  37.5094583       0.77966666       -99.999    
  38.92675         -5.54488889      -99.999    
  39.876           -0.7514999       -99.999    
  41.0             -50.13333333     -99.999    
  45.3208749       0.3405556        -99.999    
  45.880833        -0.3202499       -99.999    
  49.207791        -13.675638       -99.999    
  50.4794583       0.4948335        -99.999    
  128.5036667      2.1963611        -99.999    
  131.035875       -1.5379167       -99.999    
  131.1316666      -0.88183333      -99.999    
  133.4535         1.65305555       -99.999    
  134.4105416      0.93686111       -99.999    
  134.7799583      0.3821944        -99.999    
  135.728625       1.9196944        -99.999    
  135.8111666      2.19119444       -99.999    
  136.4360416      3.01633333       -99.999    
  137.3395833      4.6785833        -99.999    
  137.8094583      1.8720556        -99.999    
  139.6382083      1.6564722        -99.999    
  143.2073307      12.3682803       -99.999    
  149.4182917      0.8926667        -99.999    
  149.78374999     2.45204444       -99.999    
  150.21458333     2.58263333       -99.999    
  151.0056667      2.6585278        -99.999    
  158.5597083      57.3743611       -99.999    
  160.2025         -11.93061111     -99.999    
  176.70175        1.4055833        -99.999    
  176.745375       -0.0938056       -99.999    
  178.08863        0.92685833       -99.999    
  180.2625833      1.56566667       -99.999    
  180.6932083      -0.9504722       -99.999    
  181.9755833      -0.0981389       -99.999    
  183.8202986      0.3901834        -99.999    
  184.77225        0.84375          -99.999    
  187.3050336      4.32437446       -99.999    
  189.19983333     62.16155555      -99.999    
  210.1199583      -0.1976389       -99.999    
  210.1249583      -1.4225          -99.999    
  210.4581667      51.7195278       -99.999    
  211.6213333      -1.2697778       -99.999    
  211.6953333      -1.7340556       -99.999    
  213.66475        1.51013888       -99.999    
  213.6950833      54.7755          -99.999    
  214.05295833     0.26283333       -99.999    
  214.220875       1.7839444        -99.999    
  214.36945833     1.28677778       -99.999    
  214.985375       55.8878333       -99.999    
  215.5009583      0.1841667        -99.999    
  215.882125       -0.30252778      -99.999    
  216.3180505      32.9026503       -99.999    
  216.32383333     -0.26136111      -99.999    
  217.26283333     -1.07872222      -99.999    
  217.2925833      -0.0353889       -99.999    
  219.4855833      51.8541944       -99.999    
  220.00541666     -1.11727778      -99.999    
  227.42408        -17.824111       -99.999    
  236.2734167      42.5365556       -99.999    
  237.503875       43.3007778       -99.999    
  239.787875       22.2048417       -99.999    
  240.9544583      55.1756389       -99.999    
  267.00211        22.7812107       -99.999    
  330.383625       1.9247222        -99.999    
  330.6383333      1.5223056        -99.999    
  331.0746667      1.1957778        -99.999    
  331.6450417      2.02675          -99.999    
  332.6135         3.0745833        -99.999    
  332.80070833     -32.10355556     -99.999    
  333.2719167      0.5688333        -99.999    
  334.1852917      -0.2805833       -99.999    
  334.82175        1.0469167        -99.999    
  337.1159583      1.4693056        -99.999    
  337.18141        1.1756111        -99.999    
  337.1987917      1.8779167        -99.999    
  337.25687        14.952499        -99.999    
  337.9537083      -0.5965278       -99.999    
  338.050125       0.2106667        -99.999    
  338.3651666      -1.1178888       -99.999    
  339.18575        0.54913889       -99.999    
  339.9477917      2.1298611        -99.999    
  340.65645        3.5726666        -99.999    
  343.0226667      2.4255278        -99.999    
  346.0957083      0.7515           -99.999    
  349.5            -31.21666667     -99.999    
  352.31025        -4.0566944       -99.999    
  357.8289911      6.4019219        -99.999    
  359.21491        0.3925833        -99.999    
  134.5562917      0.0158611        18.3912    
  35.3013333       -3.70877777      18.3848    
  177.06754        52.89425         18.3618    
  187.10479        -2.5609033       18.3158    
  333.83425        -0.1523333       18.3096    
  335.789625       3.4389722        18.2904    
  177.13825        0.9450722        18.2225    
  319.9662083      -0.67225         18.2132    
  332.7525         -63.3488333      18.2078    
  8.2975           -1.4235833       18.2051    
  349.51166        -2.7761111       18.1761    
  182.24679167     -2.00966667      18.1595    
  22.281           -0.4793055       18.1338    
  341.3511249      0.4039444        18.1255    
  57.4974999       0.5676388        18.1237    
  245.0636766      -0.19786005      18.1202    
  348.0684999      1.0143055        18.0824    
  339.7091666      -0.4505          18.0654    
  332.920875       0.1885833        18.0645    
  35.344625        -8.0476388       18.0484    
  213.6315417      57.5428056       18.0416    
  210.87222        -12.009482       18.0399    
  326.98087        1.1320277        18.0296    
  128.8573333      32.2979444       18.0212    
  32.0179583       -1.2095277       18.0072    
  213.5181667      51.2599444       18.0061    
  353.7293749      -0.1728055       18.0026    
  322.792875       -43.9840278      18.0016    
  352.2845         -3.0329999       17.9737    
  17.471379        -30.790642       17.9607    
  2.3787018        32.8702618       17.9509    
  49.29342829      -26.5543637      17.9278    
  210.727772       40.4008853       17.9236    
  182.09924999     0.17436111       17.9114    
  250.3405347      37.9222629       17.9033    
  50.91808333      -47.02225833     17.9028    
  217.4082083      33.0711667       17.8865    
  212.2974337      -15.98657168     17.885     
  42.66909         -2.91745         17.881     
  212.0955         53.0058056       17.878     
  339.7814999      0.5062777        17.8608    
  167.4726271      56.9521143       17.8515    
  160.8966374      10.1762712       17.8461    
  33.8469583       -5.49605555      17.8436    
  184.3389334      1.52846356       17.8362    
  4.39361347       17.08630447      17.8337    
  343.9085         2.8573889        17.8215    
  332.654125       2.7204722        17.8121    
  167.641566       -13.4959995      17.7961    
  315.580083       -14.9816666      17.792     
  11.3898667       9.0324889        17.7728    
  53.96052436      -15.79569428     17.7454    
  319.5530416      -0.0640833       17.7417    
  32.9355417       -2.0510833       17.7414    
  328.7339966      -9.5076274       17.741     
  357.1389         -30.902844       17.6947    
  209.44725        53.0951389       17.6846    
  261.0364292      19.0286444       17.6686    
  37.970657        -28.838911       17.644     
  242.4052913      30.6966052       17.6418    
  213.7329225      -13.4803543      17.6369    
  205.53375        9.4773889        17.6247    
  135.3860431      16.2518985       17.6226    
  313.3407         0.7852222        17.6131    
  129.98065        0.2650583        17.6069    
  139.49149069     38.51115496      17.5866    
  34.161875        -52.4390556      17.5596    
  164.8692         -9.1056666       17.5507    
  40.0159141       17.5458092       17.5445    
  34.5878333       -0.4626946       17.54      
  210.4472342      27.8263983       17.533     
  137.556791       16.9416111       17.5037    
  338.2297707      29.508976        17.4989    
  52.61633333      -40.42122222     17.496     
  1.4680833        -0.1154999       17.4927    
  238.8510335      -6.89766289      17.4807    
  140.9032672      30.1637729       17.4799    
  170.7085131      13.7101246       17.4733    
  46.320483        -31.848861       17.4706    
  41.7329167       -52.3305278      17.4638    
  247.6412639      40.2026929       17.4598    
  181.2712417      -0.0077694       17.4534    
  315.22758        -17.256249       17.4392    
  132.6173333      -5.1019167       17.4382    
  182.3499583      -0.1129167       17.4358    
  178.5594134      -12.18818926     17.4293    
  127.2817406      3.0657009        17.4249    
  231.0170833      8.2775833        17.4204    
  333.9859789      26.1081684       17.4201    
  43.0693333       -5.0588333       17.4108    
  216.8737083      35.3691611       17.4089    
  62.51345833      -44.24463888     17.3948    
  140.3356667      0.1230278        17.3891    
  197.7198013      25.5351885       17.3774    
  62.080125        -56.54133888     17.3748    
  199.33658333     -2.65361111      17.3736    
  6.1240417        39.2219306       17.3638    
  135.8704568      -13.83368626     17.3588    
  71.03221433      -4.5591868       17.3541    
  177.4435417      7.8140556        17.3487    
  217.46737        54.788249        17.3456    
  348.94404        -0.3994722       17.3354    
  184.114916       45.3196388       17.3298    
  65.04725         -44.88994444     17.3254    
  162.153041       33.6632388       17.3077    
  228.4151667      8.9018056        17.2783    
  201.9221762      57.5439928       17.2774    
  55.424375        -0.8035444       17.2734    
  346.89729        0.5303888        17.2548    
  129.407666       49.4834444       17.2543    
  217.9185333      -7.41207447      17.2489    
  127.383208       41.2945555       17.246     
  210.8297035      9.0474981        17.2356    
  173.787208       50.1924999       17.2323    
  166.089958       21.5746666       17.2253    
  149.3008333      10.2718056       17.2231    
  153.4013916      42.6740006       17.202     
  219.0489157      50.1186544       17.1991    
  184.546624       18.1307055       17.1902    
  130.3313231      29.0845966       17.1866    
  313.52704        -0.0874444       17.1785    
  7.0273329        4.9571232        17.1783    
  73.50745         -44.80864        17.1742    
  18.9365833       0.2541388        17.1683    
  75.93566         -7.50613         17.1667    
  172.1770011      26.8866654       17.1618    
  228.6871163      21.2388264       17.1485    
  181.9059988      6.5028433        17.1451    
  174.7920407      -12.28454921     17.1272    
  147.2306816      21.1087694       17.1137    
  128.3235833      27.4413889       17.1091    
  333.2145417      -0.7085278       17.1083    
  170.7964583      -0.7385111       17.1031    
  49.9235833       -10.1461111      17.1023    
  357.85129166     -4.98536111      17.1013    
  320.87033        -24.3604         17.0875    
  138.3189634      59.3226888       17.077     
  176.6360833      -1.9106389       17.0706    
  25.79266666      -55.75296666     17.0695    
  334.1834167      0.2300278        17.068     
  325.66362499     -1.33341666      17.0639    
  319.868          10.4851667       17.0514    
  140.5700563      26.8997376       17.0321    
  205.42275        46.1861944       17.0302    
  194.1290326      25.5476238       16.998     
  293.031765       71.65233549      16.9907    
  13.5892499       -1.156           16.9821    
  52.147942        -32.889678       16.9785    
  120.772583       31.6428333       16.9738    
  179.4516096      6.6199816        16.973     
  183.1124208      5.0926361        16.964     
  236.2912415      16.6088634       16.9635    
  196.5344701      3.94065562       16.962     
  157.9070364      -2.65990731      16.9497    
  235.9450668      17.0079059       16.9466    
  194.4894807      63.82698942      16.944     
  170.00616        6.6900833        16.9385    
  14.233499        22.6867111       16.9356    
  231.65767083     -20.83351667     16.9288    
  177.1090253      30.3386968       16.921     
  32.7361249       0.0513056        16.9146    
  141.8409198      20.0232334       16.9077    
  199.797085       9.8476434        16.9048    
  131.6160038      8.0143655        16.9038    
  122.7263086      51.094473        16.8969    
  335.07704        -1.0296911       16.8892    
  157.1393988      7.7719322        16.8782    
  175.9097797      38.1413398       16.8775    
  149.3661115      5.3181323        16.8768    
  5.1311237        -36.8949476      16.8671    
  58.4572136       1.0679614        16.8637    
  243.647333       1.245775         16.8596    
  137.727208       -4.2352222       16.8579    
  23.3618333       1.1104722        16.8501    
  5.8777916        -0.3101111       16.8489    
  231.8035833      6.6894167        16.8471    
  143.847125       -2.13177777      16.8465    
  18.729625        32.6378694       16.8459    
  119.0755812      41.0690592       16.8361    
  308.48297        -27.6485         16.8307    
  159.225791       -2.5438734       16.8303    
  159.225791       -2.54387343      16.8303    
  62.869291        -9.1305          16.8247    
  9.35732902       -8.1190174       16.8205    
  130.1462615      56.4056176       16.8173    
  178.5829944      23.5659084       16.8101    
  2.10739          -6.43456         16.802     
  230.940419       33.7999564       16.8001    
  54.6221249       0.3656388        16.7812    
  175.4091843      -20.26545798     16.7802    
  169.836          34.88003         16.7655    
  25.23764         -11.68319        16.7651    
  178.6030599      13.6960522       16.7601    
  243.696          20.9841583       16.7513    
  135.6906706      8.8544229        16.7495    
  9.650416         -15.4565555      16.7412    
  127.0558622      26.565414        16.7144    
  203.9617127      35.5543943       16.7081    
  127.3879166      25.1126667       16.7066    
  163.522166       46.6250694       16.7037    
  213.36299        -22.561737       16.7033    
  132.7010255      32.7799831       16.7028    
  136.62812499     69.50855555      16.699     
  156.5984527      25.7165128       16.6887    
  18.4739583       5.9975278        16.6853    
  149.558451       35.4135633       16.6844    
  216.91079        33.211666        16.6792    
  163.345787       58.0700362       16.6747    
  171.658206       17.5829312       16.6707    
  247.2970667      24.1277056       16.6643    
  245.8825602      31.2001475       16.6612    
  7.85775          7.1769222        16.6577    
  36.5078068       3.0498383        16.6574    
  204.370042       41.9277372       16.6567    
  56.71685         -16.47691        16.6386    
  209.205856       -26.708397       16.6243    
  246.62167        28.98266         16.6243    
  29.9915479       -36.565723       16.6077    
  198.668374       54.5436694       16.5861    
  165.3931661      5.5260737        16.5855    
  242.56966544     41.29827146      16.5833    
  12.527771        34.7560148       16.5815    
  150.1823993      21.0574094       16.5737    
  242.43971        -12.98169708     16.569     
  23.0071          -2.26753         16.5678    
  203.5523482      12.3390862       16.5575    
  177.0137037      7.0356349        16.5559    
  340.20417        -18.66217        16.553     
  20.224708        21.7850555       16.5474    
  199.033916       10.4757777       16.5428    
  140.9463333      4.0484444        16.5313    
  172.2410328      57.9860676       16.522     
  219.0208457      21.5442366       16.5218    
  126.2250634      13.038049        16.5212    
  30.8849155       0.2081304        16.5206    
  60.5528945       24.8567857       16.5131    
  157.6129585      5.4152946        16.5129    
  189.025208       46.9569805       16.5065    
  308.0416401      -21.233975       16.4979    
  9.73550794       -10.4316386      16.4915    
  359.1352149      -6.38312644      16.4896    
  176.77670833     -1.16616666      16.4862    
  8.559792         37.9983333       16.48      
  138.931842       49.4046241       16.4674    
  190.9200541      25.4899697       16.4669    
  34.1006666       23.0692972       16.4575    
  212.7970333      12.2936897       16.4538    
  188.3894733      6.376165         16.4516    
  174.3238678      35.8324586       16.4334    
  190.6996629      52.2185332       16.4217    
  217.0891328      -16.04536083     16.4216    
  129.945333       39.0031944       16.421     
  225.153499       28.2675083       16.4081    
  128.9765132      5.6314046        16.4048    
  192.7163615      31.5060828       16.3981    
  173.5592917      8.4814722        16.381     
  205.4750816      35.1682539       16.3752    
  185.6581819      19.9785907       16.3726    
  18.9427916       -2.8867333       16.367     
  185.4434197      44.7577911       16.3625    
  337.18812499     -7.96538333      16.3598    
  336.3099166      3.5034722        16.3554    
  19.0595833       5.6382499        16.3537    
  230.7620833      59.2758444       16.3464    
  17.0274999       7.1890556        16.3387    
  130.6226384      12.3140508       16.3351    
  123.2034166      4.6823722        16.3326    
  359.60016666     6.57705555       16.3287    
  173.2865833      16.0654722       16.3241    
  351.40266666     -5.89119444      16.3232    
  4.81408          -24.29916        16.3205    
  254.962625       32.6579527       16.3205    
  35.3025416       -3.7145          16.3099    
  65.408537        -26.95433511     16.3072    
  151.560875       -3.1751111       16.287     
  182.4697093      18.5297808       16.2826    
  0.3401135        26.8358814       16.2799    
  239.7124609      -7.40266413      16.2721    
  183.29919        -12.767624       16.2643    
  162.187771       46.6218184       16.2526    
  254.1477499      45.6870972       16.2511    
  205.0626338      39.4418596       16.2507    
  0.6641173        25.8430442       16.25      
  227.6470542      51.8114154       16.2493    
  29.51726         -29.08868        16.2492    
  342.508375       -50.26170833     16.2478    
  71.45075         -2.33329         16.2425    
  133.6265512      20.9474547       16.239     
  319.60403        -10.93262        16.2378    
  21.42133775      -25.882288       16.2233    
  161.13767        -1.4172777       16.2186    
  40.4705          4.5981833        16.2017    
  352.5362917      9.9621389        16.1972    
  252.676083       16.2893055       16.1971    
  45.184082        -22.540885       16.195     
  181.17389474     -0.36378588      16.184     
  352.41375        30.0641055       16.1504    
  351.3093508      26.47995309      16.1378    
  28.8886666       4.2518725        16.1298    
  25.6821972       -33.46263        16.1295    
  349.409375       22.7360083       16.1251    
  36.11057         -47.19149        16.1142    
  27.1568128       6.0055734        16.1075    
  215.8580071      13.0501956       16.1041    
  171.3171439      44.8124751       16.0855    
  205.1676667      28.2244889       16.0776    
  182.21944502     21.17610232      16.0732    
  177.0693757      52.8639986       16.0627    
  219.4659379      23.3870416       16.0479    
  233.74898973     13.45039414      16.0398    
  323.1382958      12.2986833       16.0365    
  240.7249088      42.4735952       16.0355    
  149.281988       6.1832069        16.0337    
  173.19375        12.1504722       16.0284    
  65.50414653      -19.45796853     16.022     
  108.4429416      8.9257369        16.0183    
  2.2142917        36.2704138       16.0176    
  236.467041       60.47332022      16.0143    
  163.6892965      16.5603856       16.0056    
  37.9068333       -7.48177777      15.9864    
  180.5324218      32.59411         15.9851    
  4.3111666        -10.01539722     15.9757    
  155.5079583      8.0228333        15.9562    
  158.6938         -14.4211         15.947     
  330.2776249      3.035475         15.9434    
  106.609958       29.3515277       15.9408    
  112.76303        44.99707         15.9182    
  254.7588333      27.159775        15.9065    
  176.7408         40.61907         15.8937    
  233.886958       19.72225         15.8841    
  347.6620586      18.9222017       15.8754    
  220.9611144      36.3875378       15.8479    
  158.577705       20.5500594       15.8253    
  3.136999         36.5378055       15.8214    
  243.6047083      46.6747056       15.8192    
  155.5418621      22.873735        15.8015    
  336.5517083      -6.3020249       15.7082    
  42.8388749       3.5548388        15.6994    
  162.0829167      -1.16116944      15.6791    
  215.15143        -16.041735       15.6551    
  245.25383        51.93022         15.6551    
  206.3609268      23.4970482       15.6542    
  330.6115416      15.16455         15.6372    
  203.98433333     -3.47727777      15.6339    
  124.6141845      17.3811127       15.6122    
  240.2964999      -18.4764111      15.606     
  203.2393749      22.1433083       15.6       
  245.8136666      47.0999722       15.5584    
  89.93944458      -15.5833895      15.5151    
  29.439375        30.0196333       15.442     
  129.1827665      0.9147934        15.2677    
  356.1395833      16.8879111       15.2594    
  331.7921666      -4.2823          15.145     
  268.18375        50.6091805       15.1005    
  246.6104204      27.8590266       14.9996    
  6.3618333        -1.7590306       14.8509    
  115.478          25.3415694       14.728     
  116.9549166      11.8979055       14.5937    
  22.8639166       -3.3500527       14.5423    
  15.0542635       28.040532        14.4456    
  46.677125        18.8877361       14.2731    
  69.946166        16.5710277       13.9821    