1
2
1
1
0
0
1
1
0
2
1
1
2
0
1
1
1
1
0
5
3
1
1
0
0
6
1
0
0
0
3
0
0
0
4
0
0
1
0
0
0
0
1
0
0
0
9
0
1
0
0
0
1
1
2
0
1
1
0
1
0
2
1
2
15
1
1
0
1
4
0
2
1
1
0
0
0
2
0
2
0
18
0
1
0
1
0
1
0
0
0
0
2
0
6
0
1
2
0
0
1
1
1
1
2
1
0
0
0
1
2
1
1
0
2
2
1
1
1
2
0
2
0
1
1
1
3
0
0
6
6
2
1
1
2
1
5
5
2
3
2
0
2
1
2
2
2
2
0
4
1
1
1
1
1
3
3
1
3
4
1
2
2
2
1
2
2
9
2
4
4
3
4
0
15
4
5
4
5
4
11
6
3
1
0
3
2
3
2
6
7
5
12
13
4
22
5
1
2
4
12
21
5
12
11
8
6
8
6
1
8
6
7
9
7
4
5
10
15
9
4
3
4
19
3
15
8
1
4
10
7
8
4
3
8
11
6
6
5
28
6
14
8
11
15
15
26
10
34
8
11
14
3
3
7
25
30
13
16
8
13
15
8
16
9
9
1
13
21
9
19
11
22
21
20
13
12
9
6
18
21
27
27
19
16
1
27
20
42
23
33
34
19
15
38
25
34
3
34
19
30
4
27
47
46
27
22
48
48
40
44
50
33
32
58
39
23
54
49
85
24
81
37
39
23
54
48
34
32
26
46
30
78
53
37
36
27
37
72
43
49
46
40
54
62
77
41
70
0
71
101
19
53
88
16
55
78
105
73
54
106
32
52
57
202
56
51
49
59
42
57
77
126
67
83
70
86
91
9
67
95
249
91
88
216
112
75
82
62
38
98
80
70
79
108
0
73
123
118
90
126
117
174
76
54
128
145
113
136
118
111
109
222
99
120
125
85
110
363
2
117
123
113
64
107
114
81
78
167
157
140
121
179
112
37
277
133
113
118
95
52
335
137
145
16
1
100
150
308
159
116
136
140
116
415
190
146
104
118
123
152
107
140
