100
98
5
31
118
4
123
5
88
25
25
7
146
7
42
3
22
61
1
43
17
2
152
2
69
1
6
31
7
64
65
113
2
2
123
63
28
2
26
136
42
90
101
128
66
1
41
1
3
1
0
19
3
3
3
48
1
3
5
16
1
72
2
191
39
2
2
123
7
1
2
4
79
2
3
123
17
0
9
8
107
3
4
3
9
41
19
2
27
8
53
3
16
30
40
18
14
97
140
6
97
28
19
163
95
92
104
118
24
17
58
4
58
3
5
26
10
1
4
21
138
2
2
8
61
0
0
12
33
6
69
1
2
0
5
32
0
0
2
5
52
0
0
12
73
4
0
21
20
5
38
13
5
15
11
104
8
13
1
36
0
49
1
1
80
13
91
138
53
16
46
13
0
119
114
38
0
2
91
2
102
88
64
8
4
32
6
4
58
16
6
5
135
46
11
88
128
65
83
84
10
46
35
10
0
163
3
49
53
2
143
24
0
18
2
3
36
19
16
0
135
1
92
3
9
16
2
121
2
3
94
18
75
0
4
1
116
87
4
1
0
3
114
95
79
25
41
6
5
9
22
13
150
63
45
16
74
119
156
20
113
3
145
31
1
1
1
6
4
10
1
2
2
4
4
77
6
3
3
1
2
3
0
1
0
2
55
2
73
2
24
2
8
65
24
1
1
9
32
9
62
22
131
1
4
189
0
231
8
3
266
51
5
15
20
126
29
2
3
395
2
8
10
13
108
231
1
2
33
94
288
46
1
337
312
61
191
63
67
10
4
267
172
144
5
0
417
34
50
28
3
5
4
1
67
9
0
8
121
19
4
4
118
0
150
3
1
117
1
90
2
6
3
2
9
13
1
0
2
1
60
118
2
0
46
1
4
0
0
1
0
3
3
2
0
44
8
3
92
0
5
1
5
135
2
5
2
1
126
65
7
3
132
104
1
140
6
0
15
50
1
78
140
44
65
27
10
7
5
10
14
2
27
109
11
147
9
55
40
70
21
11
40
116
9
39
13
89
97
96
27
123
130
14
15
8
15
0
1
0
4
1
1
133
68
61
53
71
99
128
28
110
13
67
50
129
72
115
133
36
1
7
0
0
1
12
30
32
