# RA         Dec         redshift  unW1mag   unW1err unW1snr    unW2mag   unW2err unW2snr    w3mpro    w3sig   w3snr  w4mpro   w4sig   w4snr
  0.3401135  26.8358814  5.750     16.2799   0.0257  41.7265    15.5194   0.0499  21.2510    12.594    0.49    2.2    8.756    0.00    1.1  
  0.6641173  25.8430442  5.820     16.2500   0.0261  41.0239    15.4177   0.0469  22.6804    12.416    0.42    2.6    8.683    0.00    1.2  
  1.4680833  -0.1154999  5.850     17.4927   0.0791  13.2325    16.7022   0.1534   6.5915    12.445    0.00   -1.1    9.008    0.00   -0.3  
  2.1073900  -6.4345600  5.930     16.8020   0.0445  23.8931    15.9620   0.0784  13.3491    11.892    0.00    1.5    8.759    0.00    0.2  
  2.2142917  36.2704138  5.170     16.0176   0.0208  51.7021    15.4339   0.0444  23.9368    12.043    0.00    1.8    8.786    0.00    1.1  
  2.3787018  32.8702618  6.100     17.9509   0.1056   9.7915   -99.9990  -9.9900 -99.9990    -9.990   -9.99   -9.9   -9.990   -9.99   -9.9
  3.1369990  36.5378055  5.440     15.8214   0.0174  62.0132    15.2306   0.0363  29.4372    12.001    0.23    4.6    8.688    0.33    3.3  
  4.3111666 -10.0153972  5.010     15.9757   0.0217  49.5990    15.3142   0.0449  23.6724    12.026    0.33    3.2    8.520    0.00    1.2  
  4.3936135  17.0863045  5.800     17.8337   0.1032  10.0252    16.6956   0.1451   6.9949    -9.990   -9.99   -9.9   -9.990   -9.99   -9.9
  4.8140800 -24.2991600  5.680     16.3205   0.0284  37.7921    15.6784   0.0608  17.3672    12.123    0.34    3.2    8.820    0.00    0.5  
  5.1311237 -36.8949476  6.900     16.8671   0.0406  26.2100    16.4126   0.1020  10.1549    12.679    0.00   -0.1    8.342    0.00    0.8  
  5.8777916  -0.3101111  5.060     16.8489   0.0460  23.1176    16.1269   0.0925  11.2380    11.877    0.00    1.6    8.491    0.00    0.7  
  6.1240417  39.2219306  6.620     17.3638   0.0643  16.3805   -99.9990  -9.9900 -99.9990    -9.990   -9.99   -9.9   -9.990   -9.99   -9.9
  6.3618333  -1.7590306  5.070     14.8509   0.0088 122.7056    14.2325   0.0184  58.5200    11.395    0.22    4.9    8.514    0.00    0.9  
  7.0273329   4.9571232  6.000     17.1783   0.0596  17.7258    16.6062   0.1348   7.5651    12.253    0.00    0.4    8.317    0.00    1.4  
  7.8577500   7.1769222  5.330     16.6577   0.0389  27.4370    15.6829   0.0634  16.6299    12.187    0.00   -0.3    8.398    0.00    0.5  
  8.2975000  -1.4235833  6.130     18.2051   0.1422   7.1481   -99.9990  -9.9900 -99.9990    -9.990   -9.99   -9.9   -9.990   -9.99   -9.9
  8.5597920  37.9983333  5.630     16.4800   0.0290  36.9322    15.7302   0.0556  19.0467    12.035    0.00    1.8    9.104    0.00   -0.6  
  9.3573290  -8.1190174  5.720     16.8205   0.0421  25.2833    16.2038   0.0952  10.9154    12.197    0.00    0.9    8.361    0.00    1.2  
  9.6504160 -15.4565555  7.020     16.7412   0.0413  25.8249    16.3112   0.1045   9.8970    12.307    0.00    0.5    8.704    0.00    0.9  
  9.7355079 -10.4316386  5.950     16.4915   0.0321  33.3836    15.7224   0.0615  17.1635    12.198    0.00    0.5    8.411    0.00    1.2  
 11.3898667   9.0324889  6.420     17.7728   0.1043   9.9207   -99.9990  -9.9900 -99.9990    11.980    0.00    1.2    8.784    0.00   -0.1  
 12.5277710  34.7560148  6.250     16.5815   0.0326  32.7892    15.7063   0.0549  19.2878    12.928    0.00    0.0    9.299    0.00   -0.2  
 13.5892499  -1.1560000  5.090     16.9821   0.0568  18.6232    16.1529   0.1026  10.0912    -9.990   -9.99   -9.9   -9.990   -9.99   -9.9
 13.7621250   1.7717500  6.010    -99.9990  -9.9900 -99.9990   -99.9990  -9.9900 -99.9990    -9.990   -9.99   -9.9   -9.990   -9.99   -9.9
 14.2334990  22.6867111  5.490     16.9356   0.0477  22.2702    15.9954   0.0783  13.3717    12.185    0.00    1.0    9.155    0.00   -0.2  
 15.0542635  28.0405319  6.330     14.4456   0.0063 171.2720    13.6446   0.0106 102.4227    11.716    0.21    5.1    8.980    0.45    2.4  
 15.7109990  -2.3027499  5.950    -99.9990  -9.9900 -99.9990   -99.9990  -9.9900 -99.9990    -9.990   -9.99   -9.9   -9.990   -9.99   -9.9
 17.0274999   7.1890555  5.530     16.3387   0.0309  34.6805    15.4902   0.0543  19.5076    12.019    0.32    3.4    8.569    0.40    2.7  
 17.1248333  -1.0043333  5.110    -99.9990  -9.9900 -99.9990   -99.9990  -9.9900 -99.9990    -9.990   -9.99   -9.9   -9.990   -9.99   -9.9
 17.4713790 -30.7906420  6.790     17.9607   0.1096   9.4161   -99.9990  -9.9900 -99.9990    -9.990   -9.99   -9.9   -9.990   -9.99   -9.9
 18.4739583   5.9975278  5.000     16.6853   0.0413  25.8086    16.1318   0.0938  11.0841    12.488    0.50    2.2    8.377    0.00    1.0  
 18.7296250  32.6378694  5.220     16.8459   0.0409  26.0447    16.1806   0.0847  12.3262    12.487    0.00    1.0    9.014    0.00    0.8  
 18.9365833   0.2541388  5.100     17.1683   0.0653  16.1402    16.6992   0.1574   6.4107    12.488    0.00   -0.8    8.528    0.00    0.2  
 18.9427917  -2.8867333  5.070     16.3670   0.0299  35.8620    15.8333   0.0703  14.9617    11.760    0.00    1.7    8.322    0.00    1.4  
 19.0595833   5.6382499  5.330     16.3537   0.0307  34.8490    15.6439   0.0607  17.4053    12.234    0.36    3.0    8.836    0.00    0.6  
 20.2247080  21.7850555  5.420     16.5474   0.0329  32.5121    15.9176   0.0716  14.6617    12.466    0.00    0.6    9.267    0.00   -0.1  
 21.4213377 -25.8822880  5.790     16.2233   0.0246  43.6749    15.5982   0.0528  20.0606    12.531    0.42    2.6    8.337    0.00    2.0  
 22.2810000  -0.4793055  5.010     18.1338   0.1354   7.5267   -99.9990  -9.9900 -99.9990    -9.990   -9.99   -9.9   -9.990   -9.99   -9.9
 22.4937910  -0.5943611  5.780    -99.9990  -9.9900 -99.9990   -99.9990  -9.9900 -99.9990    -9.990   -9.99   -9.9   -9.990   -9.99   -9.9
 22.8639166  -3.3500527  5.180     14.5423   0.0071 152.6593    13.8866   0.0136  79.5241    11.446    0.17    6.2    8.492    0.00    1.9  
 23.0071000  -2.2675300  5.900     16.5678   0.0341  31.3608    15.4435   0.0478  22.2017    12.014    0.00    1.6    8.731    0.00    1.2  
 23.3618333   1.1104722  5.300     16.8501   0.0471  22.5594    15.8709   0.0756  13.8635    12.439    0.00    0.4    8.829    0.00    0.3  
 24.0132080   2.4349166  6.210    -99.9990  -9.9900 -99.9990   -99.9990  -9.9900 -99.9990    -9.990   -9.99   -9.9   -9.990   -9.99   -9.9
 25.2376400 -11.6831900  5.850     16.7651   0.0408  26.0963    15.9010   0.0706  14.8805    12.260    0.43    2.5    8.483    0.00    1.8  
 25.6821972 -33.4626300  6.310     16.1295   0.0217  49.4378    15.3628   0.0403  26.4379    12.582    0.43    2.5    8.716    0.00    1.6  
 25.7926667 -55.7529667  6.250     17.0695   0.0404  26.3536    15.9281   0.0543  19.4965    12.269    0.00    1.5    9.177    0.00   -0.9  
 27.1568128   6.0055734  5.980     16.1075   0.0238  45.1130    15.3565   0.0462  23.0269    12.175    0.30    3.7    8.964    0.39    2.8  
 28.8886666   4.2518725  5.350     16.1298   0.0253  42.4290    15.2665   0.0432  24.6537    12.306    0.00    1.1    8.367    0.00    1.9  
 29.4393750  30.0196333  5.630     15.4420   0.0137  78.5532    14.6582   0.0255  42.1191    11.938    0.00    1.5    8.545    0.00    0.9  
 29.5172600 -29.0886800  5.990     16.2492   0.0257  41.6798    15.4980   0.0481  22.0779    12.011    0.29    3.8    8.506    0.00    1.7  
 29.9915479 -36.5657230  6.020     16.6077   0.0323  33.0647    15.9128   0.0645  16.3319    12.619    0.00    0.3    8.763    0.00    1.3  
 30.7425417  -2.8648889  6.030    -99.9990  -9.9900 -99.9990   -99.9990  -9.9900 -99.9990    -9.990   -9.99   -9.9   -9.990   -9.99   -9.9
 30.8849155   0.2081304  5.720     16.5206   0.0342  31.2343    15.8785   0.0720  14.5933    12.319    0.40    2.7    9.065    0.00    0.2  
 31.4442916  -9.9232500  5.370    -99.9990  -9.9900 -99.9990   -99.9990  -9.9900 -99.9990    -9.990   -9.99   -9.9   -9.990   -9.99   -9.9
 31.5466667  -2.9271667  6.030    -99.9990  -9.9900 -99.9990   -99.9990  -9.9900 -99.9990    -9.990   -9.99   -9.9   -9.990   -9.99   -9.9
 32.0179583  -1.2095277  5.230     18.0072   0.1204   8.5237   -99.9990  -9.9900 -99.9990    12.852    0.00   -0.8    9.208    0.00   -1.0  
 32.5549580  -4.9391388  6.430    -99.9990  -9.9900 -99.9990   -99.9990  -9.9900 -99.9990    -9.990   -9.99   -9.9   -9.990   -9.99   -9.9
 32.7361249   0.0513056  5.050     16.9146   0.0455  23.3466    16.0819   0.0833  12.5420    12.533    0.37    2.9    9.110    0.54    2.0  
 32.9355417  -2.0510833  6.370     17.7414   0.0922  11.2853   -99.9990  -9.9900 -99.9990    -9.990   -9.99   -9.9   -9.990   -9.99   -9.9
 33.3205833  -6.4375556  6.720    -99.9990  -9.9900 -99.9990   -99.9990  -9.9900 -99.9990    -9.990   -9.99   -9.9   -9.990   -9.99   -9.9
 33.8469583  -5.4960556  5.130     17.8436   0.1012  10.2318    16.8759   0.1636   6.1474    -9.990   -9.99   -9.9   -9.990   -9.99   -9.9
 34.1006666  23.0692972  5.260     16.4575   0.0334  32.0290    15.7109   0.0648  16.2647    11.683    0.00    1.9    8.631    0.00    1.3  
 34.1158750  -4.9261388  6.010    -99.9990  -9.9900 -99.9990   -99.9990  -9.9900 -99.9990    -9.990   -9.99   -9.9   -9.990   -9.99   -9.9
 34.1618750 -52.4390556  6.410     17.5596   0.0583  18.1170   -99.9990  -9.9900 -99.9990    12.890    0.00   -0.1    8.716    0.00    1.4  
 34.3399583  -2.1479444  6.200    -99.9990  -9.9900 -99.9990   -99.9990  -9.9900 -99.9990    -9.990   -9.99   -9.9   -9.990   -9.99   -9.9
 34.5878333  -0.4626946  5.110     17.5400   0.0820  12.7457    16.7926   0.1554   6.5003    12.214    0.00    1.6    8.718    0.00    1.0  
 35.1238333  -4.5344444  5.900    -99.9990  -9.9900 -99.9990   -99.9990  -9.9900 -99.9990    -9.990   -9.99   -9.9   -9.990   -9.99   -9.9
 35.3013333  -3.7087778  5.020     18.3848   0.1646   6.1109   -99.9990  -9.9900 -99.9990    -9.990   -9.99   -9.9   -9.990   -9.99   -9.9
 35.3025416  -3.7145000  5.020     16.3099   0.0280  38.2857    15.7013   0.0606  17.4172    12.273    0.00    1.6    8.928    0.00    0.9  
 35.3446250  -8.0476388  6.160     18.0484   0.1184   8.6810    17.0536   0.1865   5.3356    -9.990   -9.99   -9.9   -9.990   -9.99   -9.9
 36.5078068   3.0498383  6.540     16.6574   0.0382  27.9130    16.1818   0.0930  11.1871    12.030    0.00    2.0    8.943    0.00    0.3  
 36.9303750  -6.0917222  6.200    -99.9990  -9.9900 -99.9990   -99.9990  -9.9900 -99.9990    -9.990   -9.99   -9.9   -9.990   -9.99   -9.9
 37.5094583   0.7796667  5.410    -99.9990  -9.9900 -99.9990   -99.9990  -9.9900 -99.9990    -9.990   -9.99   -9.9   -9.990   -9.99   -9.9
 37.9068333  -7.4817778  5.370     15.9864   0.0203  53.1188    15.0055   0.0316  33.9022    12.098    0.00    1.9    9.183    0.00    0.6  
 37.9706570 -28.8389110  6.000     17.6440   0.0786  13.3226    16.7487   0.1347   7.5699    11.937    0.00    2.0    8.670    0.00    1.1  
 38.9267500  -5.5448889  6.090    -99.9990  -9.9900 -99.9990   -99.9990  -9.9900 -99.9990    -9.990   -9.99   -9.9   -9.990   -9.99   -9.9
 39.8760000  -0.7514999  5.820    -99.9990  -9.9900 -99.9990   -99.9990  -9.9900 -99.9990    -9.990   -9.99   -9.9   -9.990   -9.99   -9.9
 40.0159141  17.5458093  5.680     17.5445   0.0832  12.5493   -99.9990  -9.9900 -99.9990    -9.990   -9.99   -9.9   -9.990   -9.99   -9.9
 40.4705000   4.5981833  5.220     16.2017   0.0260  41.2219    15.5296   0.0546  19.4053    12.296    0.40    2.7    8.422    0.00    1.7  
 41.0000000 -50.1333333  6.740    -99.9990  -9.9900 -99.9990   -99.9990  -9.9900 -99.9990    -9.990   -9.99   -9.9   -9.990   -9.99   -9.9
 36.1105700 -47.1914900  6.500     16.1142   0.0187  57.5114    15.4214   0.0364  29.3617    12.727    0.00    0.4    9.120    0.00    0.3  
 41.7329167 -52.3305278  6.870     17.4638   0.0532  19.9196    16.9382   0.1241   8.2560    -9.990   -9.99   -9.9   -9.990   -9.99   -9.9
 42.6690900  -2.9174500  5.890     17.8810   0.1110   9.2907   -99.9990  -9.9900 -99.9990    11.538    0.00    1.8    8.425    0.00   -0.2  
 42.8388749   3.5548388  5.000     15.6994   0.0167  64.4479    14.9963   0.0323  33.1072    11.815    0.24    4.5    9.202    0.00   -0.2  
 43.0693333  -5.0588333  7.020     17.4108   0.0741  14.1509    16.9059   0.1771   5.6436    12.539    0.00    0.2    9.020    0.00    0.3  
 45.1840820 -22.5408850  5.680     16.1950   0.0250  42.9978    15.7815   0.0600  17.6125    -9.990   -9.99   -9.9   -9.990   -9.99   -9.9
 45.3208749   0.3405556  5.500    -99.9990  -9.9900 -99.9990   -99.9990  -9.9900 -99.9990    -9.990   -9.99   -9.9   -9.990   -9.99   -9.9
 45.8808330  -0.3202499  6.080    -99.9990  -9.9900 -99.9990    16.6054   0.1345   7.5842    -9.990   -9.99   -9.9   -9.990   -9.99   -9.9
 46.3204830 -31.8488610  6.610     17.4706   0.0637  16.5516    16.8853   0.1386   7.3433    12.842    0.00    0.4    8.984    0.00    0.9  
 46.6771250  18.8877361  5.360     14.2731   0.0062 173.5226    13.4583   0.0103 105.2480    10.507    0.10   11.5    7.586    0.16    7.0  
 49.2077910 -13.6756380  5.990    -99.9990  -9.9900 -99.9990   -99.9990  -9.9900 -99.9990    -9.990   -9.99   -9.9   -9.990   -9.99   -9.9
 49.2934283 -26.5543637  5.940     17.9278   0.0985  10.5344   -99.9990  -9.9900 -99.9990    12.931    0.00    0.6    9.588    0.00   -0.7  
 49.9235833 -10.1461111  6.830     17.1023   0.0507  20.9334    16.0957   0.0788  13.2901    12.124    0.00    0.9    8.900    0.00   -0.9  
 50.4794583   0.4948335  5.040    -99.9990  -9.9900 -99.9990   -99.9990  -9.9900 -99.9990    -9.990   -9.99   -9.9   -9.990   -9.99   -9.9
 50.9180833 -47.0222583  6.250     17.9028   0.0765  13.7039    17.1598   0.1460   6.9481    12.716    0.00    0.7    9.012    0.00    0.9  
 52.1479420 -32.8896780  5.860     16.9785   0.0413  25.7967    16.1180   0.0708  14.8477    12.961    0.00    0.7    9.281    0.00    0.8  
 52.6163333 -40.4212222  6.250     17.4960   0.0602  17.5352   -99.9990  -9.9900 -99.9990    -9.990   -9.99   -9.9   -9.990   -9.99   -9.9
 53.9605244 -15.7956943  5.870     17.7454   0.0881  11.8349    16.6231   0.1201   8.5490    -9.990   -9.99   -9.9   -9.990   -9.99   -9.9
 54.6221249   0.3656388  5.030     16.7812   0.0426  24.9908    16.1741   0.0935  11.1145    12.064    0.00    0.7    8.896    0.00    0.6  
 55.4243750  -0.8035444  5.680     17.2734   0.0640  16.4698    16.5345   0.1249   8.2001    -9.990   -9.99   -9.9   -9.990   -9.99   -9.9
 56.7168500 -16.4769100  5.990     16.6386   0.0349  30.6365    15.7132   0.0567  18.6522    12.635    0.00   -1.1    9.023    0.00   -0.2  
 57.4974999   0.5676388  5.200     18.1237   0.1447   7.0153   -99.9990  -9.9900 -99.9990    -9.990   -9.99   -9.9   -9.990   -9.99   -9.9
 58.4572136   1.0679614  6.070     16.8637   0.0474  22.4250    16.3057   0.1046   9.8886    11.920    0.00    1.5    8.348    0.00    1.0  
 60.5528945  24.8567857  6.180     16.5131   0.0361  29.5692    15.8790   0.0756  13.8774    12.019    0.00    0.9    8.838    0.00    0.3  
 62.0801250 -56.5413389  6.030     17.3748   0.0418  25.4682    16.5722   0.0755  13.8923    12.756    0.00    1.2    9.483    0.00    0.3  
 62.5134583 -44.2446389  6.210     17.3948   0.0499  21.2459    16.9291   0.1200   8.5587    12.970    0.00    0.5    9.037    0.00    0.8  
 62.8692910  -9.1305000  6.810     16.8247   0.0429  24.8148    16.0512   0.0786  13.3142    12.622    0.00   -0.8    8.746    0.00    0.5  
 65.0472500 -44.8899444  6.070     17.3254   0.0452  23.5294    16.4940   0.0799  13.0909    12.428    0.00    1.6    9.055    0.00    0.7  
 65.4085370 -26.9543351  6.140     16.3072   0.0257  41.8207    15.8590   0.0618  17.0636    12.766    0.53    2.0    8.611    0.00    1.3  
 65.5041465 -19.4579685  6.120     16.0220   0.0210  51.1906    15.0467   0.0319  33.5141    12.070    0.31    3.5    8.894    0.43    2.5  
 69.9461660  16.5710277  6.510     13.9821   0.0051 212.3651    13.2759   0.0090 120.1732    10.276    0.09   12.4    7.165    0.12    8.7  
 71.0322143  -4.5591868  5.890     17.3541   0.0624  16.9150    16.7159   0.1327   7.6931    -9.990   -9.99   -9.9   -9.990   -9.99   -9.9
 71.4507500  -2.3332900  5.690     16.2425   0.0248  43.2436    15.6753   0.0565  18.7382    11.681    0.00    1.3    8.669    0.48    2.3  
 73.5074500 -44.8086400  6.090     17.1742   0.0396  26.8998    16.5425   0.0825  12.6705    12.573    0.00    1.0    8.645    0.00    2.0  
 75.9356600  -7.5061300  5.880     17.1667   0.0575  18.3772    16.4986   0.1129   9.1299    11.847    0.32    3.4    8.154    0.00    1.6  
 89.9394446 -15.5833895  6.050     15.5151   0.0141  76.7374    14.5213   0.0204  52.6870    12.067    0.28    3.9    9.030    0.00    0.3  
106.6099580  29.3515277  6.580     15.9408   0.0220  48.8152    15.3470   0.0464  22.9085    12.427    0.48    2.2    8.537    0.34    3.2  
108.4429416   8.9257369  5.920     16.0183   0.0231  46.4520    15.1230   0.0386  27.5979    12.528    0.54    2.0    8.303    0.00    1.1  
112.7630300  44.9970700  5.010     15.9182   0.0201  53.4560    15.3860   0.0443  23.9944    11.792    0.25    4.4    8.309    0.00    1.7  
115.4780000  25.3415694  5.190     14.7280   0.0086 125.4479    13.8709   0.0139  77.5181    11.590    0.24    4.5    8.373    0.34    3.2  
116.9549166  11.8979055  5.260     14.5937   0.0076 141.7307    13.7802   0.0127  85.0517    11.358    0.22    5.0    8.786    0.51    2.1  
119.0755812  41.0690592  5.060     16.8361   0.0447  23.8204    16.1390   0.0871  11.9701    11.856    0.00    1.7    8.629    0.00    1.1  
120.7725830  31.6428333  6.380     16.9738   0.0527  20.1150    16.4641   0.1229   8.3425    12.053    0.00    0.8    8.709    0.40    2.7  
122.7263086  51.0944730  5.820     16.8969   0.0442  24.0909    16.1582   0.0845  12.3525    12.362    0.00    0.7    8.995    0.00    0.1  
123.2034166   4.6823722  5.290     16.3326   0.0301  35.6341    15.4131   0.0507  20.9344    12.436    0.00   -0.1    8.683    0.00   -0.7  
124.6141845  17.3811127  6.020     15.6122   0.0170  63.2628    14.8751   0.0316  33.8409    -9.990   -9.99   -9.9   -9.990   -9.99   -9.9
126.2250634  13.0380490  5.150     16.5212   0.0367  29.0552    15.6192   0.0616  17.1252    11.942    0.00    1.1    8.156    0.00    1.5  
127.0558622  26.5654140  6.050     16.7144   0.0416  25.6121    16.0946   0.0886  11.7613    -9.990   -9.99   -9.9   -9.990   -9.99   -9.9
127.2817406   3.0657009  5.850     17.4249   0.0712  14.7599    16.5593   0.1281   7.9863    12.447    0.00    0.0    8.500    0.00    0.7  
127.3832080  41.2945555  6.770     17.2460   0.0609  17.3209    16.6034   0.1283   7.9744    12.464    0.00    0.2    9.025    0.00    0.1  
127.3879166  25.1126667  5.350     16.7066   0.0417  25.5520    15.8611   0.0758  13.8362    11.625    0.00    1.9    8.240    0.00    1.6  
128.3235833  27.4413889  5.020     17.1091   0.0581  18.2059    16.6346   0.1466   6.9181    11.936    0.00    1.4    8.795    0.00    0.4  
128.5036667   2.1963611  6.150    -99.9990  -9.9900 -99.9990   -99.9990  -9.9900 -99.9990    -9.990   -9.99   -9.9   -9.990   -9.99   -9.9
128.8573333  32.2979444  5.890     18.0212   0.1257   8.1457    16.8501   0.1706   5.8792    -9.990   -9.99   -9.9   -9.990   -9.99   -9.9
128.9765132   5.6314046  5.070     16.4048   0.0302  35.3899    15.7400   0.0640  16.4735    -9.990   -9.99   -9.9   -9.990   -9.99   -9.9
129.1827665   0.9147934  5.810     15.2677   0.0120  89.9035    14.4345   0.0207  52.0419    12.571    0.53    2.0    9.006    0.00    0.0  
129.4076660  49.4834444  6.710     17.2543   0.0611  17.2817    16.0040   0.0743  14.1197    12.578    0.00    0.4    9.155    0.00   -0.2  
129.9453330  39.0031944  6.910     16.4210   0.0312  34.2581    15.6984   0.0609  17.3271    12.247    0.00    0.6    8.586    0.00    0.7  
129.9806500   0.2650583  5.840     17.6069   0.0866  12.0383    16.9208   0.1696   5.9145    12.462    0.50    2.2    8.957    0.00   -0.5  
130.1462615  56.4056176  5.840     16.8173   0.0422  25.2109    16.1939   0.0852  12.2506    12.361    0.00    0.1    8.473    0.00    1.5  
130.3313231  29.0845966  5.980     17.1866   0.0650  16.2100    16.4011   0.1200   8.5606    12.288    0.00    0.4    9.073    0.00   -1.5  
130.6226384  12.3140508  6.070     16.3351   0.0292  36.7263    15.7472   0.0670  15.7124    12.353    0.43    2.5    9.022    0.00    0.0  
131.0358750  -1.5379167  6.180    -99.9990  -9.9900 -99.9990   -99.9990  -9.9900 -99.9990    -9.990   -9.99   -9.9   -9.990   -9.99   -9.9
131.1316666  -0.8818333  6.250    -99.9990  -9.9900 -99.9990   -99.9990  -9.9900 -99.9990    -9.990   -9.99   -9.9   -9.990   -9.99   -9.9
131.6160038   8.0143655  5.000     16.9038   0.0471  22.5659    16.3865   0.1098   9.3952    12.093    0.00    0.7    8.741    0.00    0.3  
132.6173333  -5.1019167  5.360     17.4382   0.0761  13.7799    16.3371   0.1026  10.0950    -9.990   -9.99   -9.9   -9.990   -9.99   -9.9
132.7010255  32.7799831  5.870     16.7028   0.0386  27.6055    15.9698   0.0775  13.5210    11.959    0.00    1.0    8.592    0.00    1.3  
133.4535000   1.6530555  6.010    -99.9990  -9.9900 -99.9990   -99.9990  -9.9900 -99.9990    -9.990   -9.99   -9.9   -9.990   -9.99   -9.9
133.6265512  20.9474547  5.170     16.2390   0.0274  39.0956    15.4875   0.0555  19.0652    11.648    0.00    1.9    8.842    0.00   -1.2  
134.4105416   0.9368611  6.350    -99.9990  -9.9900 -99.9990   -99.9990  -9.9900 -99.9990    -9.990   -9.99   -9.9   -9.990   -9.99   -9.9
134.5562917   0.0158611  5.990     18.3912   0.1672   6.0078   -99.9990  -9.9900 -99.9990    -9.990   -9.99   -9.9   -9.990   -9.99   -9.9
134.7799583   0.3821944  6.390    -99.9990  -9.9900 -99.9990   -99.9990  -9.9900 -99.9990    -9.990   -9.99   -9.9   -9.990   -9.99   -9.9
135.3860431  16.2518985  5.630     17.6226   0.0938  11.0815   -99.9990  -9.9900 -99.9990    -9.990   -9.99   -9.9   -9.990   -9.99   -9.9
135.6906706   8.8544229  5.210     16.7495   0.0428  24.8876    15.8551   0.0721  14.5696    -9.990   -9.99   -9.9   -9.990   -9.99   -9.9
135.7286250   1.9196944  6.010    -99.9990  -9.9900 -99.9990   -99.9990  -9.9900 -99.9990    -9.990   -9.99   -9.9   -9.990   -9.99   -9.9
135.8111666   2.1911944  5.920    -99.9990  -9.9900 -99.9990   -99.9990  -9.9900 -99.9990    -9.990   -9.99   -9.9   -9.990   -9.99   -9.9
135.8704568 -13.8336863  5.910     17.3588   0.0678  15.5158    16.4681   0.1124   9.1678    -9.990   -9.99   -9.9   -9.990   -9.99   -9.9
136.4360416   3.0163333  6.270    -99.9990  -9.9900 -99.9990   -99.9990  -9.9900 -99.9990    -9.990   -9.99   -9.9   -9.990   -9.99   -9.9
136.6281250  69.5085555  5.470     16.6990   0.0335  31.8952    15.8171   0.0557  18.9834    12.692    0.49    2.2    8.628    0.00    1.4  
137.3395833   4.6785833  6.150    -99.9990  -9.9900 -99.9990   -99.9990  -9.9900 -99.9990    -9.990   -9.99   -9.9   -9.990   -9.99   -9.9
137.5567910  16.9416111  6.720     17.5037   0.0821  12.7327   -99.9990  -9.9900 -99.9990    12.411    0.00    0.3    9.059    0.00    0.0  
137.7272080  -4.2352222  6.630     16.8579   0.0433  24.5681    15.9898   0.0748  14.0162    12.314    0.00    0.3    9.134    0.00   -0.9  
137.8094583   1.8720556  6.070    -99.9990  -9.9900 -99.9990   -99.9990  -9.9900 -99.9990    -9.990   -9.99   -9.9   -9.990   -9.99   -9.9
138.3189635  59.3226888  5.120     17.0770   0.0498  21.3165   -99.9990  -9.9900 -99.9990    -9.990   -9.99   -9.9   -9.990   -9.99   -9.9
138.9318420  49.4046241  5.190     16.4674   0.0307  34.8542    15.6236   0.0539  19.6502    12.421    0.44    2.5    8.807    0.00    0.5  
139.4914907  38.5111550  5.110     17.5866   0.0782  13.3933    16.8581   0.1558   6.4795    12.636    0.00   -0.4    8.788    0.00   -0.8  
139.6382083   1.6564722  6.190    -99.9990  -9.9900 -99.9990   -99.9990  -9.9900 -99.9990    -9.990   -9.99   -9.9   -9.990   -9.99   -9.9
140.3356667   0.1230278  6.560     17.3891   0.0733  14.3107   -99.9990  -9.9900 -99.9990    -9.990   -9.99   -9.9   -9.990   -9.99   -9.9
140.5700563  26.8997376  5.050     17.0321   0.0522  20.3008    16.6043   0.1319   7.7393    11.937    0.00    0.9    8.730    0.00   -0.2  
140.9032672  30.1637729  5.070     17.4799   0.0754  13.9035    16.6161   0.1320   7.7345    -9.990   -9.99   -9.9   -9.990   -9.99   -9.9
140.9463333   4.0484444  6.600     16.5313   0.0351  30.4439    15.7683   0.0660  15.9651    11.955    0.00    1.3    8.404    0.00    1.2  
141.8409198  20.0232334  5.770     16.9077   0.0491  21.6287    16.5788   0.1417   7.1728    11.858    0.00    1.6    8.425    0.00    1.0  
143.2073307  12.3682803  5.020    -99.9990  -9.9900 -99.9990    16.5370   0.1277   8.0113    -9.990   -9.99   -9.9   -9.990   -9.99   -9.9
143.8471250  -2.1317778  5.320     16.8465   0.0461  23.0730    16.0548   0.0839  12.4508    12.603    0.00   -0.1    9.155    0.00   -1.0  
147.2306816  21.1087694  5.170     17.1137   0.0583  18.1177    16.4735   0.1234   8.3054    12.281    0.00    0.2    8.760    0.00    0.0  
149.2819880   6.1832069  5.140     16.0337   0.0226  47.5937    15.4645   0.0506  20.9504    11.918    0.00    1.8    8.434    0.00    1.4  
149.3008333  10.2718055  5.140     17.2231   0.0630  16.7483    16.5319   0.1261   8.1210    12.178    0.41    2.6    8.857    0.51    2.1  
149.3661115   5.3181323  5.180     16.8768   0.0467  22.7286    16.4162   0.1147   8.9768    -9.990   -9.99   -9.9   -9.990   -9.99   -9.9
149.4182917   0.8926667  6.050    -99.9990  -9.9900 -99.9990   -99.9990  -9.9900 -99.9990    -9.990   -9.99   -9.9   -9.990   -9.99   -9.9
149.5584510  35.4135633  5.120     16.6844   0.0360  29.6245    16.2647   0.0930  11.1866    -9.990   -9.99   -9.9   -9.990   -9.99   -9.9
149.7837500   2.4520444  5.070    -99.9990  -9.9900 -99.9990   -99.9990  -9.9900 -99.9990    -9.990   -9.99   -9.9   -9.990   -9.99   -9.9
150.1823993  21.0574094  5.070     16.5737   0.0372  28.7173    15.8464   0.0719  14.6049    12.176    0.45    2.4    8.443    0.00    1.2  
150.2145833   2.5826333  5.300    -99.9990  -9.9900 -99.9990   -99.9990  -9.9900 -99.9990    -9.990   -9.99   -9.9   -9.990   -9.99   -9.9
151.0056667   2.6585278  6.410    -99.9990  -9.9900 -99.9990   -99.9990  -9.9900 -99.9990    -9.990   -9.99   -9.9   -9.990   -9.99   -9.9
151.5608750  -3.1751111  5.550     16.2870   0.0276  38.8146    15.5015   0.0527  20.1127    12.305    0.00    0.2    8.400    0.00    1.4  
153.4013916  42.6740006  5.030     17.2020   0.0527  20.1188    16.7869   0.1380   7.3769    11.978    0.00    1.7    8.608    0.00    1.2  
155.5079583   8.0228333  5.360     15.9562   0.0230  46.8102    14.8929   0.0323  33.1593    11.474    0.22    5.0    8.411    0.00    0.7  
155.5418621  22.8737350  5.470     15.8015   0.0179  60.1787    14.8318   0.0284  37.7024    12.448    0.49    2.2    8.522    0.00    0.4  
156.5984527  25.7165127  5.250     16.6887   0.0385  27.6792    15.7094   0.0619  17.0591    12.076    0.00    0.7    8.444    0.00    1.5  
157.1393988   7.7719322  5.150     16.8782   0.0477  22.2613    16.1813   0.1011  10.2496    12.058    0.00    0.4    8.302    0.00    0.8  
157.6129585   5.4152946  6.310     16.5129   0.0356  29.9808    15.7341   0.0670  15.7063    12.050    0.00    0.8    8.484    0.00    0.7  
157.9070364  -2.6599073  5.880     16.9497   0.0485  21.8707    16.2136   0.0975  10.6433    12.007    0.00    1.3    9.017    0.00   -0.2  
158.5597083  57.3743611  5.400    -99.9990  -9.9900 -99.9990   -99.9990  -9.9900 -99.9990    -9.990   -9.99   -9.9   -9.990   -9.99   -9.9
158.5777050  20.5500594  5.010     15.8253   0.0192  55.9378    15.1333   0.0387  27.5490    11.974    0.34    3.2    8.418    0.44    2.5  
158.6938000 -14.4211000  6.070     15.9470   0.0214  50.2652    15.1857   0.0402  26.4836    11.421    0.18    5.9    8.148    0.00    2.0  
159.2257910  -2.5438734  6.380     16.8303   0.0458  23.2103    15.7125   0.0637  16.5463    12.475    0.51    2.1    8.898    0.00   -0.4  
160.2025000 -11.9306111  5.440    -99.9990  -9.9900 -99.9990   -99.9990  -9.9900 -99.9990    -9.990   -9.99   -9.9   -9.990   -9.99   -9.9
160.8966374  10.1762712  5.080     17.8461   0.1129   9.1266    16.7764   0.1670   6.0127    12.441    0.00    0.0    8.719    0.00   -0.7  
161.1376700  -1.4172777  5.780     16.2186   0.0261  41.0786    15.5956   0.0563  18.8022    12.453    0.52    2.1    9.018    0.54    2.0  
162.0829167  -1.1611694  6.630     15.6791   0.0171  62.8259    15.5253   0.0539  19.6557    11.968    0.00    0.9    8.932    0.00   -0.5  
162.1530410  33.6632388  5.610     17.3077   0.0609  17.3222    16.5625   0.1179   8.7161    12.293    0.00    0.6    9.010    0.00   -0.3  
162.1877710  46.6218184  6.230     16.2526   0.0246  43.7052    15.7205   0.0554  19.0951    12.052    0.00    1.8    8.661    0.00    0.9  
162.6519480  58.0735236  5.160     16.5020   0.0286  37.4960    15.6479   0.0495  21.4170    12.735    0.53    2.1    9.140    0.00    0.0  
163.3457870  58.0700362  5.260     16.6747   0.0328  32.5856    15.9907   0.0655  16.0700    12.223    0.00    1.4    8.908    0.34    3.2  
163.5221660  46.6250694  5.470     16.7037   0.0351  30.4370    15.9490   0.0648  16.2533    12.147    0.00    1.6    8.815    0.36    3.0  
163.6892965  16.5603856  5.130     16.0056   0.0226  47.4722    15.2984   0.0451  23.5912    -9.990   -9.99   -9.9   -9.990   -9.99   -9.9
164.8692000  -9.1056666  5.920     17.5507   0.0795  13.1716    16.7578   0.1489   6.8031    12.396    0.50    2.2    8.315    0.00    1.5  
165.3931661   5.5260737  5.000     16.5855   0.0386  27.6267    16.1400   0.0947  10.9685    11.882    0.00    1.2    8.533    0.44    2.5  
166.0899580  21.5746666  6.740     17.2253   0.0594  17.7893    16.5316   0.1239   8.2695    12.650    0.00   -1.2    8.858    0.00   -0.7  
167.4726271  56.9521143  5.950     17.8515   0.0865  12.0577   -99.9990  -9.9900 -99.9990    -9.990   -9.99   -9.9   -9.990   -9.99   -9.9
167.6415660 -13.4959995  6.510     17.7961   0.1026  10.0879   -99.9990  -9.9900 -99.9990    -9.990   -9.99   -9.9   -9.990   -9.99   -9.9
169.8360000  34.8800300  5.010     16.7655   0.0371  28.7882    16.0620   0.0732  14.3352    12.295    0.00    0.8    8.618    0.00    0.7  
170.0061600   6.6900833  7.080     16.9385   0.0497  21.3429    16.4745   0.1274   8.0317    12.352    0.00    0.2    8.200    0.00    1.0  
170.7085131  13.7101245  5.190     17.4733   0.0774  13.5261    16.7858   0.1571   6.4247    12.516    0.00   -0.4    8.639    0.00    0.9  
170.7964583  -0.7385111  5.000     17.1031   0.0577  18.3152    16.4358   0.1179   8.7175    12.175    0.00    0.6    8.921    0.00   -1.7  
171.3171439  44.8124751  5.110     16.0855   0.0208  51.8345    15.4124   0.0416  25.6196    12.463    0.39    2.8    8.349    0.00    1.8  
171.6582060  17.5829312  5.220     16.6707   0.0385  27.7134    15.8863   0.0725  14.4857    11.831    0.00    1.0    8.635    0.00    0.5  
172.1770011  26.8866654  5.770     17.1618   0.0549  19.2645    16.5996   0.1252   8.1808    12.305    0.00    0.6    8.402    0.00   -0.3  
172.2410328  57.9860676  5.000     16.5220   0.0296  36.1632    15.9675   0.0655  16.0746    12.429    0.38    2.9    9.044    0.00    0.1  
173.1937500  12.1504722  5.170     16.0284   0.0223  48.1455    15.2574   0.0436  24.4054    11.726    0.29    3.8    8.391    0.00    1.2  
173.2865833  16.0654722  5.610     16.3241   0.0278  38.5224    15.6342   0.0573  18.4366    12.099    0.00    1.3    8.803    0.00    0.1  
173.5592917   8.4814722  5.690     16.3810   0.0325  32.8661    15.1294   0.0403  26.4632    12.244    0.41    2.7    8.204    0.00    1.4  
173.7872080  50.1924999  6.580     17.2323   0.0515  20.5820    16.4588   0.0961  10.8010    12.268    0.00    1.2    8.749    0.00    0.8  
174.3238678  35.8324586  6.030     16.4334   0.0280  38.2632    15.7254   0.0568  18.6311    11.931    0.00    1.2    8.726    0.00    0.8  
174.7920407 -12.2845492  5.810     17.1272   0.0563  18.7819    16.5593   0.1348   7.5639    12.504    0.00    0.0    8.716    0.00    0.1  
175.4091843 -20.2654580  5.690     16.7802   0.0426  25.0117    15.8649   0.0730  14.3779    12.051    0.00    0.3    8.114    0.00    0.7  
175.9097797  38.1413398  5.800     16.8775   0.0400  26.6653    16.1355   0.0774  13.5281    12.801    0.00   -0.2    8.957    0.00    0.2  
176.6360833  -1.9106389  6.160     17.0706   0.0572  18.4912    16.6013   0.1389   7.3297    12.522    0.00   -1.0    8.999    0.00    0.0  
176.7017500   1.4055833  6.270    -99.9990  -9.9900 -99.9990   -99.9990  -9.9900 -99.9990    -9.990   -9.99   -9.9   -9.990   -9.99   -9.9
176.7408000  40.6190700  5.010     15.8937   0.0177  60.8771    15.1753   0.0335  31.8875    12.140    0.00    1.8    8.550    0.00    1.1  
176.7453750  -0.0938056  6.300    -99.9990  -9.9900 -99.9990   -99.9990  -9.9900 -99.9990    -9.990   -9.99   -9.9   -9.990   -9.99   -9.9
176.7767083  -1.1661667  5.310     16.4862   0.0345  30.9697    15.7929   0.0690  15.2322    11.947    0.34    3.2    8.691    0.42    2.6  
177.0137037   7.0356349  6.340     16.5559   0.0359  29.7832    15.6853   0.0618  17.0655    12.086    0.00    0.6    8.242    0.00    1.9  
177.0675400  52.8942500  5.700     18.3618   0.1325   7.7051   -99.9990  -9.9900 -99.9990    -9.990   -9.99   -9.9   -9.990   -9.99   -9.9
177.0693757  52.8639986  6.420     16.0627   0.0194  55.3836    15.4276   0.0395  27.0171    12.558    0.45    2.4    8.906    0.47    2.3  
177.1090253  30.3386968  5.130     16.9210   0.0438  24.2845    16.3528   0.0986  10.5203    12.245    0.00    0.9    8.612    0.00    0.9  
177.1382500   0.9450722  5.840     18.2225   0.1524   6.6352   -99.9990  -9.9900 -99.9990    -9.990   -9.99   -9.9   -9.990   -9.99   -9.9
177.4435417   7.8140555  5.660     17.3487   0.0725  14.4806    16.1907   0.0972  10.6751    12.547    0.00   -0.8    8.279    0.00    1.4  
178.0886300   0.9268583  6.370    -99.9990  -9.9900 -99.9990   -99.9990  -9.9900 -99.9990    -9.990   -9.99   -9.9   -9.990   -9.99   -9.9
178.5594134 -12.1881893  5.830     17.4293   0.0731  14.3621    16.6294   0.1428   7.1152    -9.990   -9.99   -9.9   -9.990   -9.99   -9.9
178.5829944  23.5659084  5.010     16.8101   0.0393  27.1064    15.9278   0.0699  15.0324    12.507    0.50    2.2    8.219    0.00    2.0  
178.6030599  13.6960522  5.000     16.7601   0.0419  25.4180    16.1002   0.0876  11.9084    12.559    0.00   -0.2    8.818    0.00   -1.3  
179.4516096   6.6199816  5.140     16.9730   0.0519  20.4348    16.4107   0.1178   8.7227    12.135    0.00    1.0    8.826    0.00    0.0  
180.2625833   1.5656667  6.060    -99.9990  -9.9900 -99.9990   -99.9990  -9.9900 -99.9990    -9.990   -9.99   -9.9   -9.990   -9.99   -9.9
180.5324218  32.5941100  5.260     15.9851   0.0196  54.9676    15.2632   0.0377  28.3095    12.420    0.51    2.1    9.057    0.54    2.0  
180.6932083  -0.9504722  5.930    -99.9990  -9.9900 -99.9990   -99.9990  -9.9900 -99.9990    -9.990   -9.99   -9.9   -9.990   -9.99   -9.9
181.1738947  -0.3637859  5.090     16.1840   0.0265  40.4564    15.2907   0.0466  22.8287    12.083    0.34    3.2    8.116    0.00    1.9  
181.2712417  -0.0077694  6.750     17.4534   0.0761  13.7710    16.7814   0.1647   6.1040    12.558    0.00   -0.1    8.829    0.00    0.3  
181.9059988   6.5028433  6.040     17.1451   0.0609  17.3240    16.3949   0.1200   8.5558    12.039    0.00    1.0    8.215    0.00    1.2  
181.9755833  -0.0981389  6.010    -99.9990  -9.9900 -99.9990   -99.9990  -9.9900 -99.9990    -9.990   -9.99   -9.9   -9.990   -9.99   -9.9
182.0992500   0.1743611  5.270     17.9114   0.1163   8.8404   -99.9990  -9.9900 -99.9990    -9.990   -9.99   -9.9   -9.990   -9.99   -9.9
182.2194450  21.1761023  5.060     16.0732   0.0220  48.9259    15.4256   0.0458  23.1909    12.348    0.00    0.6    8.505    0.00    0.7  
182.2467917  -2.0096667  6.200     18.1595   0.1379   7.3812   -99.9990  -9.9900 -99.9990    12.012    0.46    2.4   -9.990   -9.99   -9.9
182.3499583  -0.1129167  5.860     17.4358   0.0755  13.8873   -99.9990  -9.9900 -99.9990    -9.990   -9.99   -9.9   -9.990   -9.99   -9.9
182.4697093  18.5297808  5.150     16.2826   0.0273  39.3027    15.6874   0.0592  17.8570    12.239    0.40    2.7    8.553    0.00    0.9  
183.1124208   5.0926361  6.440     16.9640   0.0496  21.3921    16.4215   0.1220   8.4112    12.503    0.00   -0.4    8.921    0.00   -0.7  
183.2991900 -12.7676240  5.860     16.2643   0.0288  37.2068    15.8622   0.0755  13.8911    12.420    0.00   -0.1    8.914    0.00    0.5  
183.8202986   0.3901834  5.930    -99.9990  -9.9900 -99.9990   -99.9990  -9.9900 -99.9990    -9.990   -9.99   -9.9   -9.990   -9.99   -9.9
184.1149160  45.3196388  6.650     17.3298   0.0558  18.9669    16.4715   0.0970  10.7044    12.624    0.00    0.5    8.999    0.00    0.3  
184.3389334   1.5284636  6.200     17.8362   0.1070   9.6579    16.7334   0.1560   6.4737    12.147    0.00    0.0    8.193    0.00    0.8  
184.5466240  18.1307055  5.300     17.1902   0.0590  17.9046    16.3709   0.1064   9.7157    12.121    0.00    1.1    8.667    0.00    0.8  
184.7722500   0.8437500  6.010    -99.9990  -9.9900 -99.9990   -99.9990  -9.9900 -99.9990    -9.990   -9.99   -9.9   -9.990   -9.99   -9.9
185.4434197  44.7577911  5.190     16.3625   0.0246  43.6976    15.5524   0.0446  23.8690    12.005    0.29    3.7    8.877    0.47    2.3  
185.6581819  19.9785907  5.130     16.3726   0.0289  37.0294    15.8177   0.0660  15.9574    12.633    0.00    0.2    8.323    0.00    1.5  
187.1047900  -2.5609033  5.770     18.3158   0.1620   6.2145   -99.9990  -9.9900 -99.9990    -9.990   -9.99   -9.9   -9.990   -9.99   -9.9
187.3050336   4.3243745  5.890    -99.9990  -9.9900 -99.9990   -99.9990  -9.9900 -99.9990    -9.990   -9.99   -9.9   -9.990   -9.99   -9.9
188.3894733   6.3761650  5.300     16.4516   0.0366  29.1440    15.4065   0.0534  19.8485    -9.990   -9.99   -9.9   -9.990   -9.99   -9.9
189.0252080  46.9569805  5.550     16.5065   0.0284  37.8028    15.5387   0.0444  23.9683    12.319    0.34    3.2    9.095    0.49    2.2  
189.1998333  62.1615556  5.190    -99.9990  -9.9900 -99.9990   -99.9990  -9.9900 -99.9990    -9.990   -9.99   -9.9   -9.990   -9.99   -9.9
190.6996629  52.2185331  5.040     16.4217   0.0246  43.6900    15.7996   0.0513  20.6641    12.482    0.00    0.4    8.638    0.00    1.4  
190.9200541  25.4899697  5.830     16.4669   0.0300  35.6918    15.4976   0.0484  21.9371    12.560    0.00   -0.3    8.808    0.00   -1.0  
192.7163615  31.5060828  6.150     16.3981   0.0276  38.8641    15.3870   0.0426  25.0024    12.115    0.00    1.4    9.020    0.53    2.1  
194.1290326  25.5476238  5.910     16.9980   0.0461  23.0361   -99.9990  -9.9900 -99.9990    -9.990   -9.99   -9.9   -9.990   -9.99   -9.9
194.4894807  63.8269894  6.020     16.9440   0.0358  29.7969    16.3712   0.0793  13.2018    12.517    0.00    0.9    8.758    0.00    1.2  
196.5344701   3.9406556  6.020     16.9620   0.0514  20.6347    16.2260   0.0987  10.5108    12.274    0.38    2.9    9.088    0.00   -0.6  
197.7198013  25.5351885  5.840     17.3774   0.0618  17.0687   -99.9990  -9.9900 -99.9990    12.420    0.00    0.4    8.877    0.00    0.4  
198.6683740  54.5436694  5.520     16.5861   0.0277  38.7284    15.6816   0.0457  23.2456    12.467    0.32    3.4    9.155    0.45    2.4  
199.0339160  10.4757777  6.350     16.5428   0.0334  32.0419    15.7352   0.0613  17.2115    12.716    0.52    2.1    8.934    0.00    0.8  
199.3365833  -2.6536111  5.250     17.3736   0.0716  14.6756    16.5519   0.1286   7.9535    12.749    0.00   -0.2    9.241    0.00   -0.1  
199.7970850   9.8476434  6.130     16.9048   0.0420  25.3555    16.2509   0.0885  11.7754    12.584    0.00    0.7    8.854    0.00    0.5  
201.9221762  57.5439929  5.740     17.2774   0.0466  22.8275    16.2941   0.0734  14.3039    12.862    0.00   -0.6    9.056    0.00    0.5  
203.2393749  22.1433083  5.110     15.6000   0.0143  75.1446    14.9374   0.0287  37.3130    12.172    0.35    3.1    8.484    0.00    1.4  
203.5523482  12.3390862  5.120     16.5575   0.0331  32.2665    15.7268   0.0604  17.4796    12.398    0.37    2.9    8.897    0.00    0.5  
203.9617127  35.5543943  5.900     16.7081   0.0327  32.7056    15.9187   0.0604  17.4937    12.152    0.00    1.5    9.298    0.00   -0.2  
203.9843333  -3.4772778  5.670     15.6339   0.0168  64.2093    14.8419   0.0293  36.6154    12.285    0.34    3.2    8.710    0.00    1.0  
204.3700420  41.9277372  5.030     16.6567   0.0306  34.9453    15.9781   0.0623  16.9446    12.791    0.52    2.1    9.117    0.00    0.2  
205.0626338  39.4418596  5.030     16.2507   0.0225  47.6679    15.5612   0.0441  24.1411    12.649    0.36    3.0    8.894    0.00    1.6  
205.1676667  28.2244889  5.340     16.0776   0.0200  53.7939    15.1029   0.0310  34.5578    12.348    0.34    3.2    9.136    0.49    2.2  
205.4227500  46.1861944  5.020     17.0302   0.0449  23.7126    16.5445   0.1064   9.7127    11.962    0.00    1.8    9.165    0.00    0.2  
205.4750816  35.1682539  5.230     16.3752   0.0255  42.1017    15.5718   0.0458  23.2243    12.130    0.00    1.6    9.236    0.00   -0.2  
205.5337500   9.4773889  7.540     17.6247   0.0797  13.1330    16.9785   0.1697   5.9104    12.834    0.50    2.2    9.256    0.00   -1.1  
206.3609268  23.4970482  5.060     15.6542   0.0147  73.2285    15.0861   0.0314  34.0692    11.573    0.15    7.4    9.004    0.42    2.6  
209.2058560 -26.7083970  5.720     16.6243   0.0383  27.8640    15.5428   0.0562  18.8138    -9.990   -9.99   -9.9   -9.990   -9.99   -9.9
209.4472500  53.0951389  5.320     17.6846   0.0711  14.7792   -99.9990  -9.9900 -99.9990    -9.990   -9.99   -9.9   -9.990   -9.99   -9.9
210.1199583  -0.1976389  6.040    -99.9990  -9.9900 -99.9990   -99.9990  -9.9900 -99.9990    -9.990   -9.99   -9.9   -9.990   -9.99   -9.9
210.1249583  -1.4225000  6.040    -99.9990  -9.9900 -99.9990   -99.9990  -9.9900 -99.9990    -9.990   -9.99   -9.9   -9.990   -9.99   -9.9
210.4472342  27.8263983  6.140     17.5330   0.0696  15.1164    16.9569   0.1565   6.4510    12.338    0.00    1.2    8.992    0.00    0.9  
210.4581667  51.7195278  5.170    -99.9990  -9.9900 -99.9990   -99.9990  -9.9900 -99.9990    -9.990   -9.99   -9.9   -9.990   -9.99   -9.9
210.7277720  40.4008853  6.040     17.9236   0.0920  11.3046    16.9354   0.1443   7.0358    -9.990   -9.99   -9.9   -9.990   -9.99   -9.9
210.8297035   9.0474981  5.880     17.2356   0.0579  18.2702    16.7102   0.1342   7.6006    12.267    0.00    2.0    9.046    0.42    2.6  
210.8722200 -12.0094820  5.840     18.0399   0.1305   7.8326   -99.9990  -9.9900 -99.9990    -9.990   -9.99   -9.9   -9.990   -9.99   -9.9
211.6213333  -1.2697778  6.330    -99.9990  -9.9900 -99.9990   -99.9990  -9.9900 -99.9990    -9.990   -9.99   -9.9   -9.990   -9.99   -9.9
211.6953333  -1.7340556  6.100    -99.9990  -9.9900 -99.9990   -99.9990  -9.9900 -99.9990    -9.990   -9.99   -9.9   -9.990   -9.99   -9.9
212.0955000  53.0058055  5.070     17.8780   0.0803  13.0304    16.9574   0.1335   7.6424    12.847    0.00    0.5    9.312    0.00    0.3  
212.2974337 -15.9865717  5.830     17.8850   0.1163   8.8442   -99.9990  -9.9900 -99.9990    -9.990   -9.99   -9.9   -9.990   -9.99   -9.9
212.7970333  12.2936897  5.900     16.4538   0.0297  36.0980    15.4584   0.0460  23.1021    12.751    0.00    0.3    9.238    0.00   -0.1  
213.3629900 -22.5617370  5.920     16.7033   0.0412  25.8842    15.7925   0.0689  15.2559    12.227    0.42    2.6    8.589    0.00    1.9  
213.5181667  51.2599444  5.240     18.0061   0.0825  12.6603   -99.9990  -9.9900 -99.9990    13.066    0.00    0.0    9.343    0.00   -3.1  
213.6315417  57.5428055  5.160     18.0416   0.0874  11.9333    17.1670   0.1482   6.8373    -9.990   -9.99   -9.9   -9.990   -9.99   -9.9
213.6647500   1.5101389  5.940    -99.9990  -9.9900 -99.9990   -99.9990  -9.9900 -99.9990    -9.990   -9.99   -9.9   -9.990   -9.99   -9.9
213.6950833  54.7755000  5.420    -99.9990  -9.9900 -99.9990   -99.9990  -9.9900 -99.9990    -9.990   -9.99   -9.9   -9.990   -9.99   -9.9
213.7329225 -13.4803543  5.780     17.6369   0.0935  11.1210    16.8006   0.1683   5.9642    -9.990   -9.99   -9.9   -9.990   -9.99   -9.9
214.0529583   0.2628333  6.030    -99.9990  -9.9900 -99.9990   -99.9990  -9.9900 -99.9990    -9.990   -9.99   -9.9   -9.990   -9.99   -9.9
214.2208750   1.7839444  6.070    -99.9990  -9.9900 -99.9990   -99.9990  -9.9900 -99.9990    -9.990   -9.99   -9.9   -9.990   -9.99   -9.9
214.3694583   1.2867778  6.020    -99.9990  -9.9900 -99.9990   -99.9990  -9.9900 -99.9990    -9.990   -9.99   -9.9   -9.990   -9.99   -9.9
214.9853750  55.8878333  5.000    -99.9990  -9.9900 -99.9990   -99.9990  -9.9900 -99.9990    -9.990   -9.99   -9.9   -9.990   -9.99   -9.9
215.1514300 -16.0417350  5.730     15.6551   0.0177  60.8806    14.9010   0.0324  32.9649    -9.990   -9.99   -9.9   -9.990   -9.99   -9.9
215.5009583   0.1841667  5.890    -99.9990  -9.9900 -99.9990   -99.9990  -9.9900 -99.9990    -9.990   -9.99   -9.9   -9.990   -9.99   -9.9
215.8580071  13.0501956  5.020     16.1041   0.0216  49.8075    15.5533   0.0485  21.8737    12.400    0.00    1.2    8.944    0.00    1.0  
215.8821250  -0.3025278  6.130    -99.9990  -9.9900 -99.9990   -99.9990  -9.9900 -99.9990    -9.990   -9.99   -9.9   -9.990   -9.99   -9.9
216.3180505  32.9026503  5.890    -99.9990  -9.9900 -99.9990    16.3511   0.0823  12.6969    12.434    0.00    1.3    8.952    0.00    1.3  
216.3238333  -0.2613611  6.180    -99.9990  -9.9900 -99.9990   -99.9990  -9.9900 -99.9990    -9.990   -9.99   -9.9   -9.990   -9.99   -9.9
216.8737083  35.3691611  5.530     17.4089   0.0579  18.2560    16.5303   0.0989  10.4839    12.954    0.54    2.0    9.280    0.00   -0.9  
216.9107900  33.2116660  6.120     16.6792   0.0310  34.4874    15.8295   0.0544  19.4714    12.600    0.00    0.6    9.288    0.00    0.3  
217.0891328 -16.0453608  6.110     16.4216   0.0330  32.3726    15.7665   0.0693  15.1686    -9.990   -9.99   -9.9   -9.990   -9.99   -9.9
217.2628333  -1.0787222  6.800    -99.9990  -9.9900 -99.9990   -99.9990  -9.9900 -99.9990    -9.990   -9.99   -9.9   -9.990   -9.99   -9.9
217.2925833  -0.0353889  6.040    -99.9990  -9.9900 -99.9990   -99.9990  -9.9900 -99.9990    -9.990   -9.99   -9.9   -9.990   -9.99   -9.9
217.4082083  33.0711667  5.390     17.8865   0.0865  12.0564    16.8511   0.1291   7.9197    12.439    0.00    1.1    9.495    0.00   -0.7  
217.4673700  54.7882490  6.180     17.3456   0.0467  22.7729    16.8492   0.1103   9.3487    12.657    0.00    0.7    9.447    0.00   -0.1  
217.9185333  -7.4120745  6.140     17.2489   0.0651  16.1732    16.3850   0.1115   9.2487    12.130    0.00    1.8    8.831    0.00    0.8  
219.0208457  21.5442366  5.220     16.5218   0.0285  37.5860    15.9371   0.0628  16.7939    12.398    0.00    1.3    8.766    0.00    1.3  
219.0489157  50.1186544  5.850     17.1991   0.0431  24.6863    16.6264   0.0962  10.7899    12.916    0.00    0.2    9.091    0.00    0.5  
219.4659379  23.3870416  5.300     16.0479   0.0195  55.2421    15.0464   0.0294  36.3808    12.401    0.00    1.9    9.533    0.00   -0.9  
219.4855833  51.8541944  5.170    -99.9990  -9.9900 -99.9990   -99.9990  -9.9900 -99.9990    -9.990   -9.99   -9.9   -9.990   -9.99   -9.9
220.0054167  -1.1172778  6.130    -99.9990  -9.9900 -99.9990   -99.9990  -9.9900 -99.9990    -9.990   -9.99   -9.9   -9.990   -9.99   -9.9
220.9611144  36.3875378  5.120     15.8479   0.0157  68.7455    14.9895   0.0260  41.3150    11.189    0.10   11.3    8.699    0.26    4.1  
225.1534990  28.2675083  5.550     16.4081   0.0246  43.6529    15.6213   0.0443  24.0120    12.394    0.24    4.5    8.955    0.00    1.2  
227.4240800 -17.8241110  6.120    -99.9990  -9.9900 -99.9990    15.9739   0.0917  11.3419    -9.990   -9.99   -9.9   -9.990   -9.99   -9.9
227.6470542  51.8114154  5.060     16.2493   0.0187  57.4230    15.6241   0.0383  27.8674    12.776    0.34    3.2    9.546    0.00    0.3  
228.4151667   8.9018056  5.470     17.2783   0.0571  18.5037    16.6538   0.1231   8.3313    12.558    0.00    1.2    9.042    0.00    0.5  
228.6871163  21.2388264  5.920     17.1485   0.0512  20.6886    16.3335   0.0881  11.8254    -9.990   -9.99   -9.9   -9.990   -9.99   -9.9
230.7620833  59.2758444  5.110     16.3464   0.0217  49.5110    15.3611   0.0296  36.2314    12.104    0.18    5.9    8.991    0.29    3.8  
230.9404191  33.7999564  5.330     16.8001   0.0320  33.4193    15.7437   0.0461  23.0346    12.760    0.00    0.9    9.245    0.00    0.7  
231.0170833   8.2775833  5.080     17.4204   0.0672  15.6550    16.5353   0.1142   9.0192    12.348    0.00    1.3    9.000    0.00    1.2  
231.6576708 -20.8335167  6.590     16.9288   0.0544  19.4670    16.2810   0.1111   9.2775    12.234    0.00    0.2    8.942    0.00   -0.3  
231.8035833   6.6894167  5.570     16.8471   0.0408  26.0870    16.2166   0.0869  12.0030    12.820    0.41    2.7    9.216    0.00    0.4  
233.7489897  13.4503941  5.040     16.0398   0.0201  53.6367    15.3071   0.0377  28.3009    12.802    0.41    2.7    9.362    0.48    2.2  
233.8869580  19.7222500  6.400     15.8841   0.0176  61.3219    15.1807   0.0339  31.5379    12.584    0.35    3.1    9.311    0.45    2.4  
235.9450668  17.0079059  5.820     16.9466   0.0430  24.7815    16.3828   0.0964  10.7656    12.351    0.32    3.5    8.965    0.00    1.0  
236.2734167  42.5365556  6.500    -99.9990  -9.9900 -99.9990   -99.9990  -9.9900 -99.9990    -9.990   -9.99   -9.9   -9.990   -9.99   -9.9
236.2912415  16.6088635  5.820     16.9635   0.0472  22.5224   -99.9990  -9.9900 -99.9990    -9.990   -9.99   -9.9   -9.990   -9.99   -9.9
236.4670410  60.4733202  5.780     16.0143   0.0143  75.3162    15.1521   0.0233  46.0802    12.313    0.23    4.7    9.406    0.43    2.5  
237.5038750  43.3007778  5.840    -99.9990  -9.9900 -99.9990   -99.9990  -9.9900 -99.9990    -9.990   -9.99   -9.9   -9.990   -9.99   -9.9
238.8510335  -6.8976629  5.810     17.4807   0.0789  13.2696   -99.9990  -9.9900 -99.9990    -9.990   -9.99   -9.9   -9.990   -9.99   -9.9
239.7124609  -7.4026641  6.110     16.2721   0.0292  36.6544    15.3698   0.0490  21.6571    -9.990   -9.99   -9.9   -9.990   -9.99   -9.9
239.7878750  22.2048417  6.070    -99.9990  -9.9900 -99.9990   -99.9990  -9.9900 -99.9990    -9.990   -9.99   -9.9   -9.990   -9.99   -9.9
240.2964999 -18.4764111  5.060     15.6060   0.0191  56.4051    15.0718   0.0420  25.3786    11.653    0.25    4.3    8.505    0.46    2.4  
240.7249088  42.4735952  6.090     16.0355   0.0165  65.2948    15.2545   0.0294  36.4993    12.370    0.26    4.2    9.346    0.00    0.7  
240.9544583  55.1756389  6.040    -99.9990  -9.9900 -99.9990   -99.9990  -9.9900 -99.9990    -9.990   -9.99   -9.9   -9.990   -9.99   -9.9
242.4052913  30.6966052  6.140     17.6418   0.0708  14.8421    17.0437   0.1519   6.6601    12.462    0.00    0.7    9.257    0.00   -0.2  
242.4397100 -12.9816971  5.830     16.5690   0.0389  27.4003    16.2192   0.1049   9.8556    11.867    0.32    3.4    8.252    0.00    1.5  
242.5696654  41.2982715  5.000     16.5833   0.0255  42.0502    16.0677   0.0582  18.1461    12.634    0.00    1.6    9.455    0.00    0.8  
243.6047083  46.6747055  5.310     15.8192   0.0136  79.4143    14.9767   0.0226  47.4887    12.924    0.34    3.2    9.094    0.00    1.9  
243.6473330   1.2457750  5.780     16.8596   0.0416  25.6074    16.1629   0.0853  12.2427    12.517    0.00   -0.2    8.930    0.00   -0.5  
243.6960000  20.9841583  5.090     16.7513   0.0343  31.1906    16.1573   0.0739  14.2020    12.339    0.38    2.8    9.005    0.00   -0.7  
245.0636766  -0.1978601  5.680     18.1202   0.1250   8.1927   -99.9990  -9.9900 -99.9990    -9.990   -9.99   -9.9   -9.990   -9.99   -9.9
245.2538300  51.9302200  5.710     15.6551   0.0114  94.5409    14.8261   0.0188  57.1078    12.888    0.32    3.4    9.529    0.00    0.3  
245.8136666  47.0999722  5.130     15.5584   0.0112  96.2820    14.8602   0.0204  52.8642    11.425    0.10   11.3    8.954    0.28    3.9  
245.8825602  31.2001475  6.260     16.6612   0.0302  35.4219    15.7432   0.0489  21.7248    12.551    0.00    0.7    8.895    0.00    0.5  
246.6104203  27.8590266  5.160     14.9996   0.0086 126.0080    14.2245   0.0146  74.0361    11.919    0.26    4.3    8.437    0.00    1.8  
246.6216700  28.9826600  5.040     16.6243   0.0294  36.4436    15.9745   0.0590  17.9157    12.336    0.35    3.1    9.177    0.00   -0.1  
247.2970667  24.1277056  6.480     16.6643   0.0306  34.9687    15.9229   0.0572  18.4908    12.282    0.40    2.7    8.575    0.00    0.9  
247.6412639  40.2026929  6.070     17.4598   0.0517  20.4865    16.9098   0.1169   8.7955    12.908    0.00   -1.2    9.314    0.00   -0.6  
250.3405347  37.9222629  6.050     17.9033   0.0752  13.9422    17.2577   0.1533   6.5958    -9.990   -9.99   -9.9   -9.990   -9.99   -9.9
252.6760830  16.2893055  5.520     16.1971   0.0230  46.6566    15.4176   0.0424  25.1357    11.862    0.00    1.8    9.089    0.00   -0.3  
254.1477499  45.6870972  5.340     16.2511   0.0177  60.6552    15.5102   0.0320  33.4147    12.686    0.38    2.8    9.042    0.00    1.1  
254.7588333  27.1597750  5.310     15.9065   0.0169  63.6564    15.0572   0.0284  37.7734    11.536    0.16    6.9    8.889    0.00    1.2  
254.9626250  32.6579527  5.170     16.3205   0.0219  48.9791    15.6133   0.0420  25.3359    12.123    0.00    1.5    8.621    0.00    1.2  
261.0364292  19.0286444  6.440     17.6686   0.0778  13.4693    17.1117   0.1722   5.8185    12.354    0.00    0.3    8.958    0.00   -1.3  
267.0021100  22.7812107  5.950    -99.9990  -9.9900 -99.9990   -99.9990  -9.9900 -99.9990    -9.990   -9.99   -9.9   -9.990   -9.99   -9.9
268.1837500  50.6091805  5.020     15.1005   0.0078 138.3717    14.4327   0.0136  79.1675    12.611    0.37    2.9    9.288    0.44    2.5  
293.0317650  71.6523355  6.080     16.9907   0.0311  34.4618    16.2711   0.0593  17.8156    13.591    0.00   -1.3    9.686    0.00    0.2  
308.0416401 -21.2339750  6.240     16.4979   0.0374  28.5559    15.5975   0.0626  16.8413    12.446    0.00    0.0    8.147    0.00    1.0  
308.4829700 -27.6485000  5.800     16.8307   0.0490  21.6450    15.8829   0.0774  13.5255    11.889    0.00    1.5    8.632    0.00    0.7  
313.3407000   0.7852222  5.920     17.6131   0.0839  12.4496   -99.9990  -9.9900 -99.9990    -9.990   -9.99   -9.9   -9.990   -9.99   -9.9
313.5270400  -0.0874444  6.040     17.1785   0.0576  18.3432    16.4841   0.1190   8.6316    -9.990   -9.99   -9.9   -9.990   -9.99   -9.9
315.2275800 -17.2562490  6.090     17.4392   0.0881  11.8348   -99.9990  -9.9900 -99.9990    -9.990   -9.99   -9.9   -9.990   -9.99   -9.9
315.5800830 -14.9816666  6.650     17.7920   0.1157   8.8973   -99.9990  -9.9900 -99.9990    11.404    0.00    1.4    8.711    0.00    0.1  
319.5530416  -0.0640833  5.460     17.7417   0.0982  10.5608   -99.9990  -9.9900 -99.9990    -9.990   -9.99   -9.9   -9.990   -9.99   -9.9
319.6040300 -10.9326200  5.900     16.2378   0.0303  35.3580    15.4556   0.0553  19.1441    11.888    0.00    1.2    8.768    0.00    0.0  
319.8680000  10.4851667  5.180     17.0514   0.0493  21.5398    16.4599   0.1079   9.5724    12.056    0.00    1.2    8.756    0.00    0.3  
319.9662083  -0.6722500  5.870     18.2132   0.1439   7.0550   -99.9990  -9.9900 -99.9990    -9.990   -9.99   -9.9   -9.990   -9.99   -9.9
320.8703300 -24.3604000  5.730     17.0875   0.0593  17.8012    16.6597   0.1523   6.6402    11.657    0.00    1.6    8.520    0.00    0.3  
322.7928750 -43.9840278  6.450     18.0016   0.1108   9.3071   -99.9990  -9.9900 -99.9990    -9.990   -9.99   -9.9   -9.990   -9.99   -9.9
323.1382958  12.2986833  6.590     16.0365   0.0214  50.2868    15.5718   0.0512  20.7068    12.311    0.00   -0.6    8.949    0.00   -1.4  
325.6636250  -1.3334167  5.610     17.0639   0.0534  19.8349    16.1377   0.0924  11.2523    12.525    0.00   -1.4    8.701    0.00    0.4  
326.9808700   1.1320277  5.810     18.0296   0.1218   8.4234   -99.9990  -9.9900 -99.9990    12.301    0.00    0.2    8.880    0.00   -0.7  
328.7339966  -9.5076274  5.920     17.7410   0.0987  10.5051   -99.9990  -9.9900 -99.9990    -9.990   -9.99   -9.9   -9.990   -9.99   -9.9
330.2776249   3.0354750  5.060     15.9434   0.0205  52.4310    15.4073   0.0468  22.7049    11.307    0.19    5.8    7.828    0.22    5.0  
330.3836250   1.9247222  6.160    -99.9990  -9.9900 -99.9990   -99.9990  -9.9900 -99.9990    -9.990   -9.99   -9.9   -9.990   -9.99   -9.9
330.6115416  15.1645500  5.070     15.6372   0.0152  70.8756    15.1477   0.0348  30.6729    12.170    0.31    3.5    8.515    0.00    0.9  
330.6383333   1.5223056  5.230    -99.9990  -9.9900 -99.9990   -99.9990  -9.9900 -99.9990    -9.990   -9.99   -9.9   -9.990   -9.99   -9.9
331.0746667   1.1957778  5.940    -99.9990  -9.9900 -99.9990   -99.9990  -9.9900 -99.9990    -9.990   -9.99   -9.9   -9.990   -9.99   -9.9
331.6450417   2.0267500  5.100    -99.9990  -9.9900 -99.9990   -99.9990  -9.9900 -99.9990    -9.990   -9.99   -9.9   -9.990   -9.99   -9.9
331.7921666  -4.2823000  5.530     15.1450   0.0118  91.7830    14.1230   0.0172  62.6458    12.214    0.46    2.4    8.376    0.00    0.4  
332.6135000   3.0745833  6.900    -99.9990  -9.9900 -99.9990   -99.9990  -9.9900 -99.9990    -9.990   -9.99   -9.9   -9.990   -9.99   -9.9
332.6541250   2.7204722  5.200     17.8121   0.1022  10.1341   -99.9990  -9.9900 -99.9990    12.402    0.00    0.2    8.858    0.00    0.0  
332.7525000 -63.3488333  6.880     18.2078   0.1221   8.3989   -99.9990  -9.9900 -99.9990    -9.990   -9.99   -9.9   -9.990   -9.99   -9.9
332.8007083 -32.1035556  6.320    -99.9990  -9.9900 -99.9990   -99.9990  -9.9900 -99.9990    -9.990   -9.99   -9.9   -9.990   -9.99   -9.9
332.9208750   0.1885833  5.230     18.0645   0.1306   7.8200   -99.9990  -9.9900 -99.9990    -9.990   -9.99   -9.9   -9.990   -9.99   -9.9
333.2145417  -0.7085278  5.420     17.1083   0.0574  18.4270    16.7547   0.1560   6.4736    12.305    0.00   -0.3    8.564    0.00    0.8  
333.2719167   0.5688333  5.310    -99.9990  -9.9900 -99.9990   -99.9990  -9.9900 -99.9990    -9.990   -9.99   -9.9   -9.990   -9.99   -9.9
333.8342500  -0.1523333  5.280     18.3096   0.1612   6.2469   -99.9990  -9.9900 -99.9990    -9.990   -9.99   -9.9   -9.990   -9.99   -9.9
333.9859789  26.1081684  6.030     17.4201   0.0673  15.6469    16.6674   0.1266   8.0840    -9.990   -9.99   -9.9   -9.990   -9.99   -9.9
334.1834167   0.2300278  5.010     17.0680   0.0546  19.3779    16.4744   0.1209   8.4883    11.997    0.00    1.2    8.921    0.00   -1.3  
334.1852917  -0.2805833  6.100    -99.9990  -9.9900 -99.9990   -99.9990  -9.9900 -99.9990    -9.990   -9.99   -9.9   -9.990   -9.99   -9.9
334.8217500   1.0469167  6.160    -99.9990  -9.9900 -99.9990   -99.9990  -9.9900 -99.9990    -9.990   -9.99   -9.9   -9.990   -9.99   -9.9
335.0770400  -1.0296911  5.620     16.8892   0.0490  21.6695    16.0944   0.0888  11.7343    -9.990   -9.99   -9.9   -9.990   -9.99   -9.9
335.7896250   3.4389722  6.050     18.2904   0.1511   6.6953    16.9593   0.1799   5.5499    -9.990   -9.99   -9.9   -9.990   -9.99   -9.9
336.3099166   3.5034722  5.350     16.3554   0.0287  37.3841    15.6356   0.0573  18.4536    11.997    0.00    0.7    8.291    0.00    1.9  
336.5517083  -6.3020249  5.080     15.7082   0.0181  59.4489    15.0370   0.0371  28.7984    12.212    0.43    2.5    8.825    0.00    0.0  
337.1159583   1.4693056  6.010    -99.9990  -9.9900 -99.9990   -99.9990  -9.9900 -99.9990    -9.990   -9.99   -9.9   -9.990   -9.99   -9.9
337.1814100   1.1756111  5.950    -99.9990  -9.9900 -99.9990   -99.9990  -9.9900 -99.9990    -9.990   -9.99   -9.9   -9.990   -9.99   -9.9
337.1881250  -7.9653833  5.140     16.3598   0.0320  33.4201    15.6178   0.0619  17.0463    11.872    0.00    1.1    8.985    0.00   -1.5  
337.1987917   1.8779167  6.080    -99.9990  -9.9900 -99.9990   -99.9990  -9.9900 -99.9990    -9.990   -9.99   -9.9   -9.990   -9.99   -9.9
337.2568700  14.9524990  6.150    -99.9990  -9.9900 -99.9990   -99.9990  -9.9900 -99.9990    -9.990   -9.99   -9.9   -9.990   -9.99   -9.9
337.9537083  -0.5965278  5.870    -99.9990  -9.9900 -99.9990   -99.9990  -9.9900 -99.9990    -9.990   -9.99   -9.9   -9.990   -9.99   -9.9
338.0501250   0.2106667  6.180    -99.9990  -9.9900 -99.9990   -99.9990  -9.9900 -99.9990    -9.990   -9.99   -9.9   -9.990   -9.99   -9.9
338.2297707  29.5089760  6.670     17.4989   0.0684  15.3680    17.0764   0.1729   5.7948    12.043    0.00    0.9    8.945    0.00    0.3  
338.3651666  -1.1178888  5.110    -99.9990  -9.9900 -99.9990   -99.9990  -9.9900 -99.9990    -9.990   -9.99   -9.9   -9.990   -9.99   -9.9
339.1857500   0.5491389  6.400    -99.9990  -9.9900 -99.9990   -99.9990  -9.9900 -99.9990    -9.990   -9.99   -9.9   -9.990   -9.99   -9.9
339.7091666  -0.4505000  5.170     18.0654   0.1332   7.6590   -99.9990  -9.9900 -99.9990    -9.990   -9.99   -9.9   -9.990   -9.99   -9.9
339.7814999   0.5062777  5.090     17.8608   0.1111   9.2816   -99.9990  -9.9900 -99.9990    -9.990   -9.99   -9.9   -9.990   -9.99   -9.9
339.9477917   2.1298611  6.260    -99.9990  -9.9900 -99.9990   -99.9990  -9.9900 -99.9990    -9.990   -9.99   -9.9   -9.990   -9.99   -9.9
340.2041700 -18.6621700  5.980     16.5530   0.0392  27.2299    15.5693   0.0620  17.0059    12.334    0.00    0.3    8.681    0.00    0.3  
340.6564500   3.5726666  5.880    -99.9990  -9.9900 -99.9990   -99.9990  -9.9900 -99.9990    -9.990   -9.99   -9.9   -9.990   -9.99   -9.9
341.3511249   0.4039444  5.160     18.1255   0.1447   7.0139   -99.9990  -9.9900 -99.9990    12.280    0.00   -0.8    8.589    0.00    0.6  
342.5083750 -50.2617083  6.000     16.2478   0.0242  44.2998    15.5667   0.0476  22.2959    11.954    0.26    4.2    8.742    0.00    0.5  
343.0226667   2.4255278  6.120    -99.9990  -9.9900 -99.9990   -99.9990  -9.9900 -99.9990    -9.990   -9.99   -9.9   -9.990   -9.99   -9.9
343.9085000   2.8573889  6.340     17.8215   0.1103   9.3547   -99.9990  -9.9900 -99.9990    -9.990   -9.99   -9.9   -9.990   -9.99   -9.9
346.0957083   0.7515000  6.360    -99.9990  -9.9900 -99.9990   -99.9990  -9.9900 -99.9990    -9.990   -9.99   -9.9   -9.990   -9.99   -9.9
346.8972900   0.5303888  5.870     17.2548   0.0631  16.7148    16.3662   0.1106   9.3233    11.802    0.00    1.5    8.752    0.00   -1.3  
347.6620586  18.9222017  6.000     15.8754   0.0178  60.3955    15.2997   0.0390  27.3324    12.272    0.44    2.5    9.163    0.00   -0.3  
348.0684999   1.0143055  5.080     18.0824   0.1341   7.6100   -99.9990  -9.9900 -99.9990    -9.990   -9.99   -9.9   -9.990   -9.99   -9.9
348.9440400  -0.3994722  6.120     17.3354   0.0706  14.8852    16.6533   0.1418   7.1664    12.176    0.00    0.6    8.715    0.00    0.3  
349.4093750  22.7360083  5.500     16.1251   0.0220  48.9282    15.3625   0.0415  25.6543    12.502    0.53    2.0    8.706    0.00    0.5  
349.5000000 -31.2166667  6.510    -99.9990  -9.9900 -99.9990   -99.9990  -9.9900 -99.9990    -9.990   -9.99   -9.9   -9.990   -9.99   -9.9
349.5116600  -2.7761111  6.050     18.1761   0.1435   7.0766   -99.9990  -9.9900 -99.9990    -9.990   -9.99   -9.9   -9.990   -9.99   -9.9
351.3093508  26.4799531  5.770     16.1378   0.0221  48.7409    15.4868   0.0454  23.4137    12.588    0.51    2.1    8.968    0.48    2.3  
351.4026667  -5.8911944  5.220     16.3232   0.0299  35.7881    15.6421   0.0599  17.6278    12.430    0.44    2.5    8.428    0.00    1.2  
352.2845000  -3.0329999  6.420     17.9737   0.1241   8.2579   -99.9990  -9.9900 -99.9990    -9.990   -9.99   -9.9   -9.990   -9.99   -9.9
352.3102500  -4.0566944  5.900    -99.9990  -9.9900 -99.9990   -99.9990  -9.9900 -99.9990    -9.990   -9.99   -9.9   -9.990   -9.99   -9.9
352.4137500  30.0641055  5.240     16.1504   0.0217  49.4129    15.5171   0.0454  23.3968    12.656    0.00   -0.2    9.072    0.00   -0.4  
352.5362917   9.9621389  5.300     16.1972   0.0249  43.1977    15.1405   0.0374  28.5324    12.146    0.39    2.8    8.917    0.54    2.0  
353.7293749  -0.1728055  5.110     18.0026   0.1247   8.2194   -99.9990  -9.9900 -99.9990    -9.990   -9.99   -9.9   -9.990   -9.99   -9.9
356.1395833  16.8879111  5.000     15.2594   0.0115  93.5241    14.5738   0.0221  48.5860    11.999    0.28    3.9    8.956    0.00    0.1  
357.1389000 -30.9028440  6.900     17.6947   0.0905  11.5056   -99.9990  -9.9900 -99.9990    12.137    0.00    1.5    9.140    0.49    2.2  
357.8289911   6.4019219  5.810    -99.9990  -9.9900 -99.9990   -99.9990  -9.9900 -99.9990    -9.990   -9.99   -9.9   -9.990   -9.99   -9.9
357.8512917  -4.9853611  5.250     17.1013   0.0557  19.0051    16.0934   0.0898  11.5977    12.549    0.00   -1.6    8.892    0.00    0.1  
359.1352149  -6.3831264  6.150     16.4896   0.0323  33.1173    15.6656   0.0607  17.3850    11.895    0.00    1.2    8.700    0.00   -0.1  
359.2149100   0.3925833  6.000    -99.9990  -9.9900 -99.9990   -99.9990  -9.9900 -99.9990    -9.990   -9.99   -9.9   -9.990   -9.99   -9.9
359.6001667   6.5770555  5.320     16.3287   0.0296  36.1965    15.3755   0.0469  22.6356    12.113    0.38    2.9    9.113    0.00    0.0  
