|      cntr_01|       dist_x|          ra|         dec|       w1mjdmin|       w1mjdmax|      w1mjdmean|       w2mjdmin|       w2mjdmax|      w2mjdmean|       w3mjdmin|       w3mjdmax|      w3mjdmean|       w4mjdmin|       w4mjdmax|      w4mjdmean|
|         long|       double|      double|      double|         double|         double|         double|         double|         double|         double|         double|         double|         double|         double|         double|         double|
|             |       arcsec|         deg|         deg|               |               |               |               |               |               |               |               |               |               |               |               |
|         null|         null|        null|        null|           null|           null|           null|           null|           null|           null|           null|           null|           null|           null|           null|           null|
             1      0.224737    0.3400887   26.8358230  55379.39579551  55559.13605422  55447.64179191  55379.39579551  55559.13605422  55473.49509458  55379.39579551  55382.63704543  55381.53139177  55379.39579551  55382.63704543  55381.53139177 
             2      0.154183    0.6641312   25.8430852  55378.99901176  55559.00362255  55450.49126035  55378.99901176  55559.00362255  55465.73409399  55379.26361916  55382.50486917  55380.61712913  55379.39592282  55382.50486917  55380.72992163 
             3      1.144653    1.4683933   -0.1154292  55369.21363201  55549.87296685  55459.54634857  55369.21363201  55549.87296685  55459.54634857  55369.21363201  55370.20584661  55369.69470188  55369.21363201  55370.20584661  55369.69470188 
             4      0.085736    2.1073696   -6.4345725  55367.36252516  55548.15237271  55454.19201038  55367.36252516  55548.15237271  55454.19201038  55367.36252516  55368.35473985  55367.89175008  55367.36252516  55368.35473985  55367.89175008 
             5      0.182604    2.2142355   36.2704366  55203.25924878  55564.95706541  55461.64723856  55203.25924878  55564.95706541  55461.64723856  55203.25924878  55388.98571479  55363.67095875  55203.25924878  55388.98571479  55363.67095875 
             7      0.427985    3.1370971   36.5378945  55203.32546468  55565.88281404  55402.29418334  55203.32546468  55565.88281404  55402.29418334  55203.52389440  55389.77953706  55320.91539444  55203.52389440  55389.77953706  55320.91539444 
             8      0.126307    4.3111476  -10.0154269  55367.89250432  55548.68069905  55462.16507937  55367.89250432  55548.68069905  55462.16507937  55367.89250432  55368.88471896  55368.37357422  55367.89250432  55368.88471896  55368.37357422 
            10      0.248401    4.8141160  -24.2990993  55362.20624373  55544.24741777  55445.35077487  55362.20624373  55544.24741777  55444.83139705  55362.20624373  55363.33076234  55362.73538252  55362.20624373  55363.33076234  55362.73538252 
            11      0.000000    5.1311237  -36.8949476  55356.12255897  55535.18513656  55442.37958316  55356.12255897  55535.18513656  55442.37958316  55356.12255897  55357.24707731  55356.70373685  55356.12255897  55357.24707731  55356.70373685 
            12      1.315421    5.8781106   -0.3099329  55373.05056793  55553.44378544  55459.64991576  55373.05056793  55553.44378544  55459.64991576  55373.05056793  55374.04278242  55373.52884783  55373.05056793  55374.04278242  55373.52884783 
            14      0.200458    6.3617789   -1.7590426  55372.91851883  55553.31122634  55463.11491185  55372.91851883  55553.31122634  55463.11491185  55372.91851883  55373.91073332  55373.41462603  55372.91851883  55373.91073332  55373.39958861 
            15      0.800841    7.0275517    4.9570787  55376.09253618  55556.22204704  55470.04159725  55376.09253618  55556.22204704  55470.04159725  55376.09253618  55377.08475062  55376.58864334  55376.09253618  55377.08475062  55376.57360593 
            16      0.526591    7.8578790    7.1769930  55377.67979913  55557.67726786  55478.44668836  55377.67979913  55557.67726786  55478.44668836  55377.67979913  55378.20888689  55377.97269382  55377.67979913  55378.20888689  55377.97269382 
            18      0.849046    8.5597199   37.9981044  55207.29540525  55574.08288609  55462.71647449  55207.29540525  55574.08288609  55462.71647449  55207.29540525  55394.80682578  55369.39962297  55207.29540525  55394.80682578  55369.39962297 
            19      0.712696    9.3572218   -8.1188503  55373.05209600  55553.44213005  55463.29679999  55373.05209600  55553.44213005  55463.29679999  55373.05209600  55374.17661418  55373.61435504  55373.05209600  55374.17661418  55373.61435504 
            20      0.653851    9.6502349  -15.4566057  55370.40742206  55551.06014110  55456.82099216  55370.40742206  55551.06014110  55456.82099216  55370.40742206  55371.39963729  55370.90352988  55370.40742206  55371.39963729  55370.90352988 
            21      0.235842    9.7355735  -10.4316270  55372.52339029  55552.91265766  55456.16672270  55372.52339029  55552.91265766  55459.15790759  55372.52339029  55381.38710041  55373.63839424  55372.52339029  55381.38710041  55373.63839424 
            22      1.130482   11.3899903    9.0327782  55383.89755969  55561.24846792  55459.96498774  55383.89755969  55561.24846792  55459.96498774  55383.89755969  55384.88977367  55384.38263076  55383.89755969  55384.88977367  55384.38263076 
            23      0.400569   12.5279061   34.7560225  55208.61807040  55574.61121227  55416.32392386  55208.61807040  55574.61121227  55408.97710567  55208.61807040  55396.39510807  55306.22252959  55208.61807040  55396.39510807  55306.22252959 
            24      2.997653   13.5898140   -1.1553874  55379.53370206  55559.52723713  55469.93639738  55379.53370206  55559.52723713  55531.46451761  55379.53370206  55383.03943215  55381.82679667  55379.53370206  55383.03943215  55381.14768002 
            26      0.485414   14.2334023   22.6866100  55205.57213359  55568.52508275  55451.35945098  55205.57213359  55568.52508275  55451.35945098  55205.57213359  55392.56071813  55342.46783758  55205.57213359  55392.56071813  55342.46783758 
            27      0.128929   15.0542791   28.0404989  55208.28597154  55571.17104330  55434.06812952  55208.28597154  55571.17104330  55434.06812952  55208.28597154  55395.47038200  55322.44861715  55208.28597154  55395.47038200  55322.44861715 
            29      0.626445   17.0274750    7.1888833  55203.18717527  55565.21568921  55429.08625389  55203.18717527  55565.21568921  55429.08625389  55203.18717527  55389.12387610  55322.50533341  55203.18717527  55389.12387610  55322.50533341 
            32      0.210282   18.4739749    5.9975838  55203.78251884  55566.00887878  55410.76425219  55203.78251884  55566.00887878  55410.76425219  55203.84860748  55390.05025682  55334.94267799  55203.84860748  55390.05025682  55334.94267799 
            33      0.686221   18.7294646   32.6377349  55212.05812045  55578.31369828  55406.67197950  55212.05812045  55578.31369828  55406.67197950  55212.05812045  55400.36473127  55313.96113613  55212.05812045  55400.36473127  55313.96113613 
            34      0.689428   18.9367647    0.2540774  55387.33924028  55564.42084419  55483.89613760  55387.33924028  55564.42084419  55483.89613760  55387.33924028  55388.19915079  55387.79563080  55387.33924028  55388.19915079  55387.79563080 
            35      0.736162   18.9425884   -2.8867086  55386.14901628  55563.36215446  55478.27876988  55386.14901628  55563.36215446  55478.27876988  55386.14901628  55387.14135781  55386.65621231  55386.14901628  55387.14135781  55386.68334419 
            36      0.515978   19.0595861    5.6381066  55203.84848016  55566.40566465  55404.70373665  55203.84848016  55566.40566465  55404.70373665  55203.84848016  55390.31499152  55334.12038286  55203.84848016  55390.31499152  55334.12038286 
            37      0.936332   20.2246338   21.7853063  55209.40947931  55575.40210983  55381.84071020  55209.40947931  55571.89712574  55326.17887898  55209.40947931  55397.32390838  55311.80907583  55209.40947931  55397.32390838  55311.80907583 
            38      0.374906   21.4212329  -25.8822439  55376.23095211  55556.48041616  55451.15915366  55376.23095211  55556.48041616  55453.80917490  55376.23095211  55381.72123404  55377.16483817  55376.23095211  55381.72123404  55377.16483817 
            41      0.060089   22.8639320   -3.3500592  55204.24373873  55566.53605890  55404.89133835  55204.24373873  55566.53605890  55404.89133835  55204.24373873  55390.58125439  55334.34601928  55204.24373873  55390.58125439  55334.34601928 
            42      0.235085   23.0070634   -2.2674759  55204.37629807  55567.06527646  55387.57611042  55204.37629807  55567.06527646  55387.57611042  55204.37629807  55391.11034204  55308.82570568  55204.37629807  55391.11034204  55308.82570568 
            43      0.198543   23.3618026    1.1104264  55206.16349338  55568.52075321  55442.15256498  55206.16349338  55568.52075321  55442.15256498  55206.16349338  55392.56504762  55352.24384647  55206.16349338  55392.56504762  55352.24384647 
            45      0.373988   25.2375379  -11.6832182  55203.18348248  55565.60865478  55410.31374664  55203.18348248  55565.60865478  55410.31374664  55203.18348248  55389.52448005  55342.63333659  55203.18348248  55389.52448005  55342.63333659 
            46      0.006480   25.6821972  -33.4626318  55376.10030324  55556.47888808  55463.99331838  55376.10030324  55556.47888808  55463.99331838  55376.10030324  55381.72276215  55376.95668893  55376.10030324  55381.72276215  55376.95668893 
            47      0.681778   25.7929718  -55.7528868  55356.78840728  55535.97437889  55458.33849308  55356.78840728  55535.97437889  55458.33849308  55356.78840728  55358.17753507  55357.44103879  55356.78840728  55358.17753507  55357.44103879 
            48      0.548512   27.1569341    6.0056665  55209.80333730  55575.79571271  55376.58046587  55209.80333730  55575.79571271  55318.95546849  55209.80333730  55397.72387575  55307.78850135  55209.80333730  55397.72387575  55307.78850135 
            49      0.262351   28.8886105    4.2518258  55210.72921571  55576.72107935  55395.28110737  55210.72921571  55576.72107935  55395.28110737  55210.72921571  55398.65038400  55309.57251886  55210.72921571  55398.65038400  55309.57251886 
            50      0.238812   29.4393017   30.0196140  55218.40930584  55585.32238432  55445.88957044  55406.91433988  55585.32238432  55489.31766001  55218.54161013  55407.90655513  55392.87194700  55221.12224493  55408.03885891  55394.13962891 
            51      0.224110   29.5172168  -29.0886305  55384.56671844  55562.03439917  55476.01555817  55384.56671844  55562.03439917  55476.01555817  55384.56671844  55385.82341360  55385.20334266  55384.56671844  55385.82341360  55385.20334266 
            52      0.002520   29.9915479  -36.5657237  55378.08549686  55558.46205315  55455.78100367  55378.08549686  55558.46205315  55455.78100367  55378.08549686  55381.92204547  55379.36435091  55378.08549686  55381.92204547  55379.25631106 
            54      0.294786   30.8849529    0.2080576  55210.99318839  55577.11710120  55395.66899170  55210.99318839  55577.11710120  55395.66899170  55211.12549314  55399.04805936  55319.80444604  55210.99318839  55399.04805936  55314.36388316 
            57      1.257186   32.0180363   -1.2098681  55211.52215256  55577.64580933  55401.93368773  55211.52215256  55577.64580933  55401.93368773  55211.52215256  55399.70983403  55305.55654684  55211.52215256  55399.70983403  55305.55654684 
            59      0.383539   32.7361635    0.0514049  55212.44866770  55578.70411716  55397.20259845  55212.44866770  55578.70411716  55397.20259845  55212.44866770  55400.76800962  55315.09925267  55212.44866770  55400.76800962  55315.09925267 
            63      0.223403   34.1006561   23.0692359  55221.58397289  55586.64351714  55411.48184482  55221.71627716  55586.64351714  55418.17159181  55221.71627716  55409.09868997  55322.59927815  55221.71627716  55409.36329750  55331.97239410 
            65      1.569789   34.1625781  -52.4389754  55367.63681042  55548.93626678  55467.11023884  55367.63681042  55548.93626678  55467.11023884  55367.63681042  55369.29054394  55368.38651771  55367.63681042  55369.29054394  55368.38651771 
            67      0.118922   34.5878056   -0.4626766  55213.77184226  55580.15870141  55409.63433691  55213.77184226  55580.15870141  55409.63433691  55213.77184226  55402.35578293  55317.35747862  55213.77184226  55402.35578293  55317.35747862 
            68      3.702060   35.1228763   -4.5348283  55212.97712250  55579.23218867  55397.91089486  55212.97712250  55579.23218867  55397.91089486  55212.97712250  55401.43041990  55314.99543371  55212.97712250  55401.43041990  55314.99543371 
            70      0.044797   35.3025449   -3.7145120  55213.37429138  55579.76127890  55408.29816991  55213.37429138  55579.76127890  55408.29816991  55213.37429138  55401.95950770  55321.00818348  55213.37429138  55401.95950770  55321.00818348 
            72      0.566721   36.5077746    3.0496842  55216.15447343  55582.80440072  55406.51794631  55216.15447343  55582.80440072  55406.51794631  55216.15447343  55405.26582973  55324.15513559  55216.15447343  55405.26582973  55324.15513559 
            75      0.082595   37.9068549   -7.4817860  55214.29978775  55580.81856789  55409.68208380  55214.29978775  55580.81856789  55409.68208380  55214.29978775  55411.02250684  55332.48895096  55214.29978775  55411.02250684  55332.48895096 
            76      0.975285   37.9703494  -28.8388829  55207.28228925  55574.06964338  55467.88199929  55207.28228925  55574.06964338  55467.88199929  55207.28228925  55394.29085404  55371.72953110  55207.28228925  55394.29085404  55371.72953110 
            80      0.400860   40.4703896    4.5982003  55221.58040738  55586.63995159  55427.30735618  55221.58040738  55586.63995159  55427.77483644  55221.58040738  55411.88050780  55327.37568484  55221.58040738  55411.88050780  55327.37568484 
            82      0.019112   36.1105622  -47.1914897  55375.30940943  55555.94686917  55463.54115807  55375.30940943  55555.94686917  55463.54115807  55375.30940943  55381.65960273  55376.65669434  55375.30940943  55381.65960273  55376.65669434 
            84      0.512970   42.6691506   -2.9173210  55219.46150115  55586.50624660  55416.93517743  55219.46150115  55586.50624660  55423.22632174  55219.46150115  55411.74960471  55355.78013062  55219.46150115  55411.74960471  55353.00488417 
            85      0.203902   42.8388591    3.5548932  55223.16805903  55588.49132028  55408.45305629  55223.16805903  55588.49132028  55408.26773084  55223.16805903  55413.73289199  55326.90511413  55223.16805903  55413.73289199  55326.90511413 
            86      1.175214   43.0696539   -5.0589010  55219.19651051  55586.24138333  55420.43416315  55219.19651051  55586.24138333  55420.43416315  55219.19651051  55411.48537912  55349.62572795  55219.19651051  55411.48537912  55353.11667699 
            87      3.366151   45.1842810  -22.5418018  55215.62016145  55582.27047204  55401.25958098  55215.62016145  55582.27047204  55401.25958098  55215.75246619  55411.15786683  55325.89572082  55215.75246619  55411.15786683  55325.89572082 
            90      0.411108   46.3203998  -31.8487713  55212.70703741  55579.22684041  55401.29089920  55212.70703741  55579.22684041  55401.29089920  55212.70703741  55401.30346437  55297.32340555  55212.70703741  55401.30346437  55297.32340555 
            91      0.148801   46.6771436   18.8877735  55230.31669317  55421.40346985  55317.94507798  55230.31669317  55421.40346985  55317.94507798  55230.31669317  55231.30929382  55230.83587026  55230.31669317  55231.30929382  55230.83587026 
            93      0.436163   49.2934434  -26.5544841  55217.73670627  55584.78247079  55390.94106116  55217.73670627  55584.65016650  55383.52949690  55217.73670627  55411.35715019  55315.48601670  55217.73670627  55411.35715019  55315.48601670 
            94      0.515456   49.9236982  -10.1460233  55225.67967586  55591.13371086  55406.23069287  55225.67967586  55591.13371086  55406.23069287  55225.81210755  55226.67227646  55226.24766754  55225.81210755  55226.67227646  55226.24766754 
            96      1.126707   50.9184957  -47.0223959  55207.27846910  55574.13203906  55461.35490643  55207.27846910  55574.13203906  55461.35490643  55207.27846910  55394.95619295  55345.75522322  55207.27846910  55394.95619295  55347.75564972 
            97      0.504470   52.1479492  -32.8895380  55217.60312860  55584.78119740  55368.41566361  55217.60312860  55584.78119740  55368.41566361  55217.60312860  55411.35842358  55291.33766157  55217.60312860  55411.35842358  55289.56708154 
            98      3.818501   52.6173503  -40.4204972  55213.89637980  55580.81207359  55399.06299583  55213.89637980  55580.81207359  55399.06299583  55213.89637980  55411.02900112  55306.19826119  55213.89637980  55411.02900112  55306.19826119 
           100      0.173985   54.6221202    0.3655907  55232.82740786  55424.05298951  55312.62611867  55232.82740786  55424.05298951  55312.62611867  55232.82740786  55233.95231178  55233.38985983  55232.82740786  55233.95231178  55233.38985983 
           102      0.875844   56.7171032  -16.4768946  55230.44237583  55421.67482693  55332.88364320  55230.44237583  55421.67482693  55336.66306374  55230.44237583  55231.56714377  55231.08195196  55230.44237583  55231.56714377  55231.08195196 
           104      0.456579   58.4572349    1.0678364  55236.66512043  55428.02174237  55328.16343206  55236.66512043  55428.02174237  55328.16343206  55236.66512043  55237.65759268  55237.14029953  55236.66512043  55237.65759268  55237.14029953 
           105      1.165233   60.5527963   24.8564745  55243.15362856  55434.63198346  55338.85676619  55243.15362856  55434.63198346  55338.85676619  55243.15362856  55244.01379665  55243.59268989  55243.15362856  55244.01379665  55243.59268989 
           106      1.068490   62.0805821  -56.5411821  55206.34991685  55574.12987432  55458.79648808  55206.34991685  55574.12987432  55458.79648808  55206.34991685  55395.35514166  55347.47556374  55206.34991685  55395.35514166  55347.47556374 
           107      0.800899   62.5131810  -44.2447390  55219.71796006  55589.93686027  55408.79158706  55219.71796006  55589.93686027  55411.58916813  55219.71796006  55414.40370709  55287.39238716  55219.71796006  55414.40370709  55285.53235331 
           108      0.516280   62.8693473   -9.1306322  55238.78045913  55430.27269766  55341.80013300  55238.78045913  55430.27269766  55341.80013300  55238.91276333  55239.77293200  55239.28992628  55238.78045913  55239.77293200  55239.24361108 
           109      0.507564   65.0473824  -44.8900497  55226.59931163  55592.84628057  55419.82780644  55226.59931163  55592.84628057  55419.82780644  55226.73161596  55228.38586530  55227.59179645  55226.73161596  55228.38586530  55227.59179645 
           110      1.079095   65.4086892  -26.9546024  55236.65977218  55428.29157123  55341.08409967  55236.65977218  55428.29157123  55338.05172017  55236.65977218  55237.91698073  55237.28013909  55236.65977218  55237.91698073  55237.28013909 
           111      0.339052   65.5041117  -19.4580568  55239.04315795  55430.67152049  55328.48524525  55239.04315795  55430.67152049  55328.48524525  55239.04315795  55240.16806182  55239.62100932  55239.04315795  55240.16806182  55239.62100932 
           112      0.226124   69.9462244   16.5710562  55252.01799367  55444.15813561  55348.09366655  55252.01799367  55444.15813561  55348.09366655  55252.28260189  55253.01046227  55252.64283880  55252.28260189  55253.01046227  55252.64283880 
           114      0.126061   71.4507651   -2.3333216  55248.70631617  55443.10339545  55361.51586838  55248.70631617  55443.10339545  55364.13092229  55248.70631617  55251.94833983  55249.75545340  55248.70631617  55251.94833983  55249.99648817 
           115      0.467131   73.5075182  -44.8085196  55239.03831914  55431.60223465  55329.44595378  55239.03831914  55431.60223465  55329.44595378  55239.03831914  55241.08947954  55240.08380478  55239.03831914  55241.08947954  55240.08380478 
           116      0.415792   75.9357763   -7.5061233  55254.79230142  55447.07290138  55350.89962604  55254.79230142  55447.07290138  55350.89962604  55254.79230142  55255.78477294  55255.28857962  55254.79230142  55255.78477294  55255.28857962 
           117      0.221045   89.9394450  -15.5834509  55269.61123723  55469.95780256  55363.09294300  55269.61123723  55469.95780256  55363.09294300  55269.61123723  55270.73601220  55270.13112120  55269.61123723  55270.86831624  55270.18026754 
           118      0.860907  106.6101595   29.3513654  55285.49816720  55478.15007985  55373.84118402  55285.49816720  55478.15007985  55373.84118402  55285.49816720  55286.49063866  55285.99695948  55285.49816720  55286.49063866  55285.99695948 
           119      0.163983  108.4429433    8.9256914  55289.46410551  55481.98956957  55389.89497768  55289.46410551  55481.98956957  55389.89497768  55289.46410551  55290.45644961  55289.98012952  55289.46410551  55290.45644961  55289.98012952 
           120      0.523254  112.7629718   44.9969306  55288.01525519  55480.66029001  55388.21982873  55288.01525519  55480.66029001  55388.21982873  55288.01525519  55289.13990333  55288.57757926  55288.01525519  55289.13990333  55288.57757926 
           121      0.152196  115.4779647   25.3415417  55293.43679279  55485.82218281  55381.67135813  55293.43679279  55485.82218281  55385.48751312  55293.43679279  55294.42913691  55293.90539620  55293.43679279  55294.42913691  55293.90496521 
           122      0.066163  116.9549004   11.8979148  55297.00696964  55489.39579192  55393.20969493  55297.00696964  55489.39579192  55393.20969493  55297.00696964  55297.99931418  55297.47665557  55297.00696964  55297.99931418  55297.47665557 
           123      0.383207  119.0754410   41.0690466  55293.43972162  55485.95143068  55393.50093660  55293.43972162  55485.95143068  55393.50093660  55293.43972162  55294.43206574  55293.91933971  55293.43972162  55294.43206574  55293.91933971 
           124      0.308538  120.7726787   31.6428599  55296.61362275  55489.12749111  55392.86791992  55296.61362275  55489.12749111  55392.86791992  55296.61362275  55297.60596729  55297.13736370  55296.61362275  55297.60596729  55297.13736370 
           125      0.119707  122.7263581   51.0944848  55293.57393573  55486.21412855  55389.87758325  55293.57393573  55486.21412855  55389.87758325  55293.57393573  55294.69858762  55294.11262099  55293.57393573  55294.69858762  55294.11262099 
           126      0.220775  123.2033900    4.6824275  55304.41537183  55496.53931432  55409.12313343  55304.41537183  55496.53931432  55409.12313343  55304.41537183  55305.27541277  55304.82559125  55304.41537183  55305.27541277  55304.82559125 
           128      0.869968  126.2248207   13.0379991  55305.21085241  55497.46353207  55410.02492306  55305.21085241  55497.46353207  55410.02492306  55305.21085241  55306.20319753  55305.71805388  55305.21085241  55306.20319753  55305.71805388 
           130      0.273366  127.2817900    3.0656432  55310.76623307  55503.15273093  55414.89851533  55310.76623307  55503.15273093  55414.89851533  55310.89853736  55311.75857869  55311.31753619  55310.89853736  55311.75857869  55311.31753619 
           131      0.475308  127.3833489   41.2946344  55299.52647806  55499.37640051  55399.57385143  55299.52647806  55499.37640051  55399.57385143  55299.52647806  55300.51882318  55300.02266144  55299.52647806  55300.51882318  55300.03537973 
           132      0.226418  127.3879494   25.1127221  55303.49306256  55495.74179766  55413.34015712  55303.49306256  55495.74179766  55413.34015712  55303.49306256  55304.61771200  55304.13991142  55303.49306256  55304.61771200  55304.13991142 
           133      0.522006  128.3237385   27.4414342  55303.62574877  55496.00589619  55396.09273620  55303.62574877  55496.00589619  55396.09273620  55303.62574877  55304.88282977  55304.33827358  55303.62574877  55304.88282977  55304.33827358 
           137      0.141533  129.1827381    0.9147662  55313.01515078  55505.40165065  55401.85733787  55313.01515078  55505.40165065  55401.85733787  55313.01515078  55314.00749635  55313.45794444  55313.01515078  55314.00749635  55313.45794444 
           138      0.478106  129.4077873   49.4835513  55298.46944583  55491.10810278  55391.49719367  55298.46944583  55491.10810278  55391.49719367  55298.46944583  55299.59422184  55299.07370680  55298.46944583  55299.59422184  55299.07370680 
           139      0.335631  129.9453820   39.0031093  55302.04013574  55494.41659318  55391.09653325  55302.04013574  55494.41659318  55394.41533413  55302.04013574  55308.12651110  55302.94742825  55302.04013574  55308.12651110  55302.94742825 
           140      1.036894  129.9804935    0.2648165  55313.94128058  55506.32752450  55410.15379012  55313.94128058  55506.32752450  55410.15379012  55313.94128058  55315.06593053  55314.50360555  55313.94128058  55315.06593053  55314.50360555 
           141      0.319548  130.1463359   56.4056962  55296.61833434  55489.25508355  55399.73639723  55296.61833434  55489.25508355  55399.73639723  55296.61833434  55297.74298293  55297.16285091  55296.61833434  55297.74298293  55297.16285091 
           142      0.544133  130.3313849   29.0844554  55305.08160438  55497.06369138  55392.36731043  55305.08160438  55497.06369138  55392.36731043  55305.08160438  55305.94164531  55305.50609621  55305.08160438  55305.94164531  55305.50609621 
           143      0.717915  130.6227830   12.3141916  55311.56184138  55503.94451748  55403.89506429  55311.56184138  55503.94451748  55403.89506429  55311.56184138  55312.55418697  55312.01479268  55311.56184138  55312.55418697  55312.01479268 
           146      0.266654  131.6160584    8.0144162  55313.54576851  55505.79703478  55405.81588403  55313.54576851  55505.79703478  55405.81588403  55313.54576851  55314.53811417  55313.99235380  55313.54576851  55314.53811417  55313.99235380 
           148      0.251788  132.7009870   32.7799211  55305.87619355  55500.63424348  55393.20682449  55305.87619355  55500.63424348  55407.21527228  55305.87619355  55308.85323336  55306.56532605  55305.87619355  55308.85323336  55306.87798995 
           149      3.495371  133.4534057    1.6540219  55316.85248574  55509.10476410  55412.98421759  55316.85248574  55509.10476410  55412.98421759  55316.85248574  55317.97713569  55317.44187585  55316.85248574  55317.97713569  55317.44187585 
           150      0.249544  133.6266113   20.9474140  55311.96053686  55504.33964669  55408.14716931  55311.96053686  55504.33964669  55408.14716931  55311.96053686  55312.95275513  55312.47168347  55311.96053686  55312.95275513  55312.47168347 
           154      2.949586  135.3852096   16.2517225  55314.73828968  55506.98573406  55419.53748294  55314.73828968  55506.98573406  55419.53748294  55314.73828968  55315.73050980  55315.23439920  55314.73828968  55315.73050980  55315.23439920 
           155      4.082367  135.6917087    8.8539394  55316.98619076  55509.10336339  55417.21556839  55316.98619076  55509.10336339  55417.21556839  55316.98619076  55317.97853640  55317.49739528  55316.98619076  55317.97853640  55317.49739528 
           160      0.222075  136.6282268   69.5085052  55293.44519714  55486.34286707  55383.94668095  55293.44519714  55486.34286707  55383.94668095  55293.44519714  55294.83445727  55294.15635606  55293.44519714  55294.83445727  55294.15635606 
           162      1.063302  137.5570537   16.9414559  55316.45850174  55508.57274635  55400.04691453  55316.45850174  55508.57274635  55400.04691453  55316.45850174  55317.45084742  55316.94701959  55316.45850174  55317.45084742  55316.94701959 
           163      0.365201  137.7272477   -4.2351288  55322.67323542  55514.66077802  55418.69465505  55322.67323542  55514.66077802  55418.69465505  55322.67323542  55323.79788456  55323.24457784  55322.67323542  55323.79788456  55323.24457784 
           166      0.128639  138.9318496   49.4046595  55305.08542451  55499.83749078  55395.75561973  55305.08542451  55499.83749078  55398.67619686  55305.08542451  55306.07776969  55305.54348874  55305.08542451  55306.07776969  55305.52022017 
           167      0.591472  139.4914794   38.5109909  55311.56693492  55503.93955127  55396.35382606  55311.56693492  55503.93955127  55396.35382606  55311.56693492  55312.69158475  55312.20008711  55311.56693492  55312.69158475  55312.20008711 
           169      3.676978  140.3351046    0.1221750  55323.86499170  55515.71806500  55415.27087079  55323.86499170  55515.71806500  55415.27087079  55323.86499170  55324.85720927  55324.37613792  55323.86499170  55324.85720927  55324.37613792 
           170      0.548220  140.5701260   26.8998766  55316.06349892  55508.30635547  55412.18497968  55316.06349892  55508.30635547  55412.18497968  55316.06349892  55317.05571738  55316.57464564  55316.06349892  55317.05571738  55316.57464564 
           172      0.708290  140.9463186    4.0486406  55323.20410753  55515.05590762  55423.27492689  55323.20410753  55515.05590762  55423.27492689  55323.20410753  55324.19645247  55323.71531168  55323.20410753  55324.19645247  55323.71531168 
           173      0.579680  141.8408299   20.0233705  55319.23778307  55511.21742736  55415.23755053  55319.23778307  55511.21742736  55415.23755053  55319.23778307  55320.23000101  55319.73389203  55319.23778307  55320.23000101  55319.73389203 
           175      0.686014  143.8473152   -2.1317641  55327.83386223  55519.55400042  55419.58655994  55327.83386223  55519.55400042  55419.58655994  55327.83386223  55328.95851110  55328.39618669  55327.83386223  55328.95851110  55328.39618669 
           176      0.342988  147.2307005   21.1088630  55323.47202670  55515.31720510  55414.85844132  55323.47202670  55515.31720510  55414.85844132  55323.47202670  55324.46437159  55323.98323084  55323.47202670  55324.46437159  55323.98323084 
           177      0.214356  149.2819287    6.1831985  55330.08480641  55521.66844877  55421.75212583  55330.08480641  55521.66844877  55421.75212583  55330.08480641  55331.20945391  55330.64713012  55330.08480641  55331.20945391  55330.64713012 
           178      0.869107  149.3008165   10.2715647  55328.76253797  55520.34515172  55420.49543101  55328.76253797  55520.34515172  55420.49543101  55328.76253797  55329.88705069  55329.32479658  55328.76253797  55329.88705069  55329.32479658 
           181      2.985135  149.5575306   35.4132098  55320.29927291  55512.40473123  55397.25265260  55320.29927291  55512.40473123  55397.25265260  55320.29927291  55321.42392234  55320.86819373  55320.29927291  55321.42392234  55320.86819373 
           183      0.089901  150.1823929   21.0574336  55325.98606051  55517.69778808  55426.00102234  55325.98606051  55517.69778808  55426.00102234  55325.98606051  55326.97827797  55326.49720671  55325.98606051  55326.97827797  55326.49720671 
           186      0.304813  151.5608849   -3.1751952  55335.37556538  55526.69601172  55435.01309192  55335.37556538  55526.69601172  55465.98667368  55335.37556538  55336.23547751  55335.78898346  55335.37556538  55336.23547751  55335.80552146 
           187      0.261086  153.4014780   42.6740356  55320.30067367  55512.40333051  55416.33426266  55320.30067367  55512.40333051  55416.33426266  55320.30067367  55321.42532304  55320.84519062  55320.30067367  55321.42532304  55320.84519062 
           188      1.734087  155.5076732    8.0232236  55334.98081823  55526.29706155  55439.29308747  55334.98081823  55526.29706155  55449.64493838  55334.98081823  55335.84073040  55335.42916046  55334.98081823  55335.84073040  55335.44385665 
           189      0.600688  155.5417932   22.8735807  55329.82350918  55521.40065681  55425.66726758  55329.82350918  55521.40065681  55425.66726758  55329.82350918  55330.94802944  55330.38576928  55329.82350918  55330.94802944  55330.38576928 
           190      0.261875  156.5984016   25.7164564  55329.69171450  55528.67471806  55433.77909346  55329.69171450  55521.26784322  55429.65319674  55329.69171450  55330.68405806  55330.20291796  55329.69171450  55330.68405806  55330.20291796 
           191      0.374824  157.1393018    7.7719723  55338.81763028  55530.26504315  55437.71126176  55339.08223818  55530.26504315  55428.24924059  55339.21454204  55339.67754210  55339.42241183  55338.94993424  55339.67754210  55339.36335213 
           192      0.575726  157.6128434    5.4151830  55340.14028751  55531.45578149  55435.74396154  55340.14028751  55531.45578149  55426.27198227  55340.27259137  55341.13250375  55340.66946508  55340.27259137  55341.13250375  55340.66946508 
           193      0.207150  157.9070540   -2.6599621  55343.18187727  55534.36698946  55434.65279069  55343.18187727  55534.36698946  55434.65279069  55343.31418113  55344.30639111  55343.81689348  55343.18187727  55344.30639111  55343.75916473 
           195      0.356364  158.5776686   20.5499665  55333.26315808  55524.70749917  55437.65136488  55333.26315808  55524.70749917  55437.65136488  55333.26315808  55334.25550159  55333.75932981  55333.26315808  55334.25550159  55333.75932981 
           196      0.407109  158.6937569  -14.4209949  55348.47186094  55539.39493583  55451.83629560  55348.47186094  55539.39493583  55451.83629560  55348.47186094  55349.59650711  55349.06726637  55348.47186094  55349.59650711  55349.06726637 
           197      0.578318  159.2256400   -2.5438182  55344.37260674  55535.42504203  55439.95951056  55344.37260674  55535.42504203  55439.95951056  55344.37260674  55345.49725294  55344.93492985  55344.37260674  55345.49725294  55344.93492985 
           199      0.959930  160.8963744   10.1762073  55341.33204193  55532.51281884  55441.05559977  55341.33204193  55532.51281884  55441.05559977  55341.33204193  55342.32425760  55341.81311233  55341.33204193  55342.32425760  55341.81311233 
           200      0.060603  161.1376662   -1.4172613  55345.69602696  55536.61501686  55437.08568549  55345.69602696  55536.61501686  55437.08568549  55345.69602696  55346.68824255  55346.21969257  55345.69602696  55346.68824255  55346.21969257 
           201      0.768771  162.0830979   -1.1612825  55346.48985047  55537.40858817  55446.46346227  55346.48985047  55537.40858817  55446.46346227  55346.48985047  55347.48219280  55346.98602167  55346.48985047  55347.48219280  55346.98602167 
           202      0.424524  162.1530081   33.6631241  55331.01640987  55522.58884868  55430.49981752  55331.01640987  55522.58884868  55430.49981752  55331.01640987  55337.36699863  55331.96292136  55331.01640987  55337.36699863  55331.96292136 
           203      0.349453  162.1877040   46.6217329  55324.66798508  55516.63464348  55414.69587006  55324.66798508  55516.63464348  55414.69587006  55324.66798508  55325.79263413  55325.26725262  55324.66798508  55325.79263413  55325.26725262 
           204      0.268220  162.6518098   58.0735380  55317.52521295  55510.01943223  55406.99450643  55317.52521295  55510.01943223  55406.99450643  55317.52521295  55318.91447124  55318.21762644  55317.52521295  55318.91447124  55318.21762644 
           205      0.375976  163.3455916   58.0700512  55318.05443001  55510.41621716  55408.26754380  55318.05443001  55510.41621716  55408.26754380  55318.05443001  55319.31138394  55318.66151794  55318.05443001  55319.31138394  55318.66151794 
           206      0.362749  163.5220218   46.6250880  55325.59424159  55517.56051773  55418.52600117  55325.59424159  55517.56051773  55418.52600117  55325.59424159  55326.85106738  55326.23917660  55325.59424159  55326.85106738  55326.23917660 
           208      1.479690  164.8687884   -9.1057280  55352.04533564  55542.56808127  55451.43704016  55352.04533564  55542.56808127  55451.43704016  55352.04533564  55353.03755029  55352.55648036  55352.04533564  55353.03755029  55352.55648036 
           209      0.776506  165.3930518    5.5262569  55346.88816270  55537.80397309  55438.25329650  55346.88816270  55537.80397309  55438.25329650  55346.88816270  55348.01268154  55347.45042209  55346.88816270  55348.01268154  55347.45042209 
           210      1.131969  166.0899040   21.5743562  55341.46663795  55532.64283109  55421.22814507  55341.46663795  55532.64283109  55421.22814507  55341.46663795  55342.45885362  55341.95326823  55341.46663795  55342.45885362  55341.95326823 
           213      0.530977  169.8359287   34.8801654  55336.44163749  55530.25956757  55442.40073877  55336.44163749  55530.25956757  55442.40073877  55336.44163749  55339.81532162  55337.97630140  55336.44163749  55339.81532162  55338.22032438 
           214      0.434305  170.0060981    6.6899795  55350.59304948  55541.24236323  55450.05943197  55350.59304948  55541.24236323  55445.92678095  55350.59304948  55351.58526424  55351.10419432  55350.59304948  55351.58526424  55351.10419432 
           215      0.870289  170.7084929   13.7098836  55348.47746387  55539.25715594  55436.65690750  55348.47746387  55539.25715594  55436.65690750  55348.47746387  55349.60210999  55349.11065037  55348.47746387  55349.60210999  55349.11065037 
           216      0.202831  170.7965057   -0.7384806  55354.16397885  55544.55022772  55441.42436827  55354.16397885  55544.55022772  55441.42436827  55354.16397885  55355.15619351  55354.62189463  55354.16397885  55355.15619351  55354.62189463 
           217      0.186881  171.3172044   44.8124459  55332.34186913  55528.86903594  55425.18304546  55332.34186913  55528.86903594  55425.18304546  55332.34186913  55337.43550635  55333.20628042  55332.34186913  55337.43550635  55333.20628042 
           218      0.666374  171.6580609   17.5828081  55347.81670889  55538.59512491  55447.74200745  55347.81670889  55538.59512491  55447.74200745  55347.81670889  55348.80892376  55348.33266824  55347.81670889  55348.80892376  55348.33266824 
           219      1.360423  172.1770500   26.8862900  55344.37846429  55535.41918440  55443.70382247  55344.37846429  55535.41918440  55443.70382247  55344.37846429  55345.37080668  55344.88966714  55344.37846429  55345.37080668  55344.87463551 
           220      0.519415  172.2409110   57.9859386  55323.47953971  55515.70647719  55395.76593083  55323.47953971  55515.70647719  55395.76593083  55323.47953971  55324.86879711  55324.18960177  55323.47953971  55324.86879711  55324.18960177 
           221      0.321293  173.1937805   12.1503881  55351.25571453  55541.90248446  55437.99459498  55351.25571453  55541.90248446  55437.99459498  55351.25571453  55352.38023354  55351.81797385  55351.25571453  55352.38023354  55351.81797385 
           222      1.856081  173.2863953   16.0659551  55349.80101138  55540.57918584  55441.39845792  55349.80101138  55540.57918584  55441.39845792  55349.80101138  55350.92565543  55350.32008801  55349.80101138  55350.92565543  55350.32008801 
           223      0.559397  173.5593607    8.4816118  55353.10733140  55543.49026451  55439.68718185  55353.10733140  55543.49026451  55439.68718185  55353.10733140  55353.96724226  55353.54278349  55353.10733140  55353.96724226  55353.54278349 
           224      0.468998  173.7873252   50.1923934  55330.62293591  55528.73584028  55423.65268950  55330.62293591  55528.73584028  55423.65268950  55330.62293591  55337.37043672  55331.65934676  55330.62293591  55337.37043672  55331.65934676 
           225      0.213643  174.3237952   35.8324510  55341.86635118  55533.16899220  55448.07220077  55341.86635118  55533.16899220  55448.07220077  55341.86635118  55342.99099803  55342.43769243  55341.86635118  55342.99099803  55342.42867461 
           226      0.578808  174.7919605  -12.2846896  55362.10017119  55552.09094382  55453.32224258  55362.10017119  55552.09094382  55453.32224258  55362.23247492  55363.22469038  55362.62931725  55362.23247492  55363.22469038  55362.62931725 
           227      1.535309  175.4096114  -20.2656041  55368.31679348  55555.66341420  55458.58199386  55368.31679348  55555.66341420  55462.03338280  55368.31679348  55369.44131192  55368.80188608  55368.31679348  55369.44131192  55368.80188608 
           228      0.478626  175.9096717   38.1412375  55341.86686053  55533.16848284  55424.96717157  55341.86686053  55533.16848284  55424.96717157  55341.86686053  55343.12381134  55342.58287312  55341.86686053  55343.12381134  55342.58287312 
           229      2.354435  176.6358422   -1.9112469  55359.72061266  55549.84062266  55446.91138075  55359.72061266  55549.84062266  55446.91138075  55359.72061266  55360.71282755  55360.27527589  55359.72061266  55360.71282755  55360.27527589 
           231      0.206039  176.7408505   40.6191125  55341.20584976  55532.50670659  55425.47883183  55341.20584976  55532.50670659  55425.47883183  55341.20584976  55342.33036990  55341.76811000  55341.20584976  55342.33036990  55341.76811000 
           233      0.177785  176.7767501   -1.1661403  55359.58843619  55549.70819088  55454.68697538  55359.58843619  55549.70819088  55454.68697538  55359.58843619  55360.58077850  55360.12970226  55359.58843619  55360.58077850  55360.13972335 
           234      0.248144  177.0137429    7.0356918  55356.67927859  55546.92916143  55447.27457476  55356.67927859  55546.92916143  55447.27457476  55356.67927859  55357.67162271  55357.13035511  55356.67927859  55357.67162271  55357.13035511 
           236      0.381791  177.0692174   52.8639526  55331.02048469  55528.80129200  55421.51079777  55331.02048469  55528.80129200  55421.51079777  55331.02048469  55337.37107345  55332.00447948  55331.02048469  55337.37107345  55331.95827506 
           237      0.439217  177.1090109   30.3385754  55346.89312834  55537.79900682  55449.67594027  55346.89312834  55537.79900682  55449.67594027  55346.89312834  55348.01764775  55347.45538825  55346.89312834  55348.01764775  55347.45538825 
           239      0.704464  177.4433463    7.8140844  55356.67953326  55547.06133853  55451.91118762  55356.67953326  55547.06133853  55451.91118762  55356.67953326  55357.80405390  55357.24941855  55356.67953326  55357.80405390  55357.24941855 
           242      0.531720  178.5831537   23.5658861  55351.25800659  55541.90031971  55446.62603822  55351.25800659  55541.90031971  55446.62603822  55351.25800659  55352.38252508  55351.82026584  55351.25800659  55352.38252508  55351.82026584 
           243      0.626943  178.6030102   13.6962195  55355.48994538  55545.73765634  55450.60829771  55355.48994538  55545.73765634  55450.60829771  55355.48994538  55356.48215999  55355.95294489  55355.48994538  55356.48215999  55355.95294489 
           244      0.427550  179.4515536    6.6198767  55358.92844534  55549.04539542  55449.53598217  55358.92844534  55549.04539542  55449.53598217  55358.92844534  55359.92078749  55359.43964802  55358.92844534  55359.92078749  55359.43964802 
           246      0.188229  180.5324505   32.5940636  55348.61358778  55539.51782183  55440.58934355  55348.61358778  55539.51782183  55440.58934355  55348.61358778  55349.73823395  55349.24677433  55348.61358778  55349.73823395  55349.24677433 
           248      1.226917  181.1735558   -0.3638216  55363.16102160  55553.01427328  55453.96620945  55363.16102160  55553.01427328  55453.96620945  55363.16102160  55364.15323642  55363.61298525  55363.16102160  55364.15323642  55363.61298525 
           249      1.650312  181.2707855   -0.0078145  55363.02871781  55553.01427328  55465.31851257  55363.02871781  55553.01427328  55465.31851257  55363.02871781  55364.15323642  55363.59097707  55363.02871781  55364.15323642  55363.59097707 
           250      0.459802  181.9060478    6.5029614  55361.17773738  55551.16137472  55456.16963765  55361.17773738  55551.16137472  55456.16963765  55361.17773738  55362.16995222  55361.67384475  55361.17773738  55362.16995222  55361.67384475 
           251      3.750829  181.9748724   -0.0973772  55363.69023670  55553.54323326  55454.15950035  55363.69023670  55553.54323326  55454.15950035  55363.69023670  55364.68245006  55364.20138134  55363.69023670  55364.68245006  55364.20138134 
           253      0.211135  182.2194668   21.1760473  55355.49134610  55545.86830528  55446.55568937  55355.49134610  55545.86830528  55446.55568937  55355.49134610  55356.48368811  55355.98751707  55355.49134610  55356.48368811  55355.98751707 
           255      2.840895  182.3494891   -0.1135512  55364.08714826  55553.94001907  55463.10926729  55364.08714826  55553.94001907  55472.45174898  55364.08714826  55365.07936147  55364.58025641  55364.08714826  55365.07936147  55364.58025641 
           256      0.404789  182.4696656   18.5296763  55356.81400181  55547.05917374  55444.66784316  55356.81400181  55547.05917374  55444.66784316  55356.81400181  55357.93852251  55357.34315384  55356.81400181  55357.93852251  55357.34315384 
           257      0.746314  183.1122127    5.0926368  55362.76512883  55552.61646863  55457.72392465  55362.76512883  55552.61646863  55457.72392465  55362.76512883  55363.75734372  55363.26123628  55362.76512883  55363.75734372  55363.26123628 
           258      0.175211  183.2992306  -12.7675957  55372.15512971  55561.61341948  55466.91463835  55372.15512971  55561.61341948  55466.91463835  55372.15512971  55373.14734472  55372.63471500  55372.15512971  55373.14734472  55372.63471500 
           260      1.097040  184.1147463   45.3199192  55343.85306918  55535.15075553  55424.27322693  55343.85306918  55535.15075553  55424.27322693  55343.85306918  55345.11001921  55344.58075438  55343.85306918  55345.11001921  55344.58075438 
           261      1.167913  184.3386717    1.5282717  55365.14595907  55554.86551304  55448.65086270  55368.12260366  55554.86551304  55492.38861664  55365.14595907  55368.51951498  55366.64847035  55365.14595907  55368.51951498  55366.79139997 
           262      0.081426  184.5466478   18.1307055  55358.79843352  55548.91079894  55446.84289757  55358.79843352  55548.91079894  55446.84289757  55358.79843352  55366.47167103  55359.75764970  55358.79843352  55366.47167103  55359.75764970 
           264      0.061479  185.4434291   44.7578068  55345.30841128  55536.47341683  55450.75603924  55345.30841128  55536.47341683  55450.75603924  55345.30841128  55346.56523385  55345.90883767  55345.30841128  55346.56523385  55345.90883767 
           265      0.123763  185.6582158   19.9786036  55358.93111939  55549.17489836  55447.04135372  55358.93111939  55549.17489836  55447.04135372  55358.93111939  55366.47205308  55359.95175775  55358.93111939  55366.47205308  55359.95175775 
           266      2.825520  187.1054252   -2.5613652  55371.49564955  55561.08241918  55470.13900218  55371.49564955  55561.08241918  55470.13900218  55371.49564955  55372.62016656  55372.05790757  55371.49564955  55372.62016656  55372.05790757 
           268      4.997456  188.3894715    6.3775532  55369.24826813  55556.58381455  55444.25529726  55369.24826813  55556.58381455  55444.25529726  55369.24826813  55370.24048277  55369.76089748  55369.24826813  55370.24048277  55369.76089748 
           269      0.463852  189.0251963   46.9568519  55346.49965497  55537.66326431  55432.26677764  55346.49965497  55537.66326431  55432.26677764  55346.49965497  55347.75660551  55347.14879870  55346.49965497  55347.75660551  55347.14879870 
           271      0.310325  190.6995304   52.2185042  55343.19308310  55534.75256920  55427.11617235  55343.19308310  55534.75256920  55427.11617235  55343.19308310  55344.44990080  55343.86697382  55343.19308310  55344.71450840  55343.91682879 
           272      0.120283  190.9200835   25.4899900  55361.04925374  55558.03534311  55456.58427494  55361.04925374  55558.03534311  55456.58427494  55361.04925374  55366.67184574  55362.00076937  55361.04925374  55366.67184574  55362.00076937 
           273      1.152177  192.7162387   31.5063852  55359.59505779  55549.83387368  55461.66705669  55359.59505779  55549.83387368  55461.66705669  55359.59505779  55366.54068801  55360.57202152  55359.59505779  55366.54068801  55360.57202152 
           274      3.960523  194.1278226   25.5474877  55363.82776146  55558.23348141  55445.91272398  55363.82776146  55558.23348141  55445.91272398  55363.82776146  55364.95227861  55364.33145971  55363.82776146  55364.95227861  55364.33145971 
           275      0.311011  194.4895985   63.8269204  55329.69999154  55528.73265677  55426.27691707  55329.69999154  55528.73265677  55426.27691707  55329.69999154  55337.30740458  55331.20410553  55329.69999154  55337.30740458  55331.20410553 
           276      0.637841  196.5343996    3.9404930  55204.07870780  55566.63563767  55388.45525562  55204.54183778  55566.63563767  55440.01716749  55204.07870780  55378.57523275  55316.77036007  55204.07870780  55378.57523275  55316.77036007 
           277      2.018314  197.7198460   25.5346293  55366.40774753  55559.22519119  55478.89779552  55366.40774753  55559.22519119  55481.32949479  55366.40774753  55370.50891047  55369.67442788  55366.40774753  55370.50891047  55369.67442788 
           278      0.388242  198.6684232   54.5437734  55346.63374154  55538.05826723  55427.37116935  55346.63374154  55538.05826723  55427.37116935  55346.63374154  55348.15517242  55347.43749077  55346.63374154  55348.15517242  55347.41497049 
           279      0.204729  199.0339566   10.4758182  55203.81269773  55566.36988284  55399.03237085  55203.81269773  55566.36988284  55399.03237085  55203.81269773  55378.31190272  55311.63133610  55203.81269773  55378.31190272  55311.63133610 
           280      0.909167  199.3363904   -2.6534479  55208.31449561  55571.26578316  55411.18953912  55208.31449561  55571.26578316  55411.18953912  55208.31449561  55383.60150019  55318.74008548  55208.31449561  55383.60150019  55318.74008548 
           281      0.585331  199.7969348    9.8477108  55204.47447568  55567.29575889  55383.35819844  55204.47447568  55567.29575889  55383.35819844  55204.47447568  55379.23789733  55299.74595457  55204.47447568  55379.23789733  55299.74595457 
           282      0.308317  201.9223352   57.5440002  55345.31134002  55536.86727362  55438.52764543  55345.31134002  55536.86727362  55438.52764543  55345.31134002  55346.83289765  55346.05072239  55345.31134002  55346.83289765  55346.05072239 
           283      0.045587  203.2393827   22.1432979  55203.47967098  55565.44171478  55453.91402856  55203.47967098  55565.44171478  55453.91402856  55376.13124657  55377.25576475  55376.68881232  55376.13124657  55377.25576475  55376.68881232 
           284      0.140404  203.5523875   12.3390933  55203.08428569  55569.67571100  55444.75325366  55203.08428569  55569.67571100  55444.75325366  55203.08428569  55381.75217679  55359.22035851  55203.08428569  55381.75217679  55359.22035851 
           285      0.377096  203.9616326   35.5544763  55366.40978501  55559.35545813  55481.68542534  55366.40978501  55559.35545813  55481.68542534  55366.40978501  55370.77555542  55369.90786195  55366.40978501  55370.77555542  55369.90786195 
           286      1.718649  203.9848080   -3.4772192  55211.75505502  55575.49786841  55386.34258106  55211.75505502  55575.49786841  55386.34258106  55211.75505502  55388.09969992  55303.68338761  55211.75505502  55388.09969992  55303.68338761 
           287      0.223316  204.3700850   41.9277904  55363.03724896  55558.16395466  55452.44673020  55363.03724896  55558.16395466  55452.44673020  55363.03724896  55364.42637569  55363.74156879  55363.03724896  55364.42637569  55363.74156879 
           288      1.141455  205.0629729   39.4420384  55365.55063802  55558.36272963  55432.79570832  55365.55063802  55558.36272963  55432.79570832  55365.55063802  55369.18867417  55367.57691921  55365.55063802  55369.18867417  55367.57691921 
           289      0.257051  205.1676646   28.2244175  55203.34609311  55564.38251564  55439.85563008  55203.34609311  55564.38251564  55439.85563008  55203.34609311  55376.06630437  55345.07265467  55203.34609311  55376.06630437  55345.07265467 
           290      0.049652  205.4227689   46.1861901  55360.52436797  55558.03101356  55469.01266555  55360.52436797  55558.03101356  55469.01266555  55360.52436797  55366.67617523  55361.65907356  55360.52436797  55366.67617523  55361.65907356 
           291      0.028857  205.4750718   35.1682542  55371.10637863  55560.94247442  55476.59810871  55371.10637863  55560.94247442  55476.59810871  55371.10637863  55372.36319941  55371.74580759  55371.10637863  55372.36319941  55371.74580759 
           292      1.005494  205.5335707    9.4771727  55208.97359978  55572.45359391  55383.28200321  55208.97359978  55572.45359391  55383.28200321  55208.97359978  55384.79465284  55300.60863462  55208.97359978  55384.79465284  55300.60863462 
           293      0.529285  206.3609469   23.4969023  55204.73641149  55567.55756722  55410.76449570  55204.73641149  55567.55756722  55410.76449570  55204.73641149  55379.50530613  55310.96222713  55204.73641149  55379.50530613  55310.96222713 
           294      3.152339  209.2050009  -26.7079689  55222.34570920  55589.78558240  55427.47230795  55222.34570920  55589.78558240  55404.56083222  55222.34570920  55402.91301201  55330.54064007  55222.34570920  55402.91301201  55330.54064007 
           298      0.531199  210.4472442   27.8265456  55203.08110218  55569.27586905  55430.78787626  55203.08110218  55569.27586905  55430.78787626  55203.08110218  55381.35844924  55343.65936925  55203.08110218  55381.35844924  55343.65936925 
           301      0.289096  210.8296983    9.0474180  55213.20824221  55577.21476924  55413.28130319  55213.20824221  55577.21476924  55413.96290736  55213.20824221  55395.77535586  55320.87055899  55213.20824221  55395.77535586  55320.87055899 
           305      1.063604  212.0952559   53.0060619  55358.93825035  55549.82916213  55435.76216608  55358.93825035  55549.82916213  55435.76216608  55358.93825035  55366.54539954  55360.05177551  55358.93825035  55366.54539954  55360.05177551 
           307      0.171254  212.7970144   12.2937335  55213.73695175  55577.87527249  55407.35655824  55213.73695175  55577.87527249  55407.35655824  55213.73695175  55395.84220811  55319.89915616  55213.73695175  55395.84220811  55319.89915616 
           308      0.547734  213.3629467  -22.5618838  55224.06515572  55591.63618725  55417.05970142  55224.06515572  55591.63618725  55417.05970142  55224.06515572  55405.03076476  55326.24944123  55224.06515572  55405.03076476  55326.24944123 
           309      0.473793  213.5182204   51.2598172  55362.37789463  55558.16191727  55444.38967212  55362.37789463  55558.16191727  55444.38967212  55362.37789463  55366.80975243  55363.30394931  55362.37789463  55366.80975243  55363.30394931 
           313      4.411139  213.7324121  -13.4814746  55221.81381789  55589.25394597  55380.84927516  55221.81381789  55585.88139830  55333.13230569  55221.81381789  55402.38634369  55315.98542112  55221.81381789  55402.38634369  55315.98542112 
           320      1.421909  215.8583250   13.0499504  55215.98625944  55587.39774036  55405.10237804  55215.98625944  55587.39774036  55405.10237804  55215.98625944  55396.04098214  55320.94354683  55215.98625944  55396.04098214  55320.94354683 
           322      1.610408  216.3185831   32.9026381  55208.57197403  55572.05222390  55421.89578966  55208.57197403  55572.05222390  55421.89578966  55208.57197403  55384.40245336  55315.06636695  55208.57197403  55384.40245336  55315.06636695 
           324      0.726689  216.8737953   35.3693501  55208.30685527  55571.25814282  55443.97610021  55208.30685527  55571.25814282  55449.85625308  55208.30685527  55383.47683625  55351.08051612  55208.30685527  55383.47683625  55344.89310174 
           325      0.670392  216.9105885   33.2115869  55208.83658347  55572.44888237  55416.89393903  55208.83658347  55572.44888237  55416.89393903  55208.83658347  55384.79936441  55323.60682575  55208.83658347  55384.79936441  55323.60682575 
           329      0.657682  217.4084080   33.0712400  55209.23362499  55572.97784532  55384.50438064  55209.23362499  55572.97784532  55384.50438064  55209.23362499  55385.32857910  55303.49939627  55209.23362499  55385.32857910  55303.49939627 
           330      0.971381  217.4671728   54.7880043  55361.05562066  55558.02897618  55449.71044253  55361.05562066  55558.02897618  55449.71044253  55361.05562066  55366.81051646  55362.37354056  55361.05562066  55366.81051646  55362.37354056 
           331      0.177338  217.9185726   -7.4121046  55223.40057814  55590.97211911  55410.88195370  55223.40057814  55590.97211911  55410.88195370  55223.40057814  55404.37217399  55328.81855430  55223.40057814  55404.37204662  55328.81854900 
           332      0.261274  219.0208214   21.5443056  55215.71999456  55587.32986916  55408.43266485  55215.71999456  55587.32986916  55404.37159422  55215.71999456  55395.97642194  55329.48721944  55215.71999456  55395.97642194  55325.59843941 
           333      0.241472  219.0489426   50.1185896  55371.10968941  55561.33607681  55464.09734684  55371.10968941  55561.33607681  55464.09734684  55371.10968941  55372.89559785  55371.99246111  55371.10968941  55372.89559785  55371.99246111 
           334      0.611703  219.4658359   23.3871834  55215.32269837  55587.32961447  55407.60968073  55215.32269837  55587.32961447  55407.60968073  55215.32269837  55395.97680398  55321.58306016  55215.32269837  55395.97680398  55321.58306016 
           337      0.222297  220.9611113   36.3875995  55210.55616282  55574.56422466  55403.94766350  55210.55616282  55574.56422466  55403.94766350  55210.55616282  55386.91686142  55306.66081761  55210.55616282  55386.91686142  55306.66081761 
           338      0.131368  225.1534899   28.2675439  55218.36524700  55587.59295027  55411.79272603  55218.36524700  55587.59295027  55411.79272603  55218.36524700  55398.42537832  55343.40363927  55218.36524700  55398.42537832  55343.40363927 
           340      0.055302  227.6470790   51.8114144  55204.06877586  55567.68375935  55403.94147030  55204.06877586  55567.68375935  55401.53835867  55204.06877586  55379.64359469  55310.82979632  55204.06877586  55379.64359469  55310.82979632 
           341      0.250697  228.4150975    8.9017921  55228.02893697  55409.40277192  55312.99655933  55228.02893697  55409.40277192  55312.99655933  55228.02893697  55409.40277192  55312.99655933  55228.02893697  55409.40277192  55312.99655933 
           343      1.352008  230.7621046   59.2762198  55364.76152683  55558.35801808  55434.94732926  55364.76152683  55558.35801808  55434.94732926  55364.76152683  55369.45799321  55367.24010617  55364.76152683  55369.45799321  55367.24010617 
           344      0.098798  230.9404213   33.7999838  55221.27543229  55588.71581574  55461.06846276  55221.27543229  55588.71581574  55461.06846276  55221.27543229  55401.86642428  55333.11778663  55221.27543229  55401.86642428  55333.11778663 
           345      0.333706  231.0170942    8.2776754  55230.67565956  55412.31320140  55299.49695887  55230.67565956  55412.31320140  55299.49695887  55231.07269985  55412.31320140  55340.33650545  55230.67565956  55412.31320140  55306.56164857 
           346      0.408963  231.6575917  -20.8336029  55240.60584959  55420.24583571  55337.85575293  55240.60584959  55420.24583571  55337.85575293  55240.60584959  55241.59832194  55241.11710012  55240.60584959  55241.59832194  55241.11710012 
           347      0.282260  231.8036594    6.6893957  55231.86689771  55413.50368449  55303.33423841  55231.86689771  55413.50368449  55303.33423841  55231.86689771  55413.50368449  55307.37667512  55231.86689771  55413.50368449  55307.37667512 
           348      0.848837  233.7490576   13.4506205  55231.86562435  55413.50495784  55299.66997844  55231.86562435  55413.50495784  55299.66997844  55231.86562435  55413.50495784  55305.22845401  55231.86562435  55413.50495784  55303.28433608 
           349      0.040776  233.8869672   19.7222573  55230.01184597  55411.65397388  55318.31339174  55230.01184597  55411.65397388  55318.31339174  55230.01184597  55411.65397388  55323.96544675  55230.01184597  55411.65397388  55323.96544675 
           350      0.474359  235.9451873   17.0078420  55232.72502841  55414.82863324  55318.94634249  55232.72502841  55414.82863324  55318.94634249  55232.72502841  55414.43172166  55314.08937462  55232.72502841  55414.43172166  55311.10249240 
           353      0.357747  236.4671077   60.4734140  55369.39241438  55561.06892117  55478.85596408  55369.39241438  55561.06892117  55478.85596408  55369.39241438  55372.36905697  55370.88476733  55369.39241438  55372.36905697  55370.88476733 
           357      4.066192  239.7880687   22.2037265  55232.92240233  55417.34329862  55324.46407842  55232.92240233  55417.34329862  55324.46407842  55232.92240233  55238.81127515  55237.58723079  55232.92240233  55238.81127515  55237.58723079 
           358      0.825466  240.2967399  -18.4763835  55247.48629116  55429.77149463  55342.23236125  55247.48629116  55429.77149463  55342.23236125  55247.48629116  55248.47876310  55247.93842577  55247.48629116  55248.47876310  55247.93842577 
           359      0.192935  240.7248563   42.4736322  55226.56684072  55593.27668353  55349.11978891  55226.56684072  55593.27668353  55349.11978891  55226.56684072  55408.35083581  55326.01296531  55226.56684072  55408.35083581  55326.01296531 
           361      0.684913  242.4051292   30.6964757  55232.92087421  55417.34495402  55329.64421377  55232.92087421  55417.34495402  55329.64421377  55232.92087421  55238.80974712  55237.83668262  55232.92087421  55238.80974712  55237.83668262 
           362      2.105342  242.4398276  -12.9811236  55248.41152868  55430.69864318  55347.75072565  55248.41152868  55430.69864318  55347.75072565  55248.41152868  55249.27169638  55248.84162523  55248.41152868  55249.27169638  55248.84162523 
           363      0.327670  242.5695881   41.2982014  55229.61060354  55411.65804869  55328.28322962  55229.61060354  55411.65804869  55328.28322962  55229.74290781  55411.65804869  55330.80560275  55229.74290781  55411.65804869  55330.80560275 
           364      0.264759  243.6046192   46.6747464  55226.56594936  55593.27579213  55333.02996360  55226.56594936  55593.27579213  55331.30526187  55226.56594936  55408.74851127  55321.09738097  55226.56594936  55408.74851127  55321.09738097 
           365      0.410711  243.6472630    1.2456849  55246.95325451  55429.24609778  55337.89113499  55246.95325451  55429.24609778  55341.25260378  55246.95325451  55247.94585377  55247.41096013  55246.95325451  55247.94585377  55247.41096013 
           366      0.402406  243.6958997   20.9840973  55242.31816356  55425.34699755  55335.04439322  55242.31816356  55425.34699755  55335.04439322  55242.31816356  55243.57537155  55242.94930942  55242.31816356  55243.57537155  55242.94930942 
           368      0.232484  245.2539239   51.9302486  55222.72721405  55591.62167053  55419.33461724  55222.72721405  55591.62167053  55419.33461724  55222.72721405  55404.91297696  55324.73671854  55222.72721405  55404.91297696  55324.73671854 
           369      0.097507  245.8136329   47.0999866  55229.08011299  55411.52689102  55335.72583222  55229.08011299  55411.52689102  55335.72583222  55229.08011299  55411.52689102  55336.99692864  55229.08011299  55411.52689102  55334.87300164 
           370      0.307789  245.8826598   31.2001547  55241.38999693  55425.28269196  55336.41608714  55241.38999693  55425.28269196  55336.41608714  55241.38999693  55242.77950907  55242.04384755  55241.38999693  55242.77950907  55242.04384755 
           371      0.060806  246.6104031   27.8590193  55243.50788242  55426.07587963  55357.92921698  55243.50788242  55426.07587963  55357.92921698  55243.50788242  55244.89726731  55244.18273137  55243.50788242  55244.89726731  55244.18273137 
           372      0.239058  246.6215974   28.9826794  55243.24301942  55425.67922206  55347.43145787  55243.24301942  55425.67922206  55347.43145787  55243.24301942  55244.50010012  55243.85087529  55243.24301942  55244.50010012  55243.85087529 
           373      0.485267  247.2972143   24.1277094  55245.49346387  55427.92738458  55357.65552416  55245.49346387  55428.05968887  55359.29283031  55245.49346387  55246.75065979  55246.18819073  55245.49346387  55246.75065979  55246.18819073 
           374      0.818245  247.6410685   40.2025215  55239.27096541  55425.15204331  55339.10687335  55239.27096541  55425.15204331  55339.10687335  55239.27096541  55240.92521323  55240.04060956  55239.27096541  55240.92521323  55240.04060956 
           376      0.246501  252.6760508   16.2892444  55253.43449774  55436.26025490  55344.79147939  55253.43449774  55436.26025490  55344.79147939  55253.43449774  55254.55927328  55254.00790025  55253.43449774  55254.55927328  55254.00790025 
           377      0.307159  254.1477782   45.6870142  55245.22465328  55427.93145946  55346.40536997  55245.22465328  55428.59285341  55364.75295372  55245.22465328  55247.27580144  55246.23925609  55245.22465328  55247.27580144  55246.23925609 
           378      0.156653  254.7588346   27.1597315  55253.69706844  55436.52677336  55342.99203168  55253.69706844  55436.52677336  55342.99203168  55253.69706844  55262.43078466  55254.74250577  55253.69706844  55262.43078466  55254.74250577 
           379      0.198841  254.9626178   32.6578978  55252.50518572  55435.46948543  55356.21402974  55252.50518572  55435.46948543  55356.21402974  55252.50518572  55253.89456948  55253.17561974  55252.50518572  55253.89456948  55253.17561974 
           380      1.581127  261.0367698   19.0289431  55262.36596972  55445.65308287  55355.10126868  55262.36596972  55445.65308287  55355.10126868  55262.36596972  55266.07099094  55265.24871600  55262.36596972  55266.07099094  55265.24871600 
           382      0.122559  268.1837219   50.6092095  55270.89505744  55455.71201338  55382.43699683  55270.89505744  55455.71201338  55382.43699683  55270.89505744  55273.74004098  55272.27376045  55270.89505744  55273.74004098  55272.27376045 
           383      0.213771  293.0319530   71.6523306  55219.61188699  55590.29366177  55410.78254939  55219.61188699  55590.29366177  55410.78254939  55219.61188699  55414.31126025  55333.17893001  55219.61188699  55414.31126025  55334.33508708 
           384      0.922216  308.0417112  -21.2337275  55310.73643631  55493.79161902  55397.96862189  55310.73643631  55493.79161902  55397.96862189  55310.73643631  55311.72878185  55311.24764077  55310.73643631  55311.72878185  55311.24764077 
           385      0.313335  308.4830527  -27.6485470  55309.67902046  55492.73229590  55401.17869221  55309.67902046  55492.73229590  55396.85993892  55309.67902046  55310.67136656  55310.10608962  55309.67902046  55310.67136656  55310.10608962 
           389      1.360830  315.5800672  -14.9820443  55318.80648882  55501.72832981  55422.11093155  55318.80648882  55501.72832981  55422.11093155  55318.80648882  55319.79883412  55319.42835684  55318.93879303  55319.79883412  55319.36053662 
           391      1.600437  319.6036029  -10.9327676  55325.95066080  55505.96142771  55396.14961143  55325.95066080  55505.96142771  55396.14961143  55325.95066080  55326.94287828  55326.43168579  55325.95066080  55326.94287828  55326.43168579 
           392      1.171270  319.8677595   10.4849432  55332.82677164  55515.35617088  55453.54859400  55332.82677164  55515.35617088  55429.98503841  55332.82677164  55333.95129178  55333.37395376  55332.82677164  55333.95129178  55333.37395376 
           394      0.254860  320.8702935  -24.3603375  55320.66078524  55503.44598961  55417.32530621  55323.90230147  55503.44598961  55477.40005211  55323.43917323  55324.03460569  55323.66601674  55320.79308946  55324.03460569  55323.36479186 
           396      0.207776  323.1382772   12.2987381  55336.66332969  55519.05980176  55427.90847210  55336.66332969  55519.05980176  55427.90847210  55336.66332969  55337.78797752  55337.22565347  55336.66332969  55337.78797752  55337.22565347 
           397      0.277857  325.6636203   -1.3334937  55334.41671147  55516.80871486  55429.52031594  55334.41671147  55516.80871486  55411.33177513  55334.41671147  55335.40905493  55334.89785154  55334.41671147  55335.40905493  55334.89785154 
           398      0.865472  326.9811009    1.1319606  55336.40088905  55518.79302855  55431.52471349  55336.40088905  55518.79302855  55427.59705336  55336.40088905  55337.39322985  55336.91209009  55336.40088905  55337.39322985  55336.91209009 
           400      0.239892  330.2775600    3.0354595  55340.10526991  55522.23204726  55431.16873900  55340.10526991  55522.23204726  55431.16873900  55340.10526991  55341.09748557  55340.58814730  55340.10526991  55341.09748557  55340.58814730 
           402      0.241273  330.6116056   15.1645760  55344.86604045  55526.86346108  55423.22881068  55344.86604045  55526.86346108  55425.87143751  55344.86604045  55351.87788628  55345.92953498  55344.86604045  55351.87788628  55345.92953498 
           406      0.184144  331.7922080   -4.2823302  55338.91593534  55521.17259468  55425.77732395  55338.91593534  55521.17259468  55425.77732395  55338.91593534  55339.90815110  55339.41204319  55338.91593534  55339.90815110  55339.41204319 
           408      0.900508  332.6539850    2.7206796  55342.08995591  55524.21584668  55429.26563789  55342.08995591  55524.21584668  55429.26563789  55342.08995591  55343.21460273  55342.65528912  55342.08995591  55343.21460273  55342.65528912 
           410      2.956065  332.8016718  -32.1036459  55330.18871376  55514.28997014  55427.42521658  55330.18871376  55514.28997014  55427.42521658  55330.18871376  55331.18105733  55330.68488552  55330.18871376  55331.18105733  55330.68488552 
           412      0.739563  333.2147419   -0.7084818  55341.42907293  55523.55394350  55432.47655120  55341.42907293  55523.55394350  55432.47655120  55341.42907293  55342.42141601  55341.97816607  55341.42907293  55342.42141601  55341.97816607 
           416      0.620241  334.1833195    0.2298855  55342.61968081  55524.74442697  55437.62985950  55342.61968081  55524.74442697  55437.62985950  55342.75198477  55343.61201916  55343.18200384  55342.75198477  55343.61201916  55343.18200384 
           421      0.370183  336.3100157    3.5035003  55345.79445927  55527.65473984  55429.71732210  55345.79445927  55527.65473984  55429.71732210  55345.79445927  55346.78680161  55346.20087560  55345.79445927  55346.78680161  55346.20087560 
           422      0.152688  336.5517222   -6.3019848  55342.48865034  55524.47867243  55437.84830002  55342.48865034  55524.47867243  55437.84830002  55342.48865034  55343.48099329  55342.98482182  55342.48865034  55343.48099329  55342.98482182 
           425      0.671502  337.1879776   -7.9652672  55342.48903237  55524.47829044  55437.45149251  55342.48903237  55524.47829044  55437.45149251  55342.48903237  55343.48124796  55342.97010274  55342.48903237  55343.48124796  55342.97010274 
           430      1.404488  338.2293231   29.5089976  55361.13686218  55544.12606398  55450.63574317  55361.13686218  55544.12606398  55450.63574317  55361.13686218  55362.26150816  55361.64576212  55361.13686218  55362.26150816  55361.64576212 
           436      0.504100  340.2042336  -18.6622964  55341.30033454  55523.41820118  55432.35026678  55341.30033454  55523.41820118  55432.35026678  55341.30033454  55342.29255024  55341.78140496  55341.30033454  55342.29255024  55341.78140496 
           438      1.395353  341.3515105    0.4039838  55349.23512319  55530.82825921  55436.37873035  55349.23512319  55530.82825921  55444.22625844  55349.23512319  55349.76433839  55349.46670251  55349.23512319  55349.96285784  55349.55270319 
           439      1.420400  342.5088601  -50.2614644  55328.73694284  55514.15410046  55415.51780728  55328.73694284  55514.15410046  55415.51780728  55328.73694284  55329.99388697  55329.34759424  55328.73694284  55329.99388697  55329.34759424 
           441      3.112471  343.9093524    2.8575396  55354.79149876  55533.87062510  55440.09250329  55354.79149876  55533.87062510  55440.09250329  55354.79149876  55355.78371343  55355.26776695  55354.79149876  55355.78371343  55355.26776695 
           443      0.265316  346.8973500    0.5304316  55356.64426096  55535.45713094  55449.92361976  55356.64426096  55535.45713094  55449.92361976  55356.77656475  55357.63647723  55357.17343825  55356.77656475  55357.63647723  55357.17343825 
           444      0.538194  347.6620269   18.9220552  55364.57905160  55545.51239538  55479.22197617  55364.57905160  55545.51239538  55442.27967306  55364.71135536  55365.43896310  55365.06013346  55364.71135536  55365.43896310  55365.06013346 
           446      1.289280  348.9443971   -0.3994995  55358.09985900  55536.91184183  55451.37870498  55358.09985900  55536.91184183  55451.37870498  55358.09985900  55359.09207389  55358.58092901  55358.09985900  55359.09207389  55358.58092901 
           447      0.076295  349.4093840   22.7360278  55367.75370623  55548.68732067  55458.07172653  55367.75370623  55548.68732067  55454.89439989  55367.75370623  55368.87822468  55368.25741467  55367.75370623  55368.87822468  55368.25741467 
           450      0.095937  351.3093690   26.4799320  55371.19284098  55551.86211737  55457.94325214  55371.19284098  55551.86211737  55457.94325214  55371.19284098  55372.31735801  55371.75766064  55371.19284098  55372.31735801  55371.75766064 
           451      0.034838  351.4026575   -5.8911977  55358.10087767  55536.91069574  55436.86987834  55358.10087767  55536.91069574  55436.86987834  55358.10087767  55359.22552369  55358.59233729  55358.10087767  55359.22552369  55358.59233729 
           454      0.245215  352.4137247   30.0641700  55373.97058196  55554.37564335  55457.56777611  55373.97058196  55554.37564335  55457.56777611  55373.97058196  55381.51138172  55375.04929746  55373.97058196  55381.51138172  55375.04929746 
           455      1.376337  352.5366214    9.9623406  55365.24235384  55546.17187984  55442.92222504  55365.24235384  55546.17187984  55391.50997054  55365.24235384  55366.23456862  55365.75954139  55365.24235384  55366.23456862  55365.75954139 
           457      0.129233  356.1396011   16.8878795  55371.19475105  55551.72790289  55453.99430629  55371.19475105  55551.72790289  55453.99430629  55371.19475105  55372.18709171  55371.70364022  55371.19475105  55372.18709171  55371.70364022 
           458      0.060069  357.1389072  -30.9028285  55350.29992066  55531.74776736  55401.94609507  55350.29992066  55531.74776736  55401.94609507  55350.89522201  55353.80590519  55352.55288061  55350.89522201  55353.80590519  55352.61862269 
           460      0.633549  357.8513621   -4.9855225  55364.18685331  55542.46557428  55445.28283594  55364.18685331  55542.13487697  55423.71974442  55364.18685331  55365.17919387  55364.62790737  55364.18685331  55365.17919387  55364.62790737 
           461      0.292168  359.1352606   -6.3831937  55364.71644894  55545.63960622  55444.49853106  55364.71644894  55365.70866424  55365.22759394  55364.71644894  55365.70866424  55365.22759394  55364.71644894  55365.70866424  55365.22759394 
           463      1.456440  359.5997622    6.5771028  55370.13835770  55550.80011650  55453.55129259  55370.13835770  55550.80011650  55453.55129259  55370.13835770  55371.13070028  55370.59637186  55370.13835770  55371.13070028  55370.59637186 
