#cntr_01 dist_x  pang_x     ra_01           dec_01           ra         dec        w3mpro w3sigmpro w3snr   w4mpro w4sigmpro w4snr   cc_flags  ph_qual det_bit
       4 0.375325  129.204707 2.1073900000e+00 -6.4345600000e+00   2.1074713  -6.4346259 10.782      null    1.5  8.659      null    0.1 0000     UCUU          2 
       9 1.481859 -158.608306 4.3936134700e+00  1.7086304470e+01   4.3934564  17.0859212 12.402      null   -0.4  8.611      null    0.7 0000     BBUU          3 
      17 0.921389  178.970493 8.2975000000e+00 -1.4235833000e+00   8.2975046  -1.4238392 12.508      null   -0.1  8.974      null   -0.8 0000     CBUU          3 
      17 1.352284  173.889078 8.2975000000e+00 -1.4235833000e+00   8.2975400  -1.4239568 12.488      null   -0.1  8.867      null   -0.2 0000     CBUU          3 
      18 0.774939 -164.369267 8.5597920000e+00  3.7998333300e+01   8.5597184  37.9981260 12.012      null    1.7  9.067      null    0.4 0000     ABUU          3 
      27 0.132841  154.300454 1.5054263470e+01  2.8040531950e+01  15.0542816  28.0404987 11.683     0.215    5.0  9.039      0.43    2.5 0000     AABC         15 
      31 1.382385  -64.452885 1.7471379000e+01 -3.0790642000e+01  17.4709757 -30.7904764 12.493      null    0.6  8.773      null    0.9 0000     BUUU          1 
      42 0.232118  -35.640350 2.3007100000e+01 -2.2675300000e+00  23.0070624  -2.2674776 12.147      null    1.6  8.861      null    1.1 0000     AAUU          3 
      62 0.324969  -11.835550 3.3846958300e+01 -5.4960555500e+00  33.8469397  -5.4959672 12.437      null    0.9  8.567      null    1.8 0000     BBUU          3 
      71 1.155288  -40.479236 3.5344625000e+01 -8.0476388000e+00  35.3444146  -8.0473947 12.608      null    0.6  8.740      null    0.8 0000     BCUU          3 
      73 1.485439  153.230706 3.6930375000e+01 -6.0917222000e+00  36.9305619  -6.0920906 12.771      null    0.1  9.240      null   -0.9 0000     BUUU          1 
     101 0.804993   66.254997 5.5424375000e+01 -8.0354444000e-01  55.4245797  -0.8034544 12.447      null   -0.1  8.111      null    2.0 0000     BBUU          3 
     112 0.240377   64.733433 6.9946166000e+01  1.6571027700e+01  69.9462290  16.5710562 10.280     0.081   13.3  7.229     0.134    8.1 d000     AAAB         15 
     115 0.378028   17.944039 7.3507450000e+01 -4.4808640000e+01  73.5074956 -44.8085401 12.596      null    1.1  9.212     0.437    2.5 0000     ABUC         11 
     162 0.848303  127.087867 1.3755679100e+02  1.6941611100e+01 137.5569875  16.9414690 12.375      null    0.3  9.056      null    0.0 0000     BUUU          1 
     189 0.579484 -149.792613 1.5554186210e+02  2.2873735010e+01 155.5417742  22.8735959 11.775      null    1.9  8.887      null    0.2 0000     AAUU          3 
     212 1.415385  132.437444 1.6764156600e+02 -1.3495999500e+01 167.6418644 -13.4962648 11.896      null    2.0  8.553      null    1.5 0000     CCUU          3 
     216 0.159280   71.129544 1.7079645833e+02 -7.3851111000e-01 170.7965002  -0.7384968 12.307      null    0.8  8.874      null   -1.7 0000     BBUU          3 
     235 1.402743  113.568266 1.7706754000e+02  5.2894250000e+01 177.0681320  52.8940942 12.741      null   -0.7  9.367      null    0.0 0000     UUUU          0 
     241 0.572639   27.681766 1.7855941340e+02 -1.2188189260e+01 178.5594890 -12.1880484 12.313      null   -0.3  8.855      null   -1.8 0000     BUUU          1 
     252 2.044696   20.532462 1.8209924999e+02  1.7436111000e-01 182.0994492   0.1748930 12.524      null   -0.6  8.810      null    0.4 0000     BUUU          1 
     254 0.768524   87.645554 1.8224679167e+02 -2.0096666700e+00 182.2470051  -2.0096579 11.674      null    1.1  8.399      null   -0.8 0000     CCUU          3 
     254 1.707650   51.533665 1.8224679167e+02 -2.0096666700e+00 182.2471633  -2.0093716 12.012     0.455    2.4  8.483      null   -0.4 0000     CCCU          7 
     281 0.583488  -61.816427 1.9979708500e+02  9.8476434500e+00 199.7969400   9.8477200 12.597      null    0.6  8.916      null    0.5 0000     ABUU          3 
     290 0.049121  153.772660 2.0542274999e+02  4.6186194440e+01 205.4227587  46.1861822 11.983      null    1.5  9.104      null    0.1 0000     ABUU          3 
     293 0.514952  172.028773 2.0636092677e+02  2.3497048160e+01 206.3609484  23.4969065 11.564     0.152    7.1  9.173     0.521    2.1 0000     AABC         15 
     298 0.641151    9.431339 2.1044723420e+02  2.7826398310e+01 210.4472672  27.8265740 12.379      null    1.4  8.989      null    0.7 0000     BBUU          3 
     302 0.477970 -135.996043 2.1087222000e+02 -1.2009482000e+01 210.8721257 -12.0095775 12.409      null    0.6  8.982      null   -0.3 0000     UBUU          2 
     306 2.069540  -27.551364 2.1229743370e+02 -1.5986571680e+01 212.2971571 -15.9860620 12.204      null    1.1  8.714      null    0.8 0000     BUUU          1 
     325 0.691103 -113.451443 2.1691079000e+02  3.3211666000e+01 216.9105795  33.2115896 12.593      null    0.4  9.251      null    0.3 0000     ABUU          3 
     340 0.056471   85.392743 2.2764705421e+02  5.1811415440e+01 227.6470795  51.8114167 12.817     0.364    3.0  9.459      null    0.4 0000     AACU          7 
     346 0.432576 -133.841059 2.3165767083e+02 -2.0833516670e+01 231.6575781 -20.8335999 12.308      null    0.4  8.775      null   -0.3 0000     BBUU          3 
     375 0.672972 -104.621787 2.5034053470e+02  3.7922262890e+01 250.3403054  37.9222157 12.266      null    1.5  9.285      null   -0.1 0000     UCUU          2 
     385 0.319649  121.353738 3.0848297000e+02 -2.7648500000e+01 308.4830556 -27.6485462 11.843      null    1.5  8.275      null    1.0 0000     BBUU          3 
     386 1.034408   40.466708 3.1334070000e+02  7.8522220000e-01 313.3408865   0.7854408 12.309      null   -1.4  8.817      null    0.3 0000     BUUU          1 
     390 1.227261 -179.663860 3.1955304160e+02 -6.4083300000e-02 319.5530396  -0.0644242 12.056      null    0.9  8.916      null   -0.2 0000     BUUU          1 
     395 1.192364  146.911919 3.2279287500e+02 -4.3984027800e+01 322.7931263 -43.9843053 12.598      null   -1.1  8.875      null    0.3 0000     CCUU          3 
     399 0.664427  -28.433003 3.2873399660e+02 -9.5076274000e+00 328.7339075  -9.5074651 12.113      null    0.8  8.490      null    1.2 0000     BUUU          1 
     415 1.036174  -87.026571 3.3398597890e+02  2.6108168370e+01 333.9856588  26.1081833 12.660      null   -0.7  9.105      null   -0.5 0000     UCUU          2 
     430 1.506459  -93.574451 3.3822977070e+02  2.9508975990e+01 338.2292908  29.5089499 12.293      null    0.6  9.126      null    0.3 0000     BUUU          1 
     433 0.690302  -79.756312 3.3970916660e+02 -4.5050000000e-01 339.7089779  -0.4504659 12.068      null    1.2  8.974      null   -0.2 0000     BUUU          1 
     436 0.482340  175.132354 3.4020417000e+02 -1.8662170000e+01 340.2041820 -18.6623035 12.310      null    0.3  8.651      null    0.5 0000     ABUU          3 
     444 0.490833 -140.075620 3.4766205860e+02  1.8922201660e+01 347.6619661  18.9220971 12.146     0.373    2.9  9.050      null    0.0 hh00     ABCU          7 
     447 0.067340   11.951628 3.4940937500e+02  2.2736008300e+01 349.4093792  22.7360266 11.896      null    1.7  8.574      null    0.2 0000     AAUU          3 
     450 0.082227  153.213855 3.5130935080e+02  2.6479953090e+01 351.3093623  26.4799327 12.635     0.519    2.1  8.986     0.449    2.4 0000     AACC         15 
     463 0.819173  154.075471 3.5960016666e+02  6.5770555500e+00 359.6002668   6.5768509 11.639      null    1.7  9.101      null   -0.5 0000     BBUU          3 
