#RA           Dec   redshift  unW1_mag unW1_magerr unW1_snr  w1mpro w1sigmpro  w1snr  
  0.3401135  26.8358814  5.750    16.2799   0.0257  41.7265    16.373    0.07   16.5
  0.6641173  25.8430442  5.820    16.2500   0.0261  41.0239    16.162    0.06   19.0
  1.4680833  -0.1154999  5.850    17.4927   0.0791  13.2325    17.299    0.16    6.8
  2.1073900  -6.4345600  5.930    16.8020   0.0445  23.8931    16.809    0.11   10.1
  2.2142917  36.2704138  5.170    16.0176   0.0208  51.7021    16.045    0.05   20.7
  2.3787018  32.8702618  6.100    17.9509   0.1056   9.7915    -9.990   -9.99   -9.9
  3.1369990  36.5378055  5.440    15.8214   0.0174  62.0132    15.764    0.04   25.1
  4.3111666 -10.0153972  5.010    15.9757   0.0217  49.5990    15.936    0.06   19.7
  4.3936135  17.0863045  5.800    17.8337   0.1032  10.0252    -9.990   -9.99   -9.9
  4.8140800 -24.2991600  5.680    16.3205   0.0284  37.7921    16.281    0.07   15.8
  5.1311237 -36.8949476  6.900    16.8671   0.0406  26.2100    16.844    0.09   11.6
  5.8777916  -0.3101111  5.060    16.8489   0.0460  23.1176    16.807    0.11   10.2
  6.1240417  39.2219306  6.620    17.3638   0.0643  16.3805    -9.990   -9.99   -9.9
  6.3618333  -1.7590306  5.070    14.8509   0.0088 122.7056    14.800    0.03   32.8
  7.0273329   4.9571232  6.000    17.1783   0.0596  17.7258    17.268    0.15    7.0
  7.8577500   7.1769222  5.330    16.6577   0.0389  27.4370    16.701    0.10   10.8
  8.2975000  -1.4235833  6.130    18.2051   0.1422   7.1481    -9.990   -9.99   -9.9
  8.5597920  37.9983333  5.630    16.4800   0.0290  36.9322    16.734    0.09   12.5
  9.3573290  -8.1190174  5.720    16.8205   0.0421  25.2833    16.905    0.11    9.8
  9.6504160 -15.4565555  7.020    16.7412   0.0413  25.8249    16.804    0.10   10.6
  9.7355079 -10.4316386  5.950    16.4915   0.0321  33.3836    16.517    0.08   13.5
 11.3898667   9.0324889  6.420    17.7728   0.1043   9.9207    17.493    0.19    5.7
 12.5277710  34.7560148  6.250    16.5815   0.0326  32.7892    16.655    0.07   15.3
 13.5892499  -1.1560000  5.090    16.9821   0.0568  18.6232    16.606    0.09   11.7
 13.7621250   1.7717500  6.010   -99.9990  -9.9900 -99.9990    -9.990   -9.99   -9.9
 14.2334990  22.6867111  5.490    16.9356   0.0477  22.2702    16.919    0.10   10.4
 15.0542635  28.0405319  6.330    14.4456   0.0063 171.2720    14.461    0.03   38.9
 15.7109990  -2.3027499  5.950   -99.9990  -9.9900 -99.9990    -9.990   -9.99   -9.9
 17.0274999   7.1890555  5.530    16.3387   0.0309  34.6805    16.231    0.07   15.1
 17.1248333  -1.0043333  5.110   -99.9990  -9.9900 -99.9990    -9.990   -9.99   -9.9
 17.4713790 -30.7906420  6.790    17.9607   0.1096   9.4161    -9.990   -9.99   -9.9
 18.4739583   5.9975278  5.000    16.6853   0.0413  25.8086    16.758    0.09   12.1
 18.7296250  32.6378694  5.220    16.8459   0.0409  26.0447    16.803    0.09   12.8
 18.9365833   0.2541388  5.100    17.1683   0.0653  16.1402    17.235    0.15    7.0
 18.9427917  -2.8867333  5.070    16.3670   0.0299  35.8620    16.421    0.08   13.9
 19.0595833   5.6382499  5.330    16.3537   0.0307  34.8490    16.369    0.07   15.7
 20.2247080  21.7850555  5.420    16.5474   0.0329  32.5121    16.630    0.09   12.8
 21.4213377 -25.8822880  5.790    16.2233   0.0246  43.6749    16.212    0.06   17.9
 22.2810000  -0.4793055  5.010    18.1338   0.1354   7.5267    -9.990   -9.99   -9.9
 22.4937910  -0.5943611  5.780   -99.9990  -9.9900 -99.9990    -9.990   -9.99   -9.9
 22.8639166  -3.3500527  5.180    14.5423   0.0071 152.6593    14.576    0.03   35.6
 23.0071000  -2.2675300  5.900    16.5678   0.0341  31.3608    16.500    0.07   15.6
 23.3618333   1.1104722  5.300    16.8501   0.0471  22.5594    16.904    0.11    9.8
 24.0132080   2.4349166  6.210   -99.9990  -9.9900 -99.9990    -9.990   -9.99   -9.9
 25.2376400 -11.6831900  5.850    16.7651   0.0408  26.0963    16.673    0.09   12.8
 25.6821972 -33.4626300  6.310    16.1295   0.0217  49.4378    16.118    0.05   20.9
 25.7926667 -55.7529667  6.250    17.0695   0.0404  26.3536    16.951    0.09   12.3
 27.1568128   6.0055734  5.980    16.1075   0.0238  45.1130    16.104    0.06   18.6
 28.8886666   4.2518725  5.350    16.1298   0.0253  42.4290    16.334    0.07   15.4
 29.4393750  30.0196333  5.630    15.4420   0.0137  78.5532    15.451    0.04   27.1
 29.5172600 -29.0886800  5.990    16.2492   0.0257  41.6798    16.108    0.06   19.9
 29.9915479 -36.5657230  6.020    16.6077   0.0323  33.0647    16.696    0.08   13.7
 30.7425417  -2.8648889  6.030   -99.9990  -9.9900 -99.9990    -9.990   -9.99   -9.9
 30.8849155   0.2081304  5.720    16.5206   0.0342  31.2343    16.691    0.09   12.6
 31.4442916  -9.9232500  5.370   -99.9990  -9.9900 -99.9990    -9.990   -9.99   -9.9
 31.5466667  -2.9271667  6.030   -99.9990  -9.9900 -99.9990    -9.990   -9.99   -9.9
 32.0179583  -1.2095277  5.230    18.0072   0.1204   8.5237    17.444    0.16    7.0
 32.5549580  -4.9391388  6.430   -99.9990  -9.9900 -99.9990    -9.990   -9.99   -9.9
 32.7361249   0.0513056  5.050    16.9146   0.0455  23.3466    16.910    0.10   11.1
 32.9355417  -2.0510833  6.370    17.7414   0.0922  11.2853    -9.990   -9.99   -9.9
 33.3205833  -6.4375556  6.720   -99.9990  -9.9900 -99.9990    -9.990   -9.99   -9.9
 33.8469583  -5.4960556  5.130    17.8436   0.1012  10.2318    -9.990   -9.99   -9.9
 34.1006666  23.0692972  5.260    16.4575   0.0334  32.0290    16.563    0.08   13.1
 34.1158750  -4.9261388  6.010   -99.9990  -9.9900 -99.9990    -9.990   -9.99   -9.9
 34.1618750 -52.4390556  6.410    17.5596   0.0583  18.1170    17.494    0.13    8.1
 34.3399583  -2.1479444  6.200   -99.9990  -9.9900 -99.9990    -9.990   -9.99   -9.9
 34.5878333  -0.4626946  5.110    17.5400   0.0820  12.7457    17.686    0.18    5.9
 35.1238333  -4.5344444  5.900   -99.9990  -9.9900 -99.9990    15.991    0.05   21.2
 35.3013333  -3.7087778  5.020    18.3848   0.1646   6.1109    -9.990   -9.99   -9.9
 35.3025416  -3.7145000  5.020    16.3099   0.0280  38.2857    16.375    0.06   17.4
 35.3446250  -8.0476388  6.160    18.0484   0.1184   8.6810    -9.990   -9.99   -9.9
 36.5078068   3.0498383  6.540    16.6574   0.0382  27.9130    16.726    0.08   13.2
 36.9303750  -6.0917222  6.200   -99.9990  -9.9900 -99.9990    -9.990   -9.99   -9.9
 37.5094583   0.7796667  5.410   -99.9990  -9.9900 -99.9990    -9.990   -9.99   -9.9
 37.9068333  -7.4817778  5.370    15.9864   0.0203  53.1188    15.972    0.05   21.7
 37.9706570 -28.8389110  6.000    17.6440   0.0786  13.3226    17.495    0.15    7.2
 38.9267500  -5.5448889  6.090   -99.9990  -9.9900 -99.9990    -9.990   -9.99   -9.9
 39.8760000  -0.7514999  5.820   -99.9990  -9.9900 -99.9990    -9.990   -9.99   -9.9
 40.0159141  17.5458093  5.680    17.5445   0.0832  12.5493    -9.990   -9.99   -9.9
 40.4705000   4.5981833  5.220    16.2017   0.0260  41.2219    16.256    0.06   17.9
 41.0000000 -50.1333333  6.740   -99.9990  -9.9900 -99.9990    -9.990   -9.99   -9.9
 36.1105700 -47.1914900  6.500    16.1142   0.0187  57.5114    16.182    0.05   21.1
 41.7329167 -52.3305278  6.870    17.4638   0.0532  19.9196    -9.990   -9.99   -9.9
 42.6690900  -2.9174500  5.890    17.8810   0.1110   9.2907    17.579    0.17    6.3
 42.8388749   3.5548388  5.000    15.6994   0.0167  64.4479    15.636    0.04   26.7
 43.0693333  -5.0588333  7.020    17.4108   0.0741  14.1509    17.875    0.21    5.1
 45.1840820 -22.5408850  5.680    16.1950   0.0250  42.9978    14.965    0.03   35.1
 45.3208749   0.3405556  5.500   -99.9990  -9.9900 -99.9990    -9.990   -9.99   -9.9
 45.8808330  -0.3202499  6.080   -99.9990  -9.9900 -99.9990    -9.990   -9.99   -9.9
 46.3204830 -31.8488610  6.610    17.4706   0.0637  16.5516    17.677    0.15    7.5
 46.6771250  18.8877361  5.360    14.2731   0.0062 173.5226    14.313    0.03   38.3
 49.2077910 -13.6756380  5.990   -99.9990  -9.9900 -99.9990    -9.990   -9.99   -9.9
 49.2934283 -26.5543637  5.940    17.9278   0.0985  10.5344    18.054    0.18    5.9
 49.9235833 -10.1461111  6.830    17.1023   0.0507  20.9334    17.047    0.09   11.6
 50.4794583   0.4948335  5.040   -99.9990  -9.9900 -99.9990    -9.990   -9.99   -9.9
 50.9180833 -47.0222583  6.250    17.9028   0.0765  13.7039    18.053    0.19    5.7
 52.1479420 -32.8896780  5.860    16.9785   0.0413  25.7967    16.900    0.07   14.9
 52.6163333 -40.4212222  6.250    17.4960   0.0602  17.5352    17.078    0.08   13.5
 53.9605244 -15.7956943  5.870    17.7454   0.0881  11.8349    -9.990   -9.99   -9.9
 54.6221249   0.3656388  5.030    16.7812   0.0426  24.9908    17.012    0.12    8.8
 55.4243750  -0.8035444  5.680    17.2734   0.0640  16.4698    -9.990   -9.99   -9.9
 56.7168500 -16.4769100  5.990    16.6386   0.0349  30.6365    16.800    0.09   12.2
 57.4974999   0.5676388  5.200    18.1237   0.1447   7.0153    -9.990   -9.99   -9.9
 58.4572136   1.0679614  6.070    16.8637   0.0474  22.4250    16.646    0.09   11.5
 60.5528945  24.8567857  6.180    16.5131   0.0361  29.5692    16.470    0.09   12.6
 62.0801250 -56.5413389  6.030    17.3748   0.0418  25.4682    17.734    0.12    9.3
 62.5134583 -44.2446389  6.210    17.3948   0.0499  21.2459    17.272    0.09   12.8
 62.8692910  -9.1305000  6.810    16.8247   0.0429  24.8148    16.780    0.09   11.5
 65.0472500 -44.8899444  6.070    17.3254   0.0452  23.5294    17.216    0.08   13.7
 65.4085370 -26.9543351  6.140    16.3072   0.0257  41.8207    16.314    0.06   17.6
 65.5041465 -19.4579685  6.120    16.0220   0.0210  51.1906    15.969    0.05   21.1
 69.9461660  16.5710277  6.510    13.9821   0.0051 212.3651    13.979    0.03   38.0
 71.0322143  -4.5591868  5.890    17.3541   0.0624  16.9150    -9.990   -9.99   -9.9
 71.4507500  -2.3332900  5.690    16.2425   0.0248  43.2436    16.246    0.06   19.3
 73.5074500 -44.8086400  6.090    17.1742   0.0396  26.8998    16.976    0.07   14.4
 75.9356600  -7.5061300  5.880    17.1667   0.0575  18.3772    16.998    0.12    9.5
 89.9394446 -15.5833895  6.050    15.5151   0.0141  76.7374    15.521    0.04   25.2
106.6099580  29.3515277  6.580    15.9408   0.0220  48.8152    15.927    0.06   18.8
108.4429416   8.9257369  5.920    16.0183   0.0231  46.4520    15.994    0.06   19.2
112.7630300  44.9970700  5.010    15.9182   0.0201  53.4560    15.824    0.05   22.3
115.4780000  25.3415694  5.190    14.7280   0.0086 125.4479    14.778    0.03   32.1
116.9549166  11.8979055  5.260    14.5937   0.0076 141.7307    14.641    0.03   35.4
119.0755812  41.0690592  5.060    16.8361   0.0447  23.8204    16.814    0.10   11.3
120.7725830  31.6428333  6.380    16.9738   0.0527  20.1150    17.344    0.16    6.9
122.7263086  51.0944730  5.820    16.8969   0.0442  24.0909    16.943    0.10   10.7
123.2034166   4.6823722  5.290    16.3326   0.0301  35.6341    16.306    0.07   15.5
124.6141845  17.3811127  6.020    15.6122   0.0170  63.2628    -9.990   -9.99   -9.9
126.2250634  13.0380490  5.150    16.5212   0.0367  29.0552    16.433    0.08   13.1
127.0558622  26.5654140  6.050    16.7144   0.0416  25.6121    -9.990   -9.99   -9.9
127.2817406   3.0657009  5.850    17.4249   0.0712  14.7599    17.371    0.17    6.5
127.3832080  41.2945555  6.770    17.2460   0.0609  17.3209    17.264    0.14    7.5
127.3879166  25.1126667  5.350    16.7066   0.0417  25.5520    16.753    0.10   10.6
128.3235833  27.4413889  5.020    17.1091   0.0581  18.2059    17.172    0.13    8.1
128.5036667   2.1963611  6.150   -99.9990  -9.9900 -99.9990    -9.990   -9.99   -9.9
128.8573333  32.2979444  5.890    18.0212   0.1257   8.1457    -9.990   -9.99   -9.9
128.9765132   5.6314046  5.070    16.4048   0.0302  35.3899    -9.990   -9.99   -9.9
129.1827665   0.9147934  5.810    15.2677   0.0120  89.9035    15.303    0.04   26.8
129.4076660  49.4834444  6.710    17.2543   0.0611  17.2817    17.082    0.11    9.5
129.9453330  39.0031944  6.910    16.4210   0.0312  34.2581    16.641    0.09   12.5
129.9806500   0.2650583  5.840    17.6069   0.0866  12.0383    17.455    0.18    6.0
130.1462615  56.4056176  5.840    16.8173   0.0422  25.2109    16.757    0.14    8.0
130.3313231  29.0845966  5.980    17.1866   0.0650  16.2100    17.214    0.16    6.8
130.6226384  12.3140508  6.070    16.3351   0.0292  36.7263    16.223    0.07   16.3
131.0358750  -1.5379167  6.180   -99.9990  -9.9900 -99.9990    -9.990   -9.99   -9.9
131.1316666  -0.8818333  6.250   -99.9990  -9.9900 -99.9990    -9.990   -9.99   -9.9
131.6160038   8.0143655  5.000    16.9038   0.0471  22.5659    17.091    0.14    8.1
132.6173333  -5.1019167  5.360    17.4382   0.0761  13.7799    -9.990   -9.99   -9.9
132.7010255  32.7799831  5.870    16.7028   0.0386  27.6055    16.734    0.09   12.3
133.4535000   1.6530555  6.010   -99.9990  -9.9900 -99.9990    17.326    0.17    6.2
133.6265512  20.9474547  5.170    16.2390   0.0274  39.0956    16.210    0.07   15.4
134.4105416   0.9368611  6.350   -99.9990  -9.9900 -99.9990    -9.990   -9.99   -9.9
134.5562917   0.0158611  5.990    18.3912   0.1672   6.0078    -9.990   -9.99   -9.9
134.7799583   0.3821944  6.390   -99.9990  -9.9900 -99.9990    -9.990   -9.99   -9.9
135.3860431  16.2518985  5.630    17.6226   0.0938  11.0815    16.814    0.11   10.2
135.6906706   8.8544229  5.210    16.7495   0.0428  24.8876    16.324    0.07   15.4
135.7286250   1.9196944  6.010   -99.9990  -9.9900 -99.9990    -9.990   -9.99   -9.9
135.8111666   2.1911944  5.920   -99.9990  -9.9900 -99.9990    -9.990   -9.99   -9.9
135.8704568 -13.8336863  5.910    17.3588   0.0678  15.5158    -9.990   -9.99   -9.9
136.4360416   3.0163333  6.270   -99.9990  -9.9900 -99.9990    -9.990   -9.99   -9.9
136.6281250  69.5085555  5.470    16.6990   0.0335  31.8952    16.690    0.08   14.3
137.3395833   4.6785833  6.150   -99.9990  -9.9900 -99.9990    -9.990   -9.99   -9.9
137.5567910  16.9416111  6.720    17.5037   0.0821  12.7327    17.525    0.20    5.4
137.7272080  -4.2352222  6.630    16.8579   0.0433  24.5681    16.793    0.10   11.3
137.8094583   1.8720556  6.070   -99.9990  -9.9900 -99.9990    -9.990   -9.99   -9.9
138.3189635  59.3226888  5.120    17.0770   0.0498  21.3165    -9.990   -9.99   -9.9
138.9318420  49.4046241  5.190    16.4674   0.0307  34.8542    16.409    0.07   16.2
139.4914907  38.5111550  5.110    17.5866   0.0782  13.3933    17.396    0.17    6.6
139.6382083   1.6564722  6.190   -99.9990  -9.9900 -99.9990    -9.990   -9.99   -9.9
140.3356667   0.1230278  6.560    17.3891   0.0733  14.3107    16.523    0.09   12.7
140.5700563  26.8997376  5.050    17.0321   0.0522  20.3008    16.979    0.12    8.7
140.9032672  30.1637729  5.070    17.4799   0.0754  13.9035    -9.990   -9.99   -9.9
140.9463333   4.0484444  6.600    16.5313   0.0351  30.4439    16.360    0.07   14.7
141.8409198  20.0232334  5.770    16.9077   0.0491  21.6287    16.697    0.11    9.9
143.2073307  12.3682803  5.020   -99.9990  -9.9900 -99.9990    -9.990   -9.99   -9.9
143.8471250  -2.1317778  5.320    16.8465   0.0461  23.0730    17.136    0.14    7.6
147.2306816  21.1087694  5.170    17.1137   0.0583  18.1177    17.050    0.13    8.2
149.2819880   6.1832069  5.140    16.0337   0.0226  47.5937    16.179    0.07   16.1
149.3008333  10.2718055  5.140    17.2231   0.0630  16.7483    16.971    0.12    8.9
149.3661115   5.3181323  5.180    16.8768   0.0467  22.7286    -9.990   -9.99   -9.9
149.4182917   0.8926667  6.050   -99.9990  -9.9900 -99.9990    -9.990   -9.99   -9.9
149.5584510  35.4135633  5.120    16.6844   0.0360  29.6245    16.524    0.08   13.8
149.7837500   2.4520444  5.070   -99.9990  -9.9900 -99.9990    -9.990   -9.99   -9.9
150.1823993  21.0574094  5.070    16.5737   0.0372  28.7173    16.590    0.09   11.9
150.2145833   2.5826333  5.300   -99.9990  -9.9900 -99.9990    -9.990   -9.99   -9.9
151.0056667   2.6585278  6.410   -99.9990  -9.9900 -99.9990    -9.990   -9.99   -9.9
151.5608750  -3.1751111  5.550    16.2870   0.0276  38.8146    16.200    0.06   17.7
153.4013916  42.6740006  5.030    17.2020   0.0527  20.1188    17.047    0.11    9.6
155.5079583   8.0228333  5.360    15.9562   0.0230  46.8102    15.461    0.05   22.9
155.5418621  22.8737350  5.470    15.8015   0.0179  60.1787    15.912    0.06   19.5
156.5984527  25.7165127  5.250    16.6887   0.0385  27.6792    16.675    0.10   10.9
157.1393988   7.7719322  5.150    16.8782   0.0477  22.2613    16.782    0.11    9.5
157.6129585   5.4152946  6.310    16.5129   0.0356  29.9808    16.577    0.09   12.1
157.9070364  -2.6599073  5.880    16.9497   0.0485  21.8707    16.840    0.11    9.9
158.5597083  57.3743611  5.400   -99.9990  -9.9900 -99.9990    -9.990   -9.99   -9.9
158.5777050  20.5500594  5.010    15.8253   0.0192  55.9378    15.873    0.06   19.4
158.6938000 -14.4211000  6.070    15.9470   0.0214  50.2652    15.856    0.05   20.6
159.2257910  -2.5438734  6.380    16.8303   0.0458  23.2103    16.739    0.09   11.6
160.2025000 -11.9306111  5.440   -99.9990  -9.9900 -99.9990    -9.990   -9.99   -9.9
160.8966374  10.1762712  5.080    17.8461   0.1129   9.1266    17.538    0.20    5.4
161.1376700  -1.4172777  5.780    16.2186   0.0261  41.0786    16.349    0.07   14.6
162.0829167  -1.1611694  6.630    15.6791   0.0171  62.8259    15.544    0.05   23.5
162.1530410  33.6632388  5.610    17.3077   0.0609  17.3222    17.030    0.11    9.9
162.1877710  46.6218184  6.230    16.2526   0.0246  43.7052    16.349    0.06   18.3
162.6519480  58.0735236  5.160    16.5020   0.0286  37.4960    16.569    0.07   14.5
163.3457870  58.0700362  5.260    16.6747   0.0328  32.5856    16.886    0.09   12.5
163.5221660  46.6250694  5.470    16.7037   0.0351  30.4370    16.741    0.08   13.1
163.6892965  16.5603856  5.130    16.0056   0.0226  47.4722    -9.990   -9.99   -9.9
164.8692000  -9.1056666  5.920    17.5507   0.0795  13.1716    17.383    0.17    6.3
165.3931661   5.5260737  5.000    16.5855   0.0386  27.6267    16.368    0.08   13.9
166.0899580  21.5746666  6.740    17.2253   0.0594  17.7893    17.310    0.16    7.0
167.4726271  56.9521143  5.950    17.8515   0.0865  12.0577    -9.990   -9.99   -9.9
167.6415660 -13.4959995  6.510    17.7961   0.1026  10.0879    -9.990   -9.99   -9.9
169.8360000  34.8800300  5.010    16.7655   0.0371  28.7882    16.606    0.07   15.6
170.0061600   6.6900833  7.080    16.9385   0.0497  21.3429    16.914    0.11    9.6
170.7085131  13.7101245  5.190    17.4733   0.0774  13.5261    17.374    0.16    6.8
170.7964583  -0.7385111  5.000    17.1031   0.0577  18.3152    17.057    0.13    8.2
171.3171439  44.8124751  5.110    16.0855   0.0208  51.8345    16.140    0.06   19.2
171.6582060  17.5829312  5.220    16.6707   0.0385  27.7134    16.601    0.09   12.3
172.1770011  26.8866654  5.770    17.1618   0.0549  19.2645    17.178    0.14    7.9
172.2410328  57.9860676  5.000    16.5220   0.0296  36.1632    16.636    0.08   13.0
173.1937500  12.1504722  5.170    16.0284   0.0223  48.1455    16.136    0.07   15.8
173.2865833  16.0654722  5.610    16.3241   0.0278  38.5224    16.432    0.08   14.2
173.5592917   8.4814722  5.690    16.3810   0.0325  32.8661    16.382    0.08   13.9
173.7872080  50.1924999  6.580    17.2323   0.0515  20.5820    17.283    0.12    8.7
174.3238678  35.8324586  6.030    16.4334   0.0280  38.2632    16.458    0.07   15.9
174.7920407 -12.2845492  5.810    17.1272   0.0563  18.7819    17.025    0.12    8.7
175.4091843 -20.2654580  5.690    16.7802   0.0426  25.0117    16.474    0.08   13.9
175.9097797  38.1413398  5.800    16.8775   0.0400  26.6653    16.930    0.10   11.1
176.6360833  -1.9106389  6.160    17.0706   0.0572  18.4912    17.338    0.16    6.8
176.7017500   1.4055833  6.270   -99.9990  -9.9900 -99.9990    -9.990   -9.99   -9.9
176.7408000  40.6190700  5.010    15.8937   0.0177  60.8771    16.028    0.06   19.6
176.7453750  -0.0938056  6.300   -99.9990  -9.9900 -99.9990    -9.990   -9.99   -9.9
176.7767083  -1.1661667  5.310    16.4862   0.0345  30.9697    16.264    0.07   15.6
177.0137037   7.0356349  6.340    16.5559   0.0359  29.7832    16.388    0.08   13.6
177.0675400  52.8942500  5.700    18.3618   0.1325   7.7051    -9.990   -9.99   -9.9
177.0693757  52.8639986  6.420    16.0627   0.0194  55.3836    15.967    0.05   22.7
177.1090253  30.3386968  5.130    16.9210   0.0438  24.2845    16.841    0.10   11.3
177.1382500   0.9450722  5.840    18.2225   0.1524   6.6352    -9.990   -9.99   -9.9
177.4435417   7.8140555  5.660    17.3487   0.0725  14.4806    17.291    0.15    7.1
178.0886300   0.9268583  6.370   -99.9990  -9.9900 -99.9990    -9.990   -9.99   -9.9
178.5594134 -12.1881893  5.830    17.4293   0.0731  14.3621    -9.990   -9.99   -9.9
178.5829944  23.5659084  5.010    16.8101   0.0393  27.1064    16.868    0.11    9.9
178.6030599  13.6960522  5.000    16.7601   0.0419  25.4180    16.757    0.09   11.6
179.4516096   6.6199816  5.140    16.9730   0.0519  20.4348    16.798    0.11    9.6
180.2625833   1.5656667  6.060   -99.9990  -9.9900 -99.9990    -9.990   -9.99   -9.9
180.5324218  32.5941100  5.260    15.9851   0.0196  54.9676    16.032    0.05   20.2
180.6932083  -0.9504722  5.930   -99.9990  -9.9900 -99.9990    -9.990   -9.99   -9.9
181.1738947  -0.3637859  5.090    16.1840   0.0265  40.4564    15.935    0.06   19.8
181.2712417  -0.0077694  6.750    17.4534   0.0761  13.7710    17.278    0.15    7.2
181.9059988   6.5028433  6.040    17.1451   0.0609  17.3240    16.995    0.13    8.3
181.9755833  -0.0981389  6.010   -99.9990  -9.9900 -99.9990    16.659    0.10   11.3
182.0992500   0.1743611  5.270    17.9114   0.1163   8.8404    -9.990   -9.99   -9.9
182.2194450  21.1761023  5.060    16.0732   0.0220  48.9259    16.094    0.06   17.9
182.2467917  -2.0096667  6.200    18.1595   0.1379   7.3812    -9.990   -9.99   -9.9
182.3499583  -0.1129167  5.860    17.4358   0.0755  13.8873    17.216    0.15    7.4
182.4697093  18.5297808  5.150    16.2826   0.0273  39.3027    16.108    0.06   17.6
183.1124208   5.0926361  6.440    16.9640   0.0496  21.3921    16.966    0.13    8.4
183.2991900 -12.7676240  5.860    16.2643   0.0288  37.2068    16.284    0.07   14.9
183.8202986   0.3901834  5.930   -99.9990  -9.9900 -99.9990    -9.990   -9.99   -9.9
184.1149160  45.3196388  6.650    17.3298   0.0558  18.9669    17.273    0.13    8.6
184.3389334   1.5284636  6.200    17.8362   0.1070   9.6579    17.581    0.21    5.2
184.5466240  18.1307055  5.300    17.1902   0.0590  17.9046    17.354    0.15    7.1
184.7722500   0.8437500  6.010   -99.9990  -9.9900 -99.9990    -9.990   -9.99   -9.9
185.4434197  44.7577911  5.190    16.3625   0.0246  43.6976    16.304    0.06   17.6
185.6581819  19.9785907  5.130    16.3726   0.0289  37.0294    16.429    0.08   13.8
187.1047900  -2.5609033  5.770    18.3158   0.1620   6.2145    17.187    0.14    7.9
187.3050336   4.3243745  5.890   -99.9990  -9.9900 -99.9990    -9.990   -9.99   -9.9
188.3894733   6.3761650  5.300    16.4516   0.0366  29.1440    14.461    0.03   32.7
189.0252080  46.9569805  5.550    16.5065   0.0284  37.8028    16.450    0.07   15.9
189.1998333  62.1615556  5.190   -99.9990  -9.9900 -99.9990    -9.990   -9.99   -9.9
190.6996629  52.2185331  5.040    16.4217   0.0246  43.6900    16.539    0.07   15.6
190.9200541  25.4899697  5.830    16.4669   0.0300  35.6918    16.701    0.09   12.4
192.7163615  31.5060828  6.150    16.3981   0.0276  38.8641    16.414    0.07   16.4
194.1290326  25.5476238  5.910    16.9980   0.0461  23.0361    16.197    0.06   18.9
194.4894807  63.8269894  6.020    16.9440   0.0358  29.7969    16.911    0.08   13.2
196.5344701   3.9406556  6.020    16.9620   0.0514  20.6347    16.869    0.10   11.0
197.7198013  25.5351885  5.840    17.3774   0.0618  17.0687    17.577    0.17    6.4
198.6683740  54.5436694  5.520    16.5861   0.0277  38.7284    16.690    0.08   14.2
199.0339160  10.4757777  6.350    16.5428   0.0334  32.0419    16.751    0.09   12.1
199.3365833  -2.6536111  5.250    17.3736   0.0716  14.6756    17.181    0.12    8.8
199.7970850   9.8476434  6.130    16.9048   0.0420  25.3555    17.031    0.10   10.3
201.9221762  57.5439929  5.740    17.2774   0.0466  22.8275    17.375    0.12    8.8
203.2393749  22.1433083  5.110    15.6000   0.0143  75.1446    15.692    0.05   23.2
203.5523482  12.3390862  5.120    16.5575   0.0331  32.2665    16.684    0.09   12.0
203.9617127  35.5543943  5.900    16.7081   0.0327  32.7056    16.714    0.07   15.6
203.9843333  -3.4772778  5.670    15.6339   0.0168  64.2093    15.377    0.04   28.1
204.3700420  41.9277372  5.030    16.6567   0.0306  34.9453    16.571    0.07   15.0
205.0626338  39.4418596  5.030    16.2507   0.0225  47.6679    16.092    0.05   22.6
205.1676667  28.2244889  5.340    16.0776   0.0200  53.7939    16.125    0.06   19.4
205.4227500  46.1861944  5.020    17.0302   0.0449  23.7126    17.079    0.11   10.0
205.4750816  35.1682539  5.230    16.3752   0.0255  42.1017    16.289    0.06   18.8
205.5337500   9.4773889  7.540    17.6247   0.0797  13.1330    17.471    0.15    7.4
206.3609268  23.4970482  5.060    15.6542   0.0147  73.2285    15.479    0.04   30.4
209.2058560 -26.7083970  5.720    16.6243   0.0383  27.8640    16.292    0.06   17.3
209.4472500  53.0951389  5.320    17.6846   0.0711  14.7792    -9.990   -9.99   -9.9
210.1199583  -0.1976389  6.040   -99.9990  -9.9900 -99.9990    -9.990   -9.99   -9.9
210.1249583  -1.4225000  6.040   -99.9990  -9.9900 -99.9990    -9.990   -9.99   -9.9
210.4472342  27.8263983  6.140    17.5330   0.0696  15.1164    17.562    0.16    6.9
210.4581667  51.7195278  5.170   -99.9990  -9.9900 -99.9990    -9.990   -9.99   -9.9
210.7277720  40.4008853  6.040    17.9236   0.0920  11.3046    -9.990   -9.99   -9.9
210.8297035   9.0474981  5.880    17.2356   0.0579  18.2702    17.284    0.12    8.7
210.8722200 -12.0094820  5.840    18.0399   0.1305   7.8326    -9.990   -9.99   -9.9
211.6213333  -1.2697778  6.330   -99.9990  -9.9900 -99.9990    -9.990   -9.99   -9.9
211.6953333  -1.7340556  6.100   -99.9990  -9.9900 -99.9990    -9.990   -9.99   -9.9
212.0955000  53.0058055  5.070    17.8780   0.0803  13.0304    17.749    0.16    6.8
212.2974337 -15.9865717  5.830    17.8850   0.1163   8.8442    -9.990   -9.99   -9.9
212.7970333  12.2936897  5.900    16.4538   0.0297  36.0980    16.594    0.07   16.2
213.3629900 -22.5617370  5.920    16.7033   0.0412  25.8842    16.760    0.17    6.3
213.5181667  51.2599444  5.240    18.0061   0.0825  12.6603    18.111    0.21    5.1
213.6315417  57.5428055  5.160    18.0416   0.0874  11.9333    -9.990   -9.99   -9.9
213.6647500   1.5101389  5.940   -99.9990  -9.9900 -99.9990    -9.990   -9.99   -9.9
213.6950833  54.7755000  5.420   -99.9990  -9.9900 -99.9990    -9.990   -9.99   -9.9
213.7329225 -13.4803543  5.780    17.6369   0.0935  11.1210    17.164    0.13    8.1
214.0529583   0.2628333  6.030   -99.9990  -9.9900 -99.9990    -9.990   -9.99   -9.9
214.2208750   1.7839444  6.070   -99.9990  -9.9900 -99.9990    -9.990   -9.99   -9.9
214.3694583   1.2867778  6.020   -99.9990  -9.9900 -99.9990    -9.990   -9.99   -9.9
214.9853750  55.8878333  5.000   -99.9990  -9.9900 -99.9990    -9.990   -9.99   -9.9
215.1514300 -16.0417350  5.730    15.6551   0.0177  60.8806    -9.990   -9.99   -9.9
215.5009583   0.1841667  5.890   -99.9990  -9.9900 -99.9990    -9.990   -9.99   -9.9
215.8580071  13.0501956  5.020    16.1041   0.0216  49.8075    15.977    0.05   21.9
215.8821250  -0.3025278  6.130   -99.9990  -9.9900 -99.9990    -9.990   -9.99   -9.9
216.3180505  32.9026503  5.890   -99.9990  -9.9900 -99.9990    16.974    0.08   13.4
216.3238333  -0.2613611  6.180   -99.9990  -9.9900 -99.9990    -9.990   -9.99   -9.9
216.8737083  35.3691611  5.530    17.4089   0.0579  18.2560    17.388    0.12    9.3
216.9107900  33.2116660  6.120    16.6792   0.0310  34.4874    16.817    0.08   14.4
217.0891328 -16.0453608  6.110    16.4216   0.0330  32.3726    -9.990   -9.99   -9.9
217.2628333  -1.0787222  6.800   -99.9990  -9.9900 -99.9990    -9.990   -9.99   -9.9
217.2925833  -0.0353889  6.040   -99.9990  -9.9900 -99.9990    -9.990   -9.99   -9.9
217.4082083  33.0711667  5.390    17.8865   0.0865  12.0564    17.877    0.19    5.8
217.4673700  54.7882490  6.180    17.3456   0.0467  22.7729    17.026    0.08   13.6
217.9185333  -7.4120745  6.140    17.2489   0.0651  16.1732    17.182    0.12    9.1
219.0208457  21.5442366  5.220    16.5218   0.0285  37.5860    16.420    0.06   18.7
219.0489157  50.1186544  5.850    17.1991   0.0431  24.6863    17.169    0.09   12.3
219.4659379  23.3870416  5.300    16.0479   0.0195  55.2421    15.886    0.04   25.2
219.4855833  51.8541944  5.170   -99.9990  -9.9900 -99.9990    -9.990   -9.99   -9.9
220.0054167  -1.1172778  6.130   -99.9990  -9.9900 -99.9990    -9.990   -9.99   -9.9
220.9611144  36.3875378  5.120    15.8479   0.0157  68.7455    15.897    0.04   26.6
225.1534990  28.2675083  5.550    16.4081   0.0246  43.6529    16.280    0.05   22.5
227.4240800 -17.8241110  6.120   -99.9990  -9.9900 -99.9990    -9.990   -9.99   -9.9
227.6470542  51.8114154  5.060    16.2493   0.0187  57.4230    16.244    0.05   23.6
228.4151667   8.9018056  5.470    17.2783   0.0571  18.5037    17.280    0.13    8.4
228.6871163  21.2388264  5.920    17.1485   0.0512  20.6886    -9.990   -9.99   -9.9
230.7620833  59.2758444  5.110    16.3464   0.0217  49.5110    15.638    0.03   32.6
230.9404191  33.7999564  5.330    16.8001   0.0320  33.4193    16.699    0.06   17.9
231.0170833   8.2775833  5.080    17.4204   0.0672  15.6550    17.638    0.19    5.8
231.6576708 -20.8335167  6.590    16.9288   0.0544  19.4670    17.209    0.15    7.3
231.8035833   6.6894167  5.570    16.8471   0.0408  26.0870    16.700    0.08   13.5
233.7489897  13.4503941  5.040    16.0398   0.0201  53.6367    15.835    0.04   25.9
233.8869580  19.7222500  6.400    15.8841   0.0176  61.3219    15.923    0.05   23.0
235.9450668  17.0079059  5.820    16.9466   0.0430  24.7815    16.790    0.08   13.2
236.2734167  42.5365556  6.500   -99.9990  -9.9900 -99.9990    -9.990   -9.99   -9.9
236.2912415  16.6088635  5.820    16.9635   0.0472  22.5224    -9.990   -9.99   -9.9
236.4670410  60.4733202  5.780    16.0143   0.0143  75.3162    16.007    0.04   29.7
237.5038750  43.3007778  5.840   -99.9990  -9.9900 -99.9990    -9.990   -9.99   -9.9
238.8510335  -6.8976629  5.810    17.4807   0.0789  13.2696    -9.990   -9.99   -9.9
239.7124609  -7.4026641  6.110    16.2721   0.0292  36.6544    -9.990   -9.99   -9.9
239.7878750  22.2048417  6.070   -99.9990  -9.9900 -99.9990    17.137    0.10   10.3
240.2964999 -18.4764111  5.060    15.6060   0.0191  56.4051    15.647    0.05   20.3
240.7249088  42.4735952  6.090    16.0355   0.0165  65.2948    16.051    0.04   24.2
240.9544583  55.1756389  6.040   -99.9990  -9.9900 -99.9990    -9.990   -9.99   -9.9
242.4052913  30.6966052  6.140    17.6418   0.0708  14.8421    17.518    0.14    7.7
242.4397100 -12.9816971  5.830    16.5690   0.0389  27.4003    16.297    0.07   14.7
242.5696654  41.2982715  5.000    16.5833   0.0255  42.0502    16.517    0.06   18.7
243.6047083  46.6747055  5.310    15.8192   0.0136  79.4143    15.868    0.04   29.4
243.6473330   1.2457750  5.780    16.8596   0.0416  25.6074    16.962    0.11   10.2
243.6960000  20.9841583  5.090    16.7513   0.0343  31.1906    16.661    0.08   14.4
245.0636766  -0.1978601  5.680    18.1202   0.1250   8.1927    -9.990   -9.99   -9.9
245.2538300  51.9302200  5.710    15.6551   0.0114  94.5409    15.654    0.03   33.8
245.8136666  47.0999722  5.130    15.5584   0.0112  96.2820    15.574    0.03   32.0
245.8825602  31.2001475  6.260    16.6612   0.0302  35.4219    16.523    0.07   16.8
246.6104203  27.8590266  5.160    14.9996   0.0086 126.0080    14.968    0.03   34.7
246.6216700  28.9826600  5.040    16.6243   0.0294  36.4436    15.871    0.00    1.9
247.2970667  24.1277056  6.480    16.6643   0.0306  34.9687    16.792    0.07   14.5
247.6412639  40.2026929  6.070    17.4598   0.0517  20.4865    17.493    0.12    8.8
250.3405347  37.9222629  6.050    17.9033   0.0752  13.9422    -9.990   -9.99   -9.9
252.6760830  16.2893055  5.520    16.1971   0.0230  46.6566    16.263    0.06   17.2
254.1477499  45.6870972  5.340    16.2511   0.0177  60.6552    16.223    0.28    3.9
254.7588333  27.1597750  5.310    15.9065   0.0169  63.6564    15.920    0.05   23.7
254.9626250  32.6579527  5.170    16.3205   0.0219  48.9791    16.419    0.06   18.1
261.0364292  19.0286444  6.440    17.6686   0.0778  13.4693    17.912    0.21    5.2
267.0021100  22.7812107  5.950   -99.9990  -9.9900 -99.9990    -9.990   -9.99   -9.9
268.1837500  50.6091805  5.020    15.1005   0.0078 138.3717    15.130    0.03   36.1
293.0317650  71.6523355  6.080    16.9907   0.0311  34.4618    17.369    0.08   13.8
308.0416401 -21.2339750  6.240    16.4979   0.0374  28.5559    16.497    0.09   12.4
308.4829700 -27.6485000  5.800    16.8307   0.0490  21.6450    16.931    0.12    9.1
313.3407000   0.7852222  5.920    17.6131   0.0839  12.4496    -9.990   -9.99   -9.9
313.5270400  -0.0874444  6.040    17.1785   0.0576  18.3432    -9.990   -9.99   -9.9
315.2275800 -17.2562490  6.090    17.4392   0.0881  11.8348    -9.990   -9.99   -9.9
315.5800830 -14.9816666  6.650    17.7920   0.1157   8.8973    17.589    0.21    5.0
319.5530416  -0.0640833  5.460    17.7417   0.0982  10.5608    -9.990   -9.99   -9.9
319.6040300 -10.9326200  5.900    16.2378   0.0303  35.3580    16.142    0.07   15.3
319.8680000  10.4851667  5.180    17.0514   0.0493  21.5398    17.036    0.11   10.3
319.9662083  -0.6722500  5.870    18.2132   0.1439   7.0550    -9.990   -9.99   -9.9
320.8703300 -24.3604000  5.730    17.0875   0.0593  17.8012    17.151    0.15    7.3
322.7928750 -43.9840278  6.450    18.0016   0.1108   9.3071    -9.990   -9.99   -9.9
323.1382958  12.2986833  6.590    16.0365   0.0214  50.2868    16.356    0.07   15.9
325.6636250  -1.3334167  5.610    17.0639   0.0534  19.8349    16.884    0.11    9.5
326.9808700   1.1320277  5.810    18.0296   0.1218   8.4234    17.631    0.20    5.4
328.7339966  -9.5076274  5.920    17.7410   0.0987  10.5051    -9.990   -9.99   -9.9
330.2776249   3.0354750  5.060    15.9434   0.0205  52.4310    15.977    0.06   18.5
330.3836250   1.9247222  6.160   -99.9990  -9.9900 -99.9990    -9.990   -9.99   -9.9
330.6115416  15.1645500  5.070    15.6372   0.0152  70.8756    15.735    0.05   23.0
330.6383333   1.5223056  5.230   -99.9990  -9.9900 -99.9990    -9.990   -9.99   -9.9
331.0746667   1.1957778  5.940   -99.9990  -9.9900 -99.9990    -9.990   -9.99   -9.9
331.6450417   2.0267500  5.100   -99.9990  -9.9900 -99.9990    -9.990   -9.99   -9.9
331.7921666  -4.2823000  5.530    15.1450   0.0118  91.7830    15.122    0.04   28.2
332.6135000   3.0745833  6.900   -99.9990  -9.9900 -99.9990    -9.990   -9.99   -9.9
332.6541250   2.7204722  5.200    17.8121   0.1022  10.1341    17.305    0.15    7.0
332.7525000 -63.3488333  6.880    18.2078   0.1221   8.3989    -9.990   -9.99   -9.9
332.8007083 -32.1035556  6.320   -99.9990  -9.9900 -99.9990    16.359    0.07   15.2
332.9208750   0.1885833  5.230    18.0645   0.1306   7.8200    -9.990   -9.99   -9.9
333.2145417  -0.7085278  5.420    17.1083   0.0574  18.4270    16.987    0.12    9.2
333.2719167   0.5688333  5.310   -99.9990  -9.9900 -99.9990    -9.990   -9.99   -9.9
333.8342500  -0.1523333  5.280    18.3096   0.1612   6.2469    -9.990   -9.99   -9.9
333.9859789  26.1081684  6.030    17.4201   0.0673  15.6469    -9.990   -9.99   -9.9
334.1834167   0.2300278  5.010    17.0680   0.0546  19.3779    17.185    0.15    7.3
334.1852917  -0.2805833  6.100   -99.9990  -9.9900 -99.9990    -9.990   -9.99   -9.9
334.8217500   1.0469167  6.160   -99.9990  -9.9900 -99.9990    -9.990   -9.99   -9.9
335.0770400  -1.0296911  5.620    16.8892   0.0490  21.6695    -9.990   -9.99   -9.9
335.7896250   3.4389722  6.050    18.2904   0.1511   6.6953    -9.990   -9.99   -9.9
336.3099166   3.5034722  5.350    16.3554   0.0287  37.3841    16.501    0.08   13.4
336.5517083  -6.3020249  5.080    15.7082   0.0181  59.4489    15.636    0.05   21.9
337.1159583   1.4693056  6.010   -99.9990  -9.9900 -99.9990    -9.990   -9.99   -9.9
337.1814100   1.1756111  5.950   -99.9990  -9.9900 -99.9990    -9.990   -9.99   -9.9
337.1881250  -7.9653833  5.140    16.3598   0.0320  33.4201    16.167    0.07   16.7
337.1987917   1.8779167  6.080   -99.9990  -9.9900 -99.9990    -9.990   -9.99   -9.9
337.2568700  14.9524990  6.150   -99.9990  -9.9900 -99.9990    -9.990   -9.99   -9.9
337.9537083  -0.5965278  5.870   -99.9990  -9.9900 -99.9990    -9.990   -9.99   -9.9
338.0501250   0.2106667  6.180   -99.9990  -9.9900 -99.9990    -9.990   -9.99   -9.9
338.2297707  29.5089760  6.670    17.4989   0.0684  15.3680    17.813    0.21    5.1
338.3651666  -1.1178888  5.110   -99.9990  -9.9900 -99.9990    -9.990   -9.99   -9.9
339.1857500   0.5491389  6.400   -99.9990  -9.9900 -99.9990    -9.990   -9.99   -9.9
339.7091666  -0.4505000  5.170    18.0654   0.1332   7.6590    -9.990   -9.99   -9.9
339.7814999   0.5062777  5.090    17.8608   0.1111   9.2816    -9.990   -9.99   -9.9
339.9477917   2.1298611  6.260   -99.9990  -9.9900 -99.9990    -9.990   -9.99   -9.9
340.2041700 -18.6621700  5.980    16.5530   0.0392  27.2299    16.562    0.09   11.9
340.6564500   3.5726666  5.880   -99.9990  -9.9900 -99.9990    -9.990   -9.99   -9.9
341.3511249   0.4039444  5.160    18.1255   0.1447   7.0139    17.472    0.19    5.8
342.5083750 -50.2617083  6.000    16.2478   0.0242  44.2998    16.142    0.06   18.5
343.0226667   2.4255278  6.120   -99.9990  -9.9900 -99.9990    -9.990   -9.99   -9.9
343.9085000   2.8573889  6.340    17.8215   0.1103   9.3547    17.334    0.17    6.3
346.0957083   0.7515000  6.360   -99.9990  -9.9900 -99.9990    -9.990   -9.99   -9.9
346.8972900   0.5303888  5.870    17.2548   0.0631  16.7148    17.078    0.14    8.1
347.6620586  18.9222017  6.000    15.8754   0.0178  60.3955    15.797    0.04   24.1
348.0684999   1.0143055  5.080    18.0824   0.1341   7.6100    -9.990   -9.99   -9.9
348.9440400  -0.3994722  6.120    17.3354   0.0706  14.8852    17.560    0.20    5.3
349.4093750  22.7360083  5.500    16.1251   0.0220  48.9282    16.138    0.06   17.7
349.5000000 -31.2166667  6.510   -99.9990  -9.9900 -99.9990    -9.990   -9.99   -9.9
349.5116600  -2.7761111  6.050    18.1761   0.1435   7.0766    -9.990   -9.99   -9.9
351.3093508  26.4799531  5.770    16.1378   0.0221  48.7409    16.193    0.06   17.5
351.4026667  -5.8911944  5.220    16.3232   0.0299  35.7881    16.337    0.07   15.4
352.2845000  -3.0329999  6.420    17.9737   0.1241   8.2579    -9.990   -9.99   -9.9
352.3102500  -4.0566944  5.900   -99.9990  -9.9900 -99.9990    -9.990   -9.99   -9.9
352.4137500  30.0641055  5.240    16.1504   0.0217  49.4129    16.209    0.06   18.4
352.5362917   9.9621389  5.300    16.1972   0.0249  43.1977    15.923    0.06   18.5
353.7293749  -0.1728055  5.110    18.0026   0.1247   8.2194    -9.990   -9.99   -9.9
356.1395833  16.8879111  5.000    15.2594   0.0115  93.5241    15.224    0.04   26.4
357.1389000 -30.9028440  6.900    17.6947   0.0905  11.5056    17.673    0.17    6.3
357.8289911   6.4019219  5.810   -99.9990  -9.9900 -99.9990    -9.990   -9.99   -9.9
357.8512917  -4.9853611  5.250    17.1013   0.0557  19.0051    17.206    0.16    6.9
359.1352149  -6.3831264  6.150    16.4896   0.0323  33.1173    16.557    0.10   10.9
359.2149100   0.3925833  6.000   -99.9990  -9.9900 -99.9990    -9.990   -9.99   -9.9
359.6001667   6.5770555  5.320    16.3287   0.0296  36.1965    16.009    0.06   18.9
