abcd count        RA           Dec   redshift  unW1_mag unW1_magerr    unW1_snr     unW2_mag unW2_magerr    unW2_snr
A,   1    0.34011348   26.83588138   5.75      16.27989     0.02571    41.72647     15.51944     0.04993    21.25103
A,   2    0.66411726   25.84304425   5.82      16.24996     0.02615    41.02393     15.41770     0.04685    22.68041
A,   3    1.46808330   -0.11549990   5.85      17.49266     0.07910    13.23251     16.70218     0.15336     6.59150
A,   4    2.10739000   -6.43456000   5.93      16.80197     0.04452    23.89310     15.96197     0.07843    13.34915
A,   5    2.21429170   36.27041380   5.17      16.01765     0.02080    51.70210     15.43394     0.04444    23.93676
B,   6    2.37870183   32.87026179   6.10      17.95090     0.10558     9.79146    -99.99900    -9.99000   -99.99900
A,   7    3.13699900   36.53780550   5.44      15.82136     0.01737    62.01317     15.23056     0.03627    29.43722
A,   8    4.31116660  -10.01539722   5.01      15.97575     0.02167    49.59903     15.31419     0.04492    23.67243
A,   9    4.39361347   17.08630447   5.80      17.83374     0.10323    10.02525     16.69560     0.14508     6.99491
A,  10    4.81408000  -24.29916000   5.68      16.32045     0.02836    37.79215     15.67841     0.06078    17.36716
A,  11    5.13112370  -36.89494760   6.90      16.86710     0.04065    26.21001     16.41264     0.10197    10.15491
A,  12    5.87779160   -0.31011110   5.06      16.84889     0.04598    23.11756     16.12691     0.09255    11.23801
B,  13    6.12404166   39.22193055   6.62      17.36382     0.06434    16.38055    -99.99900    -9.99000   -99.99900
A,  14    6.36183330   -1.75903060   5.07      14.85090     0.00881   122.70559     14.23246     0.01840    58.52002
A,  15    7.02733292    4.95712319   6.00      17.17834     0.05959    17.72580     16.60620     0.13479     7.56507
A,  16    7.85774999    7.17692220   5.33      16.65772     0.03887    27.43696     15.68292     0.06340    16.62985
B,  17    8.29750000   -1.42358330   6.13      18.20513     0.14216     7.14812    -99.99900    -9.99000   -99.99900
A,  18    8.55979200   37.99833330   5.63      16.48003     0.02901    36.93224     15.73020     0.05556    19.04667
A,  19    9.35732902   -8.11901741   5.72      16.82046     0.04212    25.28328     16.20383     0.09517    10.91543
A,  20    9.65041600  -15.45655550   7.02      16.74116     0.04125    25.82485     16.31122     0.10451     9.89698
A,  21    9.73550794  -10.43163860   5.95      16.49145     0.03205    33.38357     15.72242     0.06148    17.16347
B,  22   11.38986666    9.03248889   6.42      17.77279     0.10427     9.92074    -99.99900    -9.99000   -99.99900
A,  23   12.52777099   34.75601483   6.25      16.58149     0.03262    32.78923     15.70625     0.05488    19.28778
A,  24   13.58924990   -1.15600000   5.09      16.98206     0.05679    18.62322     16.15291     0.10259    10.09121
D,  25   13.76212500    1.77175000   6.01     -99.99900    -9.99000   -99.99900    -99.99900    -9.99000   -99.99900
A,  26   14.23349900   22.68671110   5.49      16.93557     0.04769    22.27015     15.99540     0.07830    13.37171
A,  27   15.05426347   28.04053195   6.33      14.44561     0.00632   171.27200     13.64457     0.01055   102.42265
D,  28   15.71099900   -2.30274990   5.95     -99.99900    -9.99000   -99.99900    -99.99900    -9.99000   -99.99900
A,  29   17.02749990    7.18905555   5.53      16.33873     0.03086    34.68045     15.49022     0.05428    19.50763
D,  30   17.12483330   -1.00433330   5.11     -99.99900    -9.99000   -99.99900    -99.99900    -9.99000   -99.99900
B,  31   17.47137900  -30.79064200   6.79      17.96071     0.10958     9.41614    -99.99900    -9.99000   -99.99900
A,  32   18.47395830    5.99752777   5.00      16.68526     0.04127    25.80861     16.13180     0.09378    11.08410
A,  33   18.72962500   32.63786940   5.22      16.84587     0.04091    26.04467     16.18057     0.08469    12.32622
A,  34   18.93658330    0.25413880   5.10      17.16827     0.06527    16.14018     16.69920     0.15738     6.41071
A,  35   18.94279165   -2.88673330   5.07      16.36699     0.02986    35.86201     15.83330     0.07025    14.96171
A,  36   19.05958330    5.63824990   5.33      16.35369     0.03072    34.84900     15.64389     0.06065    17.40534
A,  37   20.22470800   21.78505550   5.42      16.54741     0.03289    32.51207     15.91755     0.07164    14.66172
A,  38   21.42133775  -25.88228802   5.79      16.22331     0.02458    43.67488     15.59822     0.05282    20.06062
B,  39   22.28100000   -0.47930550   5.01      18.13381     0.13544     7.52670    -99.99900    -9.99000   -99.99900
D,  40   22.49379100   -0.59436110   5.78     -99.99900    -9.99000   -99.99900    -99.99900    -9.99000   -99.99900
A,  41   22.86391660   -3.35005270   5.18      14.54229     0.00709   152.65930     13.88659     0.01357    79.52414
A,  42   23.00710000   -2.26753000   5.90      16.56777     0.03408    31.36077     15.44352     0.04783    22.20166
A,  43   23.36183330    1.11047222   5.30      16.85007     0.04709    22.55940     15.87086     0.07562    13.86352
D,  44   24.01320800    2.43491660   6.21     -99.99900    -9.99000   -99.99900    -99.99900    -9.99000   -99.99900
A,  45   25.23764000  -11.68319000   5.85      16.76515     0.04083    26.09634     15.90096     0.07062    14.88048
A,  46   25.68219720  -33.46263000   6.31      16.12952     0.02174    49.43781     15.36278     0.04031    26.43786
A,  47   25.79266666  -55.75296666   6.25      17.06955     0.04044    26.35358     15.92814     0.05431    19.49652
A,  48   27.15681283    6.00557339   5.98      16.10750     0.02380    45.11302     15.35649     0.04616    23.02691
A,  49   28.88866660    4.25187250   5.35      16.12984     0.02529    42.42897     15.26645     0.04317    24.65375
A,  50   29.43937500   30.01963330   5.63      15.44202     0.01373    78.55317     14.65817     0.02548    42.11912
A,  51   29.51726000  -29.08868000   5.99      16.24916     0.02574    41.67983     15.49797     0.04810    22.07792
A,  52   29.99154790  -36.56572300   6.02      16.60775     0.03235    33.06467     15.91276     0.06452    16.33187
D,  53   30.74254166   -2.86488888   6.03     -99.99900    -9.99000   -99.99900    -99.99900    -9.99000   -99.99900
A,  54   30.88491549    0.20813044   5.72      16.52055     0.03422    31.23435     15.87852     0.07196    14.59335
D,  55   31.44429160   -9.92325000   5.37     -99.99900    -9.99000   -99.99900    -99.99900    -9.99000   -99.99900
D,  56   31.54666666   -2.92716666   6.03     -99.99900    -9.99000   -99.99900    -99.99900    -9.99000   -99.99900
B,  57   32.01795830   -1.20952770   5.23      18.00720     0.12044     8.52372    -99.99900    -9.99000   -99.99900
D,  58   32.55495800   -4.93913880   6.43     -99.99900    -9.99000   -99.99900    -99.99900    -9.99000   -99.99900
A,  59   32.73612490    0.05130560   5.05      16.91463     0.04554    23.34660     16.08188     0.08329    12.54196
B,  60   32.93554170   -2.05108330   6.37      17.74144     0.09218    11.28529    -99.99900    -9.99000   -99.99900
D,  61   33.32058330   -6.43755560   6.72     -99.99900    -9.99000   -99.99900    -99.99900    -9.99000   -99.99900
A,  62   33.84695830   -5.49605555   5.13      17.84359     0.10124    10.23176     16.87592     0.16364     6.14742
A,  63   34.10066660   23.06929720   5.26      16.45754     0.03338    32.02905     15.71092     0.06478    16.26474
D,  64   34.11587500   -4.92613880   6.01     -99.99900    -9.99000   -99.99900    -99.99900    -9.99000   -99.99900
B,  65   34.16187500  -52.43905560   6.41      17.55959     0.05833    18.11701    -99.99900    -9.99000   -99.99900
D,  66   34.33995833   -2.14794444   6.20     -99.99900    -9.99000   -99.99900    -99.99900    -9.99000   -99.99900
A,  67   34.58783330   -0.46269460   5.11      17.54004     0.08201    12.74571     16.79257     0.15536     6.50029
D,  68   35.12383330   -4.53444440   5.90     -99.99900    -9.99000   -99.99900    -99.99900    -9.99000   -99.99900
B,  69   35.30133330   -3.70877777   5.02      18.38481     0.16455     6.11086    -99.99900    -9.99000   -99.99900
A,  70   35.30254160   -3.71450000   5.02      16.30994     0.02799    38.28569     15.70134     0.06061    17.41716
A,  71   35.34462500   -8.04763880   6.16      18.04838     0.11838     8.68097     17.05356     0.18651     5.33562
A,  72   36.50780677    3.04983831   6.54      16.65740     0.03822    27.91299     16.18182     0.09296    11.18712
D,  73   36.93037500   -6.09172220   6.20     -99.99900    -9.99000   -99.99900    -99.99900    -9.99000   -99.99900
D,  74   37.50945830    0.77966666   5.41     -99.99900    -9.99000   -99.99900    -99.99900    -9.99000   -99.99900
A,  75   37.90683330   -7.48177777   5.37      15.98640     0.02025    53.11876     15.00554     0.03156    33.90222
A,  76   37.97065700  -28.83891100   6.00      17.64400     0.07858    13.32263     16.74868     0.13471     7.56990
D,  77   38.92675000   -5.54488889   6.09     -99.99900    -9.99000   -99.99900    -99.99900    -9.99000   -99.99900
D,  78   39.87600000   -0.75149990   5.82     -99.99900    -9.99000   -99.99900    -99.99900    -9.99000   -99.99900
B,  79   40.01591406   17.54580925   5.68      17.54453     0.08324    12.54931    -99.99900    -9.99000   -99.99900
A,  80   40.47050000    4.59818330   5.22      16.20172     0.02602    41.22189     15.52964     0.05456    19.40535
D,  81   41.00000000  -50.13333333   6.74     -99.99900    -9.99000   -99.99900    -99.99900    -9.99000   -99.99900
A,  82   36.11057000  -47.19149000   6.50      16.11423     0.01872    57.51142     15.42139     0.03636    29.36166
A,  83   41.73291670  -52.33052780   6.87      17.46381     0.05318    19.91964     16.93822     0.12413     8.25603
B,  84   42.66909000   -2.91745000   5.89      17.88101     0.11099     9.29066    -99.99900    -9.99000   -99.99900
A,  85   42.83887490    3.55483880   5.00      15.69936     0.01672    64.44791     14.99626     0.03231    33.10716
A,  86   43.06933330   -5.05883330   7.02      17.41081     0.07414    14.15088     16.90592     0.17712     5.64356
A,  87   45.18408200  -22.54088500   5.68      16.19496     0.02496    42.99783     15.78151     0.05996    17.61247
D,  88   45.32087490    0.34055556   5.50     -99.99900    -9.99000   -99.99900    -99.99900    -9.99000   -99.99900
C,  89   45.88083300   -0.32024990   6.08     -99.99900    -9.99000   -99.99900     16.60544     0.13447     7.58424
A,  90   46.32048300  -31.84886100   6.61      17.47062     0.06369    16.55156     16.88526     0.13862     7.34330
A,  91   46.67712500   18.88773610   5.36      14.27310     0.00624   173.52257     13.45828     0.01027   105.24802
D,  92   49.20779100  -13.67563800   5.99     -99.99900    -9.99000   -99.99900    -99.99900    -9.99000   -99.99900
B,  93   49.29342829  -26.55436370   5.94      17.92779     0.09846    10.53438    -99.99900    -9.99000   -99.99900
A,  94   49.92358330  -10.14611110   6.83      17.10234     0.05067    20.93342     16.09572     0.07877    13.29014
D,  95   50.47945830    0.49483350   5.04     -99.99900    -9.99000   -99.99900    -99.99900    -9.99000   -99.99900
A,  96   50.91808333  -47.02225833   6.25      17.90283     0.07647    13.70387     17.15981     0.14599     6.94806
A,  97   52.14794200  -32.88967800   5.86      16.97852     0.04129    25.79675     16.11800     0.07077    14.84772
B,  98   52.61633333  -40.42122222   6.25      17.49600     0.06022    17.53517    -99.99900    -9.99000   -99.99900
A,  99   53.96052436  -15.79569428   5.87      17.74538     0.08807    11.83491     16.62309     0.12011     8.54898
A, 100   54.62212490    0.36563880   5.03      16.78124     0.04260    24.99077     16.17409     0.09354    11.11451
A, 101   55.42437500   -0.80354444   5.68      17.27344     0.06400    16.46984     16.53448     0.12493     8.20012
A, 102   56.71685000  -16.47691000   5.99      16.63863     0.03487    30.63646     15.71320     0.05670    18.65218
B, 103   57.49749990    0.56763880   5.20      18.12372     0.14468     7.01533    -99.99900    -9.99000   -99.99900
A, 104   58.45721356    1.06796142   6.07      16.86373     0.04737    22.42503     16.30575     0.10459     9.88855
A, 105   60.55289450   24.85678567   6.18      16.51307     0.03611    29.56924     15.87899     0.07555    13.87737
A, 106   62.08012500  -56.54133888   6.03      17.37476     0.04182    25.46815     16.57215     0.07547    13.89233
A, 107   62.51345833  -44.24463888   6.21      17.39479     0.04994    21.24589     16.92909     0.11998     8.55871
A, 108   62.86929100   -9.13050000   6.81      16.82469     0.04289    24.81481     16.05119     0.07863    13.31418
A, 109   65.04725000  -44.88994444   6.07      17.32540     0.04519    23.52935     16.49396     0.07992    13.09092
A, 110   65.40853700  -26.95433511   6.14      16.30721     0.02566    41.82074     15.85897     0.06183    17.06359
A, 111   65.50414653  -19.45796853   6.12      16.02195     0.02101    51.19059     15.04674     0.03192    33.51411
A, 112   69.94616600   16.57102770   6.51      13.98212     0.00510   212.36511     13.27586     0.00900   120.17323
A, 113   71.03221433   -4.55918682   5.89      17.35414     0.06236    16.91498     16.71588     0.13268     7.69305
A, 114   71.45075000   -2.33329000   5.69      16.24253     0.02482    43.24364     15.67525     0.05645    18.73821
A, 115   73.50745000  -44.80864000   6.09      17.17422     0.03963    26.89975     16.54252     0.08248    12.67050
A, 116   75.93566000   -7.50613000   5.88      17.16667     0.05753    18.37724     16.49861     0.11285     9.12993
A, 117   89.93944458  -15.58338950   6.05      15.51514     0.01406    76.73742     14.52134     0.02041    52.68701
A, 118  106.60995800   29.35152770   6.58      15.94083     0.02202    48.81520     15.34703     0.04639    22.90850
A, 119  108.44294160    8.92573692   5.92      16.01834     0.02313    46.45200     15.12296     0.03865    27.59788
A, 120  112.76303000   44.99707000   5.01      15.91824     0.02012    53.45602     15.38602     0.04433    23.99435
A, 121  115.47800000   25.34156944   5.19      14.72804     0.00862   125.44791     13.87094     0.01392    77.51805
A, 122  116.95491660   11.89790550   5.26      14.59371     0.00763   141.73068     13.78015     0.01269    85.05167
A, 123  119.07558120   41.06905919   5.06      16.83607     0.04465    23.82037     16.13899     0.08711    11.97005
A, 124  120.77258300   31.64283330   6.38      16.97377     0.05268    20.11502     16.46407     0.12292     8.34248
A, 125  122.72630860   51.09447300   5.82      16.89686     0.04416    24.09090     16.15824     0.08452    12.35253
A, 126  123.20341660    4.68237220   5.29      16.33262     0.03005    35.63412     15.41315     0.05066    20.93442
A, 127  124.61418450   17.38111271   6.02      15.61218     0.01703    63.26283     14.87506     0.03162    33.84086
A, 128  126.22506340   13.03804903   5.15      16.52120     0.03674    29.05519     15.61918     0.06162    17.12516
A, 129  127.05586220   26.56541403   6.05      16.71437     0.04158    25.61206     16.09457     0.08860    11.76130
A, 130  127.28174060    3.06570093   5.85      17.42493     0.07118    14.75992     16.55934     0.12809     7.98628
A, 131  127.38320800   41.29455550   6.77      17.24597     0.06094    17.32095     16.60337     0.12827     7.97437
A, 132  127.38791660   25.11266666   5.35      16.70655     0.04168    25.55199     15.86109     0.07576    13.83625
A, 133  128.32358330   27.44138888   5.02      17.10907     0.05806    18.20589     16.63456     0.14658     6.91813
D, 134  128.50366670    2.19636110   6.15     -99.99900    -9.99000   -99.99900    -99.99900    -9.99000   -99.99900
A, 135  128.85733330   32.29794444   5.89      18.02119     0.12572     8.14570     16.85015     0.17055     5.87918
A, 136  128.97651322    5.63140460   5.07      16.40483     0.03025    35.38993     15.74002     0.06399    16.47346
A, 137  129.18276650    0.91479339   5.81      15.26772     0.01201    89.90349     14.43447     0.02066    52.04188
A, 138  129.40766600   49.48344440   6.71      17.25428     0.06108    17.28172     16.00401     0.07429    14.11972
A, 139  129.94533300   39.00319440   6.91      16.42104     0.03124    34.25809     15.69844     0.06092    17.32706
A, 140  129.98065000    0.26505830   5.84      17.60693     0.08664    12.03830     16.92082     0.16961     5.91447
A, 141  130.14626150   56.40561756   5.84      16.81725     0.04223    25.21090     16.19386     0.08520    12.25061
A, 142  130.33132310   29.08459657   5.98      17.18664     0.06499    16.21004     16.40108     0.11995     8.56058
A, 143  130.62263840   12.31405085   6.07      16.33511     0.02917    36.72632     15.74724     0.06699    15.71243
D, 144  131.03587500   -1.53791670   6.18     -99.99900    -9.99000   -99.99900    -99.99900    -9.99000   -99.99900
D, 145  131.13166660   -0.88183333   6.25     -99.99900    -9.99000   -99.99900    -99.99900    -9.99000   -99.99900
A, 146  131.61600383    8.01436554   5.00      16.90376     0.04708    22.56589     16.38646     0.10982     9.39519
A, 147  132.61733330   -5.10191670   5.36      17.43821     0.07606    13.77991     16.33710     0.10255    10.09495
A, 148  132.70102550   32.77998310   5.87      16.70276     0.03863    27.60550     15.96981     0.07747    13.52104
D, 149  133.45350000    1.65305555   6.01     -99.99900    -9.99000   -99.99900    -99.99900    -9.99000   -99.99900
A, 150  133.62655121   20.94745469   5.17      16.23897     0.02742    39.09560     15.48746     0.05551    19.06517
D, 151  134.41054160    0.93686111   6.35     -99.99900    -9.99000   -99.99900    -99.99900    -9.99000   -99.99900
B, 152  134.55629170    0.01586110   5.99      18.39124     0.16716     6.00784    -99.99900    -9.99000   -99.99900
D, 153  134.77995830    0.38219444   6.39     -99.99900    -9.99000   -99.99900    -99.99900    -9.99000   -99.99900
B, 154  135.38604310   16.25189854   5.63      17.62264     0.09381    11.08145    -99.99900    -9.99000   -99.99900
A, 155  135.69067056    8.85442286   5.21      16.74953     0.04277    24.88763     15.85510     0.07207    14.56963
D, 156  135.72862500    1.91969444   6.01     -99.99900    -9.99000   -99.99900    -99.99900    -9.99000   -99.99900
D, 157  135.81116660    2.19119444   5.92     -99.99900    -9.99000   -99.99900    -99.99900    -9.99000   -99.99900
A, 158  135.87045680  -13.83368626   5.91      17.35879     0.06781    15.51580     16.46810     0.11240     9.16778
D, 159  136.43604160    3.01633333   6.27     -99.99900    -9.99000   -99.99900    -99.99900    -9.99000   -99.99900
A, 160  136.62812499   69.50855555   5.47      16.69904     0.03352    31.89521     15.81711     0.05574    18.98339
D, 161  137.33958330    4.67858330   6.15     -99.99900    -9.99000   -99.99900    -99.99900    -9.99000   -99.99900
B, 162  137.55679100   16.94161110   6.72      17.50367     0.08209    12.73267    -99.99900    -9.99000   -99.99900
A, 163  137.72720800   -4.23522220   6.63      16.85793     0.04332    24.56812     15.98976     0.07482    14.01620
D, 164  137.80945830    1.87205555   6.07     -99.99900    -9.99000   -99.99900    -99.99900    -9.99000   -99.99900
B, 165  138.31896345   59.32268879   5.12      17.07698     0.04978    21.31651    -99.99900    -9.99000   -99.99900
A, 166  138.93184201   49.40462411   5.19      16.46741     0.03071    34.85417     15.62357     0.05389    19.65022
A, 167  139.49149069   38.51115496   5.11      17.58657     0.07818    13.39332     16.85811     0.15583     6.47946
D, 168  139.63820830    1.65647220   6.19     -99.99900    -9.99000   -99.99900    -99.99900    -9.99000   -99.99900
B, 169  140.33566670    0.12302780   6.56      17.38913     0.07334    14.31071    -99.99900    -9.99000   -99.99900
A, 170  140.57005630   26.89973758   5.05      17.03206     0.05221    20.30075     16.60431     0.13194     7.73927
A, 171  140.90326724   30.16377289   5.07      17.47992     0.07541    13.90351     16.61605     0.13201     7.73451
A, 172  140.94633330    4.04844440   6.60      16.53131     0.03509    30.44391     15.76829     0.06596    15.96511
A, 173  141.84091980   20.02323341   5.77      16.90773     0.04907    21.62869     16.57885     0.14170     7.17283
C, 174  143.20733070   12.36828033   5.02     -99.99900    -9.99000   -99.99900     16.53702     0.12771     8.01130
A, 175  143.84712500   -2.13177777   5.32      16.84652     0.04607    23.07300     16.05478     0.08388    12.45079
A, 176  147.23068155   21.10876938   5.17      17.11367     0.05833    18.11771     16.47355     0.12344     8.30544
A, 177  149.28198799    6.18320692   5.14      16.03368     0.02258    47.59373     15.46446     0.05063    20.95043
A, 178  149.30083333   10.27180555   5.14      17.22306     0.06296    16.74835     16.53186     0.12608     8.12096
A, 179  149.36611150    5.31813227   5.18      16.87677     0.04675    22.72863     16.41618     0.11467     8.97678
D, 180  149.41829170    0.89266670   6.05     -99.99900    -9.99000   -99.99900    -99.99900    -9.99000   -99.99900
A, 181  149.55845095   35.41356330   5.12      16.68441     0.03604    29.62454     16.26474     0.09296    11.18656
D, 182  149.78374999    2.45204444   5.07     -99.99900    -9.99000   -99.99900    -99.99900    -9.99000   -99.99900
A, 183  150.18239929   21.05740935   5.07      16.57370     0.03716    28.71726     15.84644     0.07191    14.60485
D, 184  150.21458333    2.58263333   5.30     -99.99900    -9.99000   -99.99900    -99.99900    -9.99000   -99.99900
D, 185  151.00566670    2.65852780   6.41     -99.99900    -9.99000   -99.99900    -99.99900    -9.99000   -99.99900
A, 186  151.56087499   -3.17511111   5.55      16.28699     0.02762    38.81456     15.50152     0.05268    20.11268
A, 187  153.40139162   42.67400058   5.03      17.20203     0.05267    20.11885     16.78690     0.13802     7.37686
A, 188  155.50795833    8.02283333   5.36      15.95623     0.02295    46.81018     14.89288     0.03226    33.15926
A, 189  155.54186210   22.87373501   5.47      15.80153     0.01789    60.17870     14.83176     0.02842    37.70245
A, 190  156.59845266   25.71651275   5.25      16.68867     0.03853    27.67922     15.70943     0.06185    17.05908
A, 191  157.13939876    7.77193216   5.15      16.87819     0.04771    22.26133     16.18128     0.10108    10.24957
A, 192  157.61295850    5.41529456   6.31      16.51288     0.03562    29.98084     15.73409     0.06702    15.70625
A, 193  157.90703640   -2.65990731   5.88      16.94969     0.04854    21.87066     16.21362     0.09750    10.64326
D, 194  158.55970833   57.37436111   5.40     -99.99900    -9.99000   -99.99900    -99.99900    -9.99000   -99.99900
A, 195  158.57770505   20.55005942   5.01      15.82533     0.01924    55.93776     15.13325     0.03871    27.54901
A, 196  158.69380000  -14.42110000   6.07      15.94703     0.02139    50.26518     15.18568     0.04024    26.48361
A, 197  159.22579100   -2.54387343   6.38      16.83027     0.04580    23.21030     15.71245     0.06371    16.54634
D, 198  160.20250000  -11.93061111   5.44     -99.99900    -9.99000   -99.99900    -99.99900    -9.99000   -99.99900
A, 199  160.89663741   10.17627122   5.08      17.84611     0.11289     9.12659     16.77644     0.16704     6.01266
A, 200  161.13767000   -1.41727770   5.78      16.21855     0.02611    41.07859     15.59562     0.05626    18.80215
A, 201  162.08291670   -1.16116944   6.63      15.67913     0.01715    62.82586     15.52527     0.05388    19.65570
A, 202  162.15304100   33.66323880   5.61      17.30774     0.06094    17.32221     16.56250     0.11792     8.71610
A, 203  162.18777100   46.62181837   6.23      16.25258     0.02456    43.70525     15.72046     0.05542    19.09510
A, 204  162.65194802   58.07352357   5.16      16.50201     0.02858    37.49596     15.64786     0.04955    21.41699
A, 205  163.34578703   58.07003623   5.26      16.67472     0.03282    32.58559     15.99074     0.06554    16.06997
A, 206  163.52216600   46.62506940   5.47      16.70369     0.03510    30.43700     15.94896     0.06483    16.25333
A, 207  163.68929649   16.56038561   5.13      16.00557     0.02263    47.47223     15.29842     0.04507    23.59124
A, 208  164.86920000   -9.10566660   5.92      17.55068     0.07945    13.17164     16.75779     0.14890     6.80314
A, 209  165.39316612    5.52607366   5.00      16.58547     0.03861    27.62674     16.14005     0.09473    10.96849
A, 210  166.08995800   21.57466660   6.74      17.22531     0.05938    17.78928     16.53164     0.12394     8.26953
B, 211  167.47262710   56.95211429   5.95      17.85155     0.08651    12.05771    -99.99900    -9.99000   -99.99900
B, 212  167.64156600  -13.49599950   6.51      17.79612     0.10262    10.08795    -99.99900    -9.99000   -99.99900
A, 213  169.83600000   34.88003000   5.01      16.76554     0.03707    28.78819     16.06205     0.07321    14.33521
A, 214  170.00616000    6.69008330   7.08      16.93846     0.04972    21.34288     16.47448     0.12740     8.03173
A, 215  170.70851309   13.71012455   5.19      17.47330     0.07744    13.52612     16.78579     0.15706     6.42471
A, 216  170.79645833   -0.73851111   5.00      17.10308     0.05772    18.31520     16.43579     0.11791     8.71746
A, 217  171.31714388   44.81247508   5.11      16.08552     0.02075    51.83452     15.41239     0.04157    25.61955
A, 218  171.65820596   17.58293115   5.22      16.67074     0.03849    27.71341     15.88630     0.07248    14.48574
A, 219  172.17700110   26.88666537   5.77      17.16184     0.05495    19.26454     16.59964     0.12521     8.18083
A, 220  172.24103279   57.98606763   5.00      16.52202     0.02962    36.16319     15.96751     0.06553    16.07457
A, 221  173.19375000   12.15047222   5.17      16.02836     0.02232    48.14551     15.25739     0.04360    24.40541
A, 222  173.28658333   16.06547222   5.61      16.32412     0.02782    38.52242     15.63418     0.05735    18.43658
A, 223  173.55929166    8.48147222   5.69      16.38104     0.03254    32.86612     15.12940     0.04027    26.46316
A, 224  173.78720800   50.19249990   6.58      17.23232     0.05151    20.58198     16.45879     0.09614    10.80095
A, 225  174.32386780   35.83245858   6.03      16.43344     0.02801    38.26317     15.72540     0.05677    18.63110
A, 226  174.79204070  -12.28454921   5.81      17.12723     0.05632    18.78195     16.55926     0.13482     7.56386
A, 227  175.40918430  -20.26545798   5.69      16.78023     0.04256    25.01168     15.86490     0.07300    14.37790
A, 228  175.90977970   38.14133978   5.80      16.87751     0.03997    26.66527     16.13555     0.07743    13.52811
A, 229  176.63608330   -1.91063890   6.16      17.07056     0.05718    18.49121     16.60126     0.13886     7.32968
D, 230  176.70175000    1.40558330   6.27     -99.99900    -9.99000   -99.99900    -99.99900    -9.99000   -99.99900
A, 231  176.74080000   40.61907000   5.01      15.89371     0.01769    60.87714     15.17533     0.03353    31.88747
D, 232  176.74537500   -0.09380560   6.30     -99.99900    -9.99000   -99.99900    -99.99900    -9.99000   -99.99900
A, 233  176.77670833   -1.16616666   5.31      16.48623     0.03450    30.96970     15.79293     0.06904    15.23220
A, 234  177.01370370    7.03563490   6.34      16.55589     0.03586    29.78318     15.68527     0.06183    17.06547
B, 235  177.06754000   52.89425000   5.70      18.36175     0.13249     7.70507    -99.99900    -9.99000   -99.99900
A, 236  177.06937570   52.86399858   6.42      16.06274     0.01943    55.38361     15.42764     0.03946    27.01714
A, 237  177.10902530   30.33869677   5.13      16.92097     0.04381    24.28454     16.35283     0.09859    10.52027
B, 238  177.13825000    0.94507220   5.84      18.22254     0.15242     6.63524    -99.99900    -9.99000   -99.99900
A, 239  177.44354166    7.81405555   5.66      17.34872     0.07250    14.48062     16.19073     0.09722    10.67505
D, 240  178.08863000    0.92685833   6.37     -99.99900    -9.99000   -99.99900    -99.99900    -9.99000   -99.99900
A, 241  178.55941340  -12.18818926   5.83      17.42933     0.07308    14.36213     16.62944     0.14278     7.11516
A, 242  178.58299441   23.56590841   5.01      16.81010     0.03933    27.10639     15.92781     0.06993    15.03240
A, 243  178.60305991   13.69605218   5.00      16.76010     0.04190    25.41804     16.10022     0.08755    11.90841
A, 244  179.45160964    6.61998161   5.14      16.97297     0.05187    20.43479     16.41071     0.11784     8.72267
D, 245  180.26258330    1.56566667   6.06     -99.99900    -9.99000   -99.99900    -99.99900    -9.99000   -99.99900
A, 246  180.53242178   32.59410995   5.26      15.98508     0.01957    54.96760     15.26325     0.03769    28.30952
D, 247  180.69320830   -0.95047222   5.93     -99.99900    -9.99000   -99.99900    -99.99900    -9.99000   -99.99900
A, 248  181.17389474   -0.36378588   5.09      16.18402     0.02651    40.45644     15.29066     0.04655    22.82870
A, 249  181.27124170   -0.00776944   6.75      17.45337     0.07611    13.77102     16.78137     0.16472     6.10401
A, 250  181.90599880    6.50284332   6.04      17.14512     0.06093    17.32400     16.39494     0.12002     8.55577
D, 251  181.97558330   -0.09813889   6.01     -99.99900    -9.99000   -99.99900    -99.99900    -9.99000   -99.99900
B, 252  182.09924999    0.17436111   5.27      17.91141     0.11635     8.84039    -99.99900    -9.99000   -99.99900
A, 253  182.21944502   21.17610232   5.06      16.07322     0.02197    48.92593     15.42558     0.04584    23.19094
B, 254  182.24679167   -2.00966667   6.20      18.15946     0.13795     7.38116    -99.99900    -9.99000   -99.99900
B, 255  182.34995830   -0.11291670   5.86      17.43582     0.07550    13.88727    -99.99900    -9.99000   -99.99900
A, 256  182.46970927   18.52978084   5.15      16.28260     0.02728    39.30269     15.68744     0.05916    17.85701
A, 257  183.11242083    5.09263611   6.44      16.96398     0.04960    21.39207     16.42154     0.12197     8.41119
A, 258  183.29919000  -12.76762400   5.86      16.26430     0.02880    37.20678     15.86220     0.07548    13.89114
D, 259  183.82029860    0.39018341   5.93     -99.99900    -9.99000   -99.99900    -99.99900    -9.99000   -99.99900
A, 260  184.11491600   45.31963880   6.65      17.32975     0.05579    18.96687     16.47146     0.09697    10.70436
A, 261  184.33893340    1.52846356   6.20      17.83624     0.10697     9.65788     16.73336     0.15596     6.47373
A, 262  184.54662400   18.13070550   5.30      17.19017     0.05901    17.90461     16.37093     0.10637     9.71575
D, 263  184.77225000    0.84375000   6.01     -99.99900    -9.99000   -99.99900    -99.99900    -9.99000   -99.99900
A, 264  185.44341967   44.75779109   5.19      16.36252     0.02457    43.69759     15.55242     0.04456    23.86895
A, 265  185.65818188   19.97859073   5.13      16.37259     0.02893    37.02943     15.81774     0.06599    15.95736
B, 266  187.10479000   -2.56090331   5.77      18.31584     0.16200     6.21445    -99.99900    -9.99000   -99.99900
D, 267  187.30503360    4.32437446   5.89     -99.99900    -9.99000   -99.99900    -99.99900    -9.99000   -99.99900
A, 268  188.38947332    6.37616502   5.30      16.45157     0.03663    29.14403     15.40649     0.05337    19.84849
A, 269  189.02520800   46.95698050   5.55      16.50653     0.02835    37.80280     15.53868     0.04438    23.96834
D, 270  189.19983333   62.16155555   5.19     -99.99900    -9.99000   -99.99900    -99.99900    -9.99000   -99.99900
A, 271  190.69966293   52.21853315   5.04      16.42167     0.02457    43.68998     15.79959     0.05131    20.66410
A, 272  190.92005410   25.48996970   5.83      16.46689     0.03000    35.69182     15.49759     0.04840    21.93715
A, 273  192.71636150   31.50608276   6.15      16.39806     0.02758    38.86411     15.38704     0.04258    25.00236
B, 274  194.12903260   25.54762379   5.91      16.99799     0.04614    23.03608    -99.99900    -9.99000   -99.99900
A, 275  194.48948070   63.82698942   6.02      16.94404     0.03584    29.79689     16.37124     0.07928    13.20184
A, 276  196.53447010    3.94065562   6.02      16.96199     0.05138    20.63467     16.22604     0.09867    10.51084
B, 277  197.71980130   25.53518849   5.84      17.37737     0.06182    17.06867    -99.99900    -9.99000   -99.99900
A, 278  198.66837400   54.54366940   5.52      16.58615     0.02768    38.72843     15.68157     0.04573    23.24555
A, 279  199.03391600   10.47577770   6.35      16.54275     0.03337    32.04190     15.73520     0.06132    17.21146
A, 280  199.33658333   -2.65361111   5.25      17.37360     0.07157    14.67556     16.55191     0.12859     7.95355
A, 281  199.79708500    9.84764345   6.13      16.90483     0.04200    25.35546     16.25093     0.08850    11.77544
A, 282  201.92217620   57.54399285   5.74      17.27737     0.04655    22.82755     16.29411     0.07337    14.30394
A, 283  203.23937490   22.14330830   5.11      15.59996     0.01435    75.14458     14.93740     0.02871    37.31302
A, 284  203.55234824   12.33908622   5.12      16.55748     0.03314    32.26651     15.72680     0.06040    17.47960
A, 285  203.96171270   35.55439429   5.90      16.70806     0.03270    32.70558     15.91870     0.06036    17.49372
A, 286  203.98433333   -3.47727777   5.67      15.63390     0.01678    64.20934     14.84188     0.02925    36.61543
A, 287  204.37004203   41.92773724   5.03      16.65671     0.03063    34.94527     15.97810     0.06226    16.94460
A, 288  205.06263381   39.44185963   5.03      16.25074     0.02254    47.66795     15.56118     0.04407    24.14110
A, 289  205.16766666   28.22448888   5.34      16.07763     0.02000    53.79387     15.10290     0.03097    34.55779
A, 290  205.42274999   46.18619444   5.02      17.03017     0.04485    23.71255     16.54445     0.10640     9.71267
A, 291  205.47508160   35.16825393   5.23      16.37523     0.02549    42.10167     15.57179     0.04577    23.22428
A, 292  205.53375000    9.47738888   7.54      17.62467     0.07968    13.13304     16.97855     0.16972     5.91038
A, 293  206.36092677   23.49704816   5.06      15.65416     0.01473    73.22855     15.08611     0.03141    34.06919
A, 294  209.20585600  -26.70839700   5.72      16.62432     0.03828    27.86398     15.54284     0.05623    18.81382
B, 295  209.44724999   53.09513888   5.32      17.68455     0.07108    14.77924    -99.99900    -9.99000   -99.99900
D, 296  210.11995830   -0.19763890   6.04     -99.99900    -9.99000   -99.99900    -99.99900    -9.99000   -99.99900
D, 297  210.12495830   -1.42250000   6.04     -99.99900    -9.99000   -99.99900    -99.99900    -9.99000   -99.99900
A, 298  210.44723420   27.82639831   6.14      17.53297     0.06955    15.11643     16.95691     0.15647     6.45099
D, 299  210.45816670   51.71952780   5.17     -99.99900    -9.99000   -99.99900    -99.99900    -9.99000   -99.99900
A, 300  210.72777200   40.40088527   6.04      17.92360     0.09203    11.30458     16.93541     0.14429     7.03584
A, 301  210.82970350    9.04749814   5.88      17.23557     0.05786    18.27016     16.71017     0.13420     7.60061
B, 302  210.87222000  -12.00948200   5.84      18.03992     0.13046     7.83257    -99.99900    -9.99000   -99.99900
D, 303  211.62133330   -1.26977780   6.33     -99.99900    -9.99000   -99.99900    -99.99900    -9.99000   -99.99900
D, 304  211.69533330   -1.73405560   6.10     -99.99900    -9.99000   -99.99900    -99.99900    -9.99000   -99.99900
A, 305  212.09549999   53.00580555   5.07      17.87796     0.08028    13.03037     16.95744     0.13351     7.64237
B, 306  212.29743370  -15.98657168   5.83      17.88502     0.11630     8.84418    -99.99900    -9.99000   -99.99900
A, 307  212.79703330   12.29368966   5.90      16.45378     0.02967    36.09800     15.45845     0.04601    23.10211
A, 308  213.36299000  -22.56173700   5.92      16.70332     0.04116    25.88419     15.79254     0.06893    15.25594
B, 309  213.51816666   51.25994444   5.24      18.00609     0.08254    12.66029    -99.99900    -9.99000   -99.99900
A, 310  213.63154166   57.54280555   5.16      18.04164     0.08737    11.93333     17.16696     0.14821     6.83725
D, 311  213.66475000    1.51013888   5.94     -99.99900    -9.99000   -99.99900    -99.99900    -9.99000   -99.99900
D, 312  213.69508333   54.77550000   5.42     -99.99900    -9.99000   -99.99900    -99.99900    -9.99000   -99.99900
A, 313  213.73292250  -13.48035431   5.78      17.63692     0.09349    11.12103     16.80059     0.16830     5.96424
D, 314  214.05295833    0.26283333   6.03     -99.99900    -9.99000   -99.99900    -99.99900    -9.99000   -99.99900
D, 315  214.22087500    1.78394440   6.07     -99.99900    -9.99000   -99.99900    -99.99900    -9.99000   -99.99900
D, 316  214.36945833    1.28677778   6.02     -99.99900    -9.99000   -99.99900    -99.99900    -9.99000   -99.99900
D, 317  214.98537499   55.88783333   5.00     -99.99900    -9.99000   -99.99900    -99.99900    -9.99000   -99.99900
A, 318  215.15143000  -16.04173500   5.73      15.65511     0.01769    60.88060     14.90102     0.03245    32.96491
D, 319  215.50095830    0.18416670   5.89     -99.99900    -9.99000   -99.99900    -99.99900    -9.99000   -99.99900
A, 320  215.85800711   13.05019556   5.02      16.10405     0.02158    49.80747     15.55326     0.04854    21.87373
D, 321  215.88212500   -0.30252778   6.13     -99.99900    -9.99000   -99.99900    -99.99900    -9.99000   -99.99900
C, 322  216.31805050   32.90265034   5.89     -99.99900    -9.99000   -99.99900     16.35106     0.08231    12.69688
D, 323  216.32383333   -0.26136111   6.18     -99.99900    -9.99000   -99.99900    -99.99900    -9.99000   -99.99900
A, 324  216.87370833   35.36916111   5.53      17.40890     0.05790    18.25600     16.53033     0.09892    10.48385
A, 325  216.91079000   33.21166600   6.12      16.67918     0.03103    34.48740     15.82946     0.05438    19.47136
A, 326  217.08913280  -16.04536083   6.11      16.42164     0.03303    32.37260     15.76649     0.06932    15.16856
D, 327  217.26283333   -1.07872222   6.80     -99.99900    -9.99000   -99.99900    -99.99900    -9.99000   -99.99900
D, 328  217.29258333   -0.03538889   6.04     -99.99900    -9.99000   -99.99900    -99.99900    -9.99000   -99.99900
A, 329  217.40820833   33.07116666   5.39      17.88654     0.08651    12.05641     16.85114     0.12910     7.91969
A, 330  217.46737000   54.78824900   6.18      17.34565     0.04666    22.77291     16.84924     0.11034     9.34868
A, 331  217.91853330   -7.41207447   6.14      17.24893     0.06514    16.17324     16.38502     0.11147     9.24870
A, 332  219.02084569   21.54423663   5.22      16.52183     0.02851    37.58603     15.93707     0.06280    16.79395
A, 333  219.04891570   50.11865442   5.85      17.19908     0.04311    24.68633     16.62643     0.09623    10.78987
A, 334  219.46593790   23.38704160   5.30      16.04788     0.01948    55.24209     15.04641     0.02944    36.38079
D, 335  219.48558333   51.85419444   5.17     -99.99900    -9.99000   -99.99900    -99.99900    -9.99000   -99.99900
D, 336  220.00541666   -1.11727778   6.13     -99.99900    -9.99000   -99.99900    -99.99900    -9.99000   -99.99900
A, 337  220.96111436   36.38753780   5.12      15.84787     0.01568    68.74548     14.98946     0.02597    41.31495
A, 338  225.15349900   28.26750830   5.55      16.40810     0.02459    43.65286     15.62133     0.04430    24.01204
C, 339  227.42408000  -17.82411100   6.12     -99.99900    -9.99000   -99.99900     15.97390     0.09174    11.34185
A, 340  227.64705421   51.81141544   5.06      16.24931     0.01875    57.42297     15.62407     0.03828    27.86737
A, 341  228.41516666    8.90180555   5.47      17.27827     0.05715    18.50369     16.65377     0.12307     8.33131
A, 342  228.68711630   21.23882642   5.92      17.14854     0.05125    20.68863     16.33346     0.08814    11.82544
A, 343  230.76208330   59.27584440   5.11      16.34637     0.02171    49.51096     15.36108     0.02956    36.23140
A, 344  230.94041905   33.79995642   5.33      16.80009     0.03201    33.41929     15.74366     0.04614    23.03459
A, 345  231.01708333    8.27758333   5.08      17.42042     0.06723    15.65496     16.53532     0.11416     9.01920
A, 346  231.65767083  -20.83351667   6.59      16.92877     0.05439    19.46704     16.28100     0.11114     9.27747
A, 347  231.80358333    6.68941666   5.57      16.84713     0.04084    26.08702     16.21658     0.08688    12.00298
A, 348  233.74898973   13.45039414   5.04      16.03975     0.02006    53.63675     15.30713     0.03770    28.30087
A, 349  233.88695800   19.72225000   6.40      15.88409     0.01756    61.32193     15.18075     0.03389    31.53788
A, 350  235.94506680   17.00790591   5.82      16.94659     0.04295    24.78153     16.38275     0.09644    10.76564
D, 351  236.27341670   42.53655560   6.50     -99.99900    -9.99000   -99.99900    -99.99900    -9.99000   -99.99900
B, 352  236.29124150   16.60886345   5.82      16.96348     0.04717    22.52236    -99.99900    -9.99000   -99.99900
A, 353  236.46704100   60.47332022   5.78      16.01430     0.01432    75.31624     15.15213     0.02331    46.08022
D, 354  237.50387500   43.30077780   5.84     -99.99900    -9.99000   -99.99900    -99.99900    -9.99000   -99.99900
B, 355  238.85103350   -6.89766289   5.81      17.48071     0.07888    13.26963    -99.99900    -9.99000   -99.99900
A, 356  239.71246090   -7.40266413   6.11      16.27211     0.02922    36.65442     15.36976     0.04901    21.65709
D, 357  239.78787500   22.20484167   6.07     -99.99900    -9.99000   -99.99900    -99.99900    -9.99000   -99.99900
A, 358  240.29649990  -18.47641110   5.06      15.60596     0.01908    56.40509     15.07184     0.04196    25.37859
A, 359  240.72490880   42.47359515   6.09      16.03547     0.01650    65.29485     15.25450     0.02935    36.49933
D, 360  240.95445830   55.17563889   6.04     -99.99900    -9.99000   -99.99900    -99.99900    -9.99000   -99.99900
A, 361  242.40529130   30.69660519   6.14      17.64178     0.07079    14.84213     17.04371     0.15188     6.66015
A, 362  242.43971000  -12.98169708   5.83      16.56898     0.03892    27.40031     16.21917     0.10493     9.85562
A, 363  242.56966544   41.29827146   5.00      16.58330     0.02552    42.05017     16.06768     0.05824    18.14608
A, 364  243.60470833   46.67470555   5.31      15.81919     0.01359    79.41432     14.97674     0.02263    47.48870
A, 365  243.64733300    1.24577500   5.78      16.85956     0.04159    25.60744     16.16289     0.08525    12.24269
A, 366  243.69600000   20.98415833   5.09      16.75129     0.03426    31.19062     16.15728     0.07388    14.20196
B, 367  245.06367660   -0.19786005   5.68      18.12024     0.12504     8.19265    -99.99900    -9.99000   -99.99900
A, 368  245.25383000   51.93022000   5.71      15.65513     0.01142    94.54095     14.82606     0.01885    57.10777
A, 369  245.81366660   47.09997220   5.13      15.55837     0.01122    96.28200     14.86018     0.02035    52.86418
A, 370  245.88256020   31.20014751   6.26      16.66117     0.03023    35.42192     15.74321     0.04886    21.72485
A, 371  246.61042035   27.85902656   5.16      14.99961     0.00858   126.00805     14.22448     0.01457    74.03608
A, 372  246.62167000   28.98266000   5.04      16.62431     0.02939    36.44361     15.97449     0.05897    17.91569
A, 373  247.29706666   24.12770556   6.48      16.66432     0.03061    34.96868     15.92293     0.05718    18.49080
A, 374  247.64126390   40.20269293   6.07      17.45983     0.05174    20.48650     16.90981     0.11692     8.79547
A, 375  250.34053470   37.92226289   6.05      17.90335     0.07521    13.94222     17.25770     0.15326     6.59584
A, 376  252.67608300   16.28930550   5.52      16.19711     0.02302    46.65660     15.41756     0.04236    25.13573
A, 377  254.14774990   45.68709720   5.34      16.25109     0.01775    60.65520     15.51023     0.03202    33.41469
A, 378  254.75883333   27.15977500   5.31      15.90646     0.01692    63.65640     15.05719     0.02837    37.77341
A, 379  254.96262500   32.65795270   5.17      16.32047     0.02194    48.97906     15.61331     0.04203    25.33589
A, 380  261.03642916   19.02864444   6.44      17.66862     0.07776    13.46932     17.11170     0.17220     5.81847
D, 381  267.00211000   22.78121067   5.95     -99.99900    -9.99000   -99.99900    -99.99900    -9.99000   -99.99900
A, 382  268.18375000   50.60918050   5.02      15.10054     0.00782   138.37172     14.43273     0.01363    79.16750
A, 383  293.03176500   71.65233549   6.08      16.99068     0.03106    34.46178     16.27112     0.05929    17.81557
A, 384  308.04164010  -21.23397495   6.24      16.49790     0.03737    28.55590     15.59749     0.06263    16.84131
A, 385  308.48297000  -27.64850000   5.80      16.83066     0.04904    21.64498     15.88293     0.07744    13.52553
B, 386  313.34070000    0.78522220   5.92      17.61305     0.08389    12.44955    -99.99900    -9.99000   -99.99900
A, 387  313.52704000   -0.08744440   6.04      17.17849     0.05763    18.34321     16.48413     0.11902     8.63164
B, 388  315.22758000  -17.25624900   6.09      17.43918     0.08807    11.83479    -99.99900    -9.99000   -99.99900
B, 389  315.58008300  -14.98166660   6.65      17.79202     0.11565     8.89727    -99.99900    -9.99000   -99.99900
B, 390  319.55304160   -0.06408330   5.46      17.74169     0.09823    10.56077    -99.99900    -9.99000   -99.99900
A, 391  319.60403000  -10.93262000   5.90      16.23783     0.03028    35.35802     15.45560     0.05528    19.14412
A, 392  319.86799999   10.48516666   5.18      17.05143     0.04927    21.53982     16.45986     0.10788     9.57239
B, 393  319.96620833   -0.67225000   5.87      18.21317     0.14392     7.05501    -99.99900    -9.99000   -99.99900
A, 394  320.87033000  -24.36040000   5.73      17.08748     0.05934    17.80120     16.65970     0.15231     6.64016
B, 395  322.79287500  -43.98402780   6.45      18.00163     0.11081     9.30707    -99.99900    -9.99000   -99.99900
A, 396  323.13829583   12.29868333   6.59      16.03651     0.02138    50.28677     15.57180     0.05121    20.70676
A, 397  325.66362499   -1.33341666   5.61      17.06388     0.05340    19.83490     16.13769     0.09244    11.25226
B, 398  326.98087000    1.13202770   5.81      18.02956     0.12180     8.42338    -99.99900    -9.99000   -99.99900
B, 399  328.73399660   -9.50762740   5.92      17.74104     0.09873    10.50511    -99.99900    -9.99000   -99.99900
A, 400  330.27762490    3.03547500   5.06      15.94335     0.02051    52.43105     15.40735     0.04680    22.70494
D, 401  330.38362500    1.92472222   6.16     -99.99900    -9.99000   -99.99900    -99.99900    -9.99000   -99.99900
A, 402  330.61154160   15.16455000   5.07      15.63718     0.01521    70.87555     15.14768     0.03483    30.67293
D, 403  330.63833333    1.52230555   5.23     -99.99900    -9.99000   -99.99900    -99.99900    -9.99000   -99.99900
D, 404  331.07466670    1.19577778   5.94     -99.99900    -9.99000   -99.99900    -99.99900    -9.99000   -99.99900
D, 405  331.64504170    2.02675000   5.10     -99.99900    -9.99000   -99.99900    -99.99900    -9.99000   -99.99900
A, 406  331.79216660   -4.28230000   5.53      15.14503     0.01177    91.78303     14.12299     0.01719    62.64582
D, 407  332.61350000    3.07458330   6.90     -99.99900    -9.99000   -99.99900    -99.99900    -9.99000   -99.99900
B, 408  332.65412500    2.72047220   5.20      17.81210     0.10217    10.13409    -99.99900    -9.99000   -99.99900
B, 409  332.75250000  -63.34883330   6.88      18.20778     0.12214     8.39892    -99.99900    -9.99000   -99.99900
D, 410  332.80070833  -32.10355556   6.32     -99.99900    -9.99000   -99.99900    -99.99900    -9.99000   -99.99900
B, 411  332.92087499    0.18858333   5.23      18.06451     0.13065     7.82000    -99.99900    -9.99000   -99.99900
A, 412  333.21454166   -0.70852777   5.42      17.10833     0.05738    18.42702     16.75472     0.15596     6.47356
D, 413  333.27191666    0.56883333   5.31     -99.99900    -9.99000   -99.99900    -99.99900    -9.99000   -99.99900
B, 414  333.83425000   -0.15233333   5.28      18.30962     0.16122     6.24692    -99.99900    -9.99000   -99.99900
A, 415  333.98597890   26.10816837   6.03      17.42013     0.06726    15.64689     16.66738     0.12663     8.08405
A, 416  334.18341666    0.23002778   5.01      17.06804     0.05463    19.37787     16.47437     0.12092     8.48833
D, 417  334.18529170   -0.28058333   6.10     -99.99900    -9.99000   -99.99900    -99.99900    -9.99000   -99.99900
D, 418  334.82175000    1.04691667   6.16     -99.99900    -9.99000   -99.99900    -99.99900    -9.99000   -99.99900
A, 419  335.07704000   -1.02969114   5.62      16.88923     0.04898    21.66951     16.09445     0.08879    11.73430
A, 420  335.78962500    3.43897220   6.05      18.29041     0.15114     6.69530     16.95932     0.17987     5.54990
A, 421  336.30991660    3.50347220   5.35      16.35536     0.02866    37.38411     15.63562     0.05730    18.45363
A, 422  336.55170830   -6.30202490   5.08      15.70823     0.01811    59.44894     15.03698     0.03706    28.79838
D, 423  337.11595830    1.46930556   6.01     -99.99900    -9.99000   -99.99900    -99.99900    -9.99000   -99.99900
D, 424  337.18141000    1.17561110   5.95     -99.99900    -9.99000   -99.99900    -99.99900    -9.99000   -99.99900
A, 425  337.18812499   -7.96538333   5.14      16.35976     0.03201    33.42007     15.61784     0.06189    17.04634
D, 426  337.19879166    1.87791667   6.08     -99.99900    -9.99000   -99.99900    -99.99900    -9.99000   -99.99900
D, 427  337.25687000   14.95249900   6.15     -99.99900    -9.99000   -99.99900    -99.99900    -9.99000   -99.99900
D, 428  337.95370830   -0.59652780   5.87     -99.99900    -9.99000   -99.99900    -99.99900    -9.99000   -99.99900
D, 429  338.05012500    0.21066667   6.18     -99.99900    -9.99000   -99.99900    -99.99900    -9.99000   -99.99900
A, 430  338.22977070   29.50897599   6.67      17.49890     0.06845    15.36802     17.07643     0.17285     5.79476
D, 431  338.36516660   -1.11788880   5.11     -99.99900    -9.99000   -99.99900    -99.99900    -9.99000   -99.99900
D, 432  339.18575000    0.54913889   6.40     -99.99900    -9.99000   -99.99900    -99.99900    -9.99000   -99.99900
B, 433  339.70916660   -0.45050000   5.17      18.06537     0.13324     7.65898    -99.99900    -9.99000   -99.99900
B, 434  339.78149990    0.50627770   5.09      17.86085     0.11109     9.28164    -99.99900    -9.99000   -99.99900
D, 435  339.94779166    2.12986111   6.26     -99.99900    -9.99000   -99.99900    -99.99900    -9.99000   -99.99900
A, 436  340.20417000  -18.66217000   5.98      16.55300     0.03916    27.22990     15.56931     0.06204    17.00590
D, 437  340.65645000    3.57266660   5.88     -99.99900    -9.99000   -99.99900    -99.99900    -9.99000   -99.99900
B, 438  341.35112490    0.40394440   5.16      18.12551     0.14471     7.01392    -99.99900    -9.99000   -99.99900
A, 439  342.50837500  -50.26170833   6.00      16.24785     0.02424    44.29976     15.56669     0.04764    22.29594
D, 440  343.02266670    2.42552780   6.12     -99.99900    -9.99000   -99.99900    -99.99900    -9.99000   -99.99900
B, 441  343.90850000    2.85738890   6.34      17.82150     0.11027     9.35474    -99.99900    -9.99000   -99.99900
D, 442  346.09570830    0.75150000   6.36     -99.99900    -9.99000   -99.99900    -99.99900    -9.99000   -99.99900
A, 443  346.89729000    0.53038880   5.87      17.25475     0.06309    16.71477     16.36622     0.11062     9.32328
A, 444  347.66205860   18.92220166   6.00      15.87543     0.01783    60.39551     15.29972     0.03901    27.33244
B, 445  348.06849990    1.01430550   5.08      18.08240     0.13405     7.61001    -99.99900    -9.99000   -99.99900
A, 446  348.94404000   -0.39947220   6.12      17.33542     0.07059    14.88521     16.65326     0.14182     7.16637
A, 447  349.40937500   22.73600830   5.50      16.12512     0.02197    48.92821     15.36245     0.04152    25.65429
D, 448  349.50000000  -31.21666667   6.51     -99.99900    -9.99000   -99.99900    -99.99900    -9.99000   -99.99900
B, 449  349.51166000   -2.77611110   6.05      18.17609     0.14351     7.07658    -99.99900    -9.99000   -99.99900
A, 450  351.30935080   26.47995309   5.77      16.13779     0.02205    48.74090     15.48675     0.04541    23.41366
A, 451  351.40266666   -5.89119444   5.22      16.32317     0.02992    35.78809     15.64214     0.05991    17.62777
B, 452  352.28450000   -3.03299990   6.42      17.97375     0.12411     8.25792    -99.99900    -9.99000   -99.99900
D, 453  352.31025000   -4.05669440   5.90     -99.99900    -9.99000   -99.99900    -99.99900    -9.99000   -99.99900
A, 454  352.41375000   30.06410550   5.24      16.15038     0.02175    49.41288     15.51707     0.04544    23.39681
A, 455  352.53629166    9.96213888   5.30      16.19715     0.02485    43.19775     15.14049     0.03740    28.53243
B, 456  353.72937490   -0.17280550   5.11      18.00262     0.12466     8.21940    -99.99900    -9.99000   -99.99900
A, 457  356.13958330   16.88791110   5.00      15.25945     0.01155    93.52414     14.57375     0.02212    48.58597
B, 458  357.13890000  -30.90284400   6.90      17.69470     0.09049    11.50559    -99.99900    -9.99000   -99.99900
D, 459  357.82899110    6.40192191   5.81     -99.99900    -9.99000   -99.99900    -99.99900    -9.99000   -99.99900
A, 460  357.85129166   -4.98536111   5.25      17.10128     0.05568    19.00510     16.09338     0.08980    11.59768
A, 461  359.13521490   -6.38312644   6.15      16.48962     0.03230    33.11732     15.66557     0.06072    17.38501
D, 462  359.21491000    0.39258330   6.00     -99.99900    -9.99000   -99.99900    -99.99900    -9.99000   -99.99900
A, 463  359.60016666    6.57705555   5.32      16.32874     0.02959    36.19654     15.37548     0.04694    22.63556
