|      cntr_01|       dist_x|          ra|         dec|  w1mpro| w1sigmpro|    w1snr|  w2mpro| w2sigmpro|    w2snr|  w3mpro| w3sigmpro|    w3snr|  w4mpro| w4sigmpro|    w4snr|
|         long|       double|      double|      double|  double|    double|   double|  double|    double|   double|  double|    double|   double|  double|    double|   double|
|             |       arcsec|         deg|         deg|     mag|       mag|         |     mag|       mag|         |     mag|       mag|         |     mag|       mag|         |
|         null|         null|        null|        null|    null|      null|     null|    null|      null|     null|    null|      null|     null|    null|      null|     null|
             1      0.224737    0.3400887   26.8358230   16.373      0.066      16.5   15.266      0.107      10.2   12.594      0.492       2.2    8.756       null       1.1 
             2      0.154183    0.6641312   25.8430852   16.162      0.057      19.0   15.542      0.127       8.5   12.416      0.423       2.6    8.683       null       1.2 
             3      1.144653    1.4683933   -0.1154292   17.299      0.160       6.8   17.043       null       0.2   12.445       null      -1.1    9.008       null      -0.3 
             4      0.085736    2.1073696   -6.4345725   16.809      0.107      10.1   15.684      0.141       7.7   11.892       null       1.5    8.759       null       0.2 
             5      0.182604    2.2142355   36.2704366   16.045      0.052      20.7   15.373      0.092      11.8   12.043       null       1.8    8.786       null       1.1 
             7      0.427985    3.1370971   36.5378945   15.764      0.043      25.1   15.134      0.073      14.8   12.001      0.235       4.6    8.688      0.329       3.3 
             8      0.126307    4.3111476  -10.0154269   15.936      0.055      19.7   15.167      0.094      11.5   12.026      0.334       3.2    8.520       null       1.2 
            10      0.248401    4.8141160  -24.2990993   16.281      0.069      15.8   15.569      0.116       9.4   12.123      0.344       3.2    8.820       null       0.5 
            11      0.000000    5.1311237  -36.8949476   16.844      0.094      11.6   16.354      0.204       5.3   12.679       null      -0.1    8.342       null       0.8 
            12      1.315421    5.8781106   -0.3099329   16.807      0.107      10.2   16.155      0.212       5.1   11.877       null       1.6    8.491       null       0.7 
            14      0.200458    6.3617789   -1.7590426   14.800      0.033      32.8   14.157      0.048      22.5   11.395      0.222       4.9    8.514       null       0.9 
            15      0.800841    7.0275517    4.9570787   17.268      0.155       7.0   16.410      0.287       3.8   12.253       null       0.4    8.317       null       1.4 
            16      0.526591    7.8578790    7.1769930   16.701      0.101      10.8   15.479      0.119       9.1   12.187       null      -0.3    8.398       null       0.5 
            18      0.849046    8.5597199   37.9981044   16.734      0.087      12.5   15.758      0.129       8.4   12.035       null       1.8    9.104       null      -0.6 
            19      0.712696    9.3572218   -8.1188503   16.905      0.110       9.8   16.347      0.261       4.2   12.197       null       0.9    8.361       null       1.2 
            20      0.653851    9.6502349  -15.4566057   16.804      0.102      10.6   16.076      0.213       5.1   12.307       null       0.5    8.704       null       0.9 
            21      0.235842    9.7355735  -10.4316270   16.517      0.081      13.5   15.864      0.160       6.8   12.198       null       0.5    8.411       null       1.2 
            22      1.130482   11.3899903    9.0327782   17.493      0.190       5.7   17.160       null      -0.3   11.980       null       1.2    8.784       null      -0.1 
            23      0.400569   12.5279061   34.7560225   16.655      0.071      15.3   15.791      0.115       9.4   12.928       null       0.0    9.299       null      -0.2 
            24      2.997653   13.5898140   -1.1553874   16.606      0.093      11.7   16.003      0.241       4.5   10.883       null       1.5    8.383       null       0.4 
            26      0.485414   14.2334023   22.6866100   16.919      0.105      10.4   16.019      0.160       6.8   12.185       null       1.0    9.155       null      -0.2 
            27      0.128929   15.0542791   28.0404989   14.461      0.028      38.9   13.638      0.034      31.6   11.716      0.211       5.1    8.980      0.445       2.4 
            29      0.626445   17.0274750    7.1888833   16.231      0.072      15.1   15.330      0.105      10.3   12.019      0.318       3.4    8.569      0.401       2.7 
            32      0.210282   18.4739749    5.9975838   16.758      0.090      12.1   16.063      0.174       6.2   12.488      0.501       2.2    8.377       null       1.0 
            33      0.686221   18.7294646   32.6377349   16.803      0.085      12.8   16.294      0.193       5.6   12.487       null       1.0    9.014       null       0.8 
            34      0.689428   18.9367647    0.2540774   17.235      0.155       7.0   17.112      0.523       2.1   12.488       null      -0.8    8.528       null       0.2 
            35      0.736162   18.9425884   -2.8867086   16.421      0.078      13.9   15.873      0.166       6.6   11.760       null       1.7    8.322       null       1.4 
            36      0.515978   19.0595861    5.6381066   16.369      0.069      15.7   15.759      0.134       8.1   12.234      0.361       3.0    8.836       null       0.6 
            37      0.936332   20.2246338   21.7853063   16.630      0.085      12.8   15.848      0.167       6.5   12.466       null       0.6    9.267       null      -0.1 
            38      0.374906   21.4212329  -25.8822439   16.212      0.061      17.9   15.491      0.112       9.7   12.531      0.422       2.6    8.337       null       2.0 
            41      0.060089   22.8639320   -3.3500592   14.576      0.031      35.6   13.843      0.036      30.1   11.446      0.174       6.2    8.492       null       1.9 
            42      0.235085   23.0070634   -2.2674759   16.500      0.069      15.6   15.480      0.098      11.1   12.014       null       1.6    8.731       null       1.2 
            43      0.198543   23.3618026    1.1104264   16.904      0.111       9.8   16.019      0.198       5.5   12.439       null       0.4    8.829       null       0.3 
            45      0.373988   25.2375379  -11.6832182   16.673      0.085      12.8   15.924      0.147       7.4   12.260      0.427       2.5    8.483       null       1.8 
            46      0.006480   25.6821972  -33.4626318   16.118      0.052      20.9   15.480      0.085      12.8   12.582      0.434       2.5    8.716       null       1.6 
            47      0.681778   25.7929718  -55.7528868   16.951      0.088      12.3   15.733      0.103      10.5   12.269       null       1.5    9.177       null      -0.9 
            48      0.548512   27.1569341    6.0056665   16.104      0.058      18.6   15.273      0.098      11.1   12.175      0.296       3.7    8.964      0.392       2.8 
            49      0.262351   28.8886105    4.2518258   16.334      0.070      15.4   15.187      0.095      11.5   12.306       null       1.1    8.367       null       1.9 
            50      0.238812   29.4393017   30.0196140   15.451      0.040      27.1   14.657      0.060      18.1   11.938       null       1.5    8.545       null       0.9 
            51      0.224110   29.5172168  -29.0886305   16.108      0.055      19.9   15.239      0.080      13.5   12.011      0.289       3.8    8.506       null       1.7 
            52      0.002520   29.9915479  -36.5657237   16.696      0.079      13.7   15.873      0.125       8.7   12.619       null       0.3    8.763       null       1.3 
            54      0.294786   30.8849529    0.2080576   16.691      0.086      12.6   16.019      0.186       5.8   12.319      0.400       2.7    9.065       null       0.2 
            57      1.257186   32.0180363   -1.2098681   17.444      0.156       7.0   16.885      0.369       2.9   12.852       null      -0.8    9.208       null      -1.0 
            59      0.383539   32.7361635    0.0514049   16.910      0.098      11.1   16.192      0.187       5.8   12.533      0.374       2.9    9.110      0.542       2.0 
            63      0.223403   34.1006561   23.0692359   16.563      0.083      13.1   15.727      0.154       7.0   11.683       null       1.9    8.631       null       1.3 
            65      1.569789   34.1625781  -52.4389754   17.494      0.134       8.1   16.888      0.271       4.0   12.890       null      -0.1    8.716       null       1.4 
            67      0.118922   34.5878056   -0.4626766   17.686      0.184       5.9   16.447      0.247       4.4   12.214       null       1.6    8.718       null       1.0 
            68      3.702060   35.1228763   -4.5348283   15.991      0.051      21.2   15.575      0.102      10.6   12.799       null       0.4    9.155       null      -0.7 
            70      0.044797   35.3025449   -3.7145120   16.375      0.063      17.4   15.625      0.113       9.6   12.273       null       1.6    8.928       null       0.9 
            72      0.566721   36.5077746    3.0496842   16.726      0.082      13.2   16.135      0.177       6.1   12.030       null       2.0    8.943       null       0.3 
            75      0.082595   37.9068549   -7.4817860   15.972      0.050      21.7   14.988      0.070      15.4   12.098       null       1.9    9.183       null       0.6 
            76      0.975285   37.9703494  -28.8388829   17.495      0.152       7.2   16.608      0.266       4.1   11.937       null       2.0    8.670       null       1.1 
            80      0.400860   40.4703896    4.5982003   16.256      0.061      17.9   15.602      0.129       8.4   12.296      0.398       2.7    8.422       null       1.7 
            82      0.019112   36.1105622  -47.1914897   16.182      0.051      21.1   15.421      0.076      14.3   12.727       null       0.4    9.120       null       0.3 
            84      0.512970   42.6691506   -2.9173210   17.579      0.174       6.3   16.511       null       2.0   11.538       null       1.8    8.425       null      -0.2 
            85      0.203902   42.8388591    3.5548932   15.636      0.041      26.7   14.929      0.074      14.8   11.815      0.239       4.5    9.202       null      -0.2 
            86      1.175214   43.0696539   -5.0589010   17.875      0.212       5.1   16.724      0.289       3.8   12.539       null       0.2    9.020       null       0.3 
            87      3.366151   45.1842810  -22.5418018   14.965      0.031      35.1   14.524      0.046      23.7   12.706      0.391       2.8    8.772       null       1.9 
            90      0.411108   46.3203998  -31.8487713   17.677      0.146       7.5   16.746      0.243       4.5   12.842       null       0.4    8.984       null       0.9 
            91      0.148801   46.6771436   18.8877735   14.313      0.028      38.3   13.455      0.035      30.8   10.507      0.095      11.5    7.586      0.156       7.0 
            93      0.436163   49.2934434  -26.5544841   18.054      0.184       5.9   17.467      0.420       2.6   12.931       null       0.6    9.588       null      -0.7 
            94      0.515456   49.9236982  -10.1460233   17.047      0.094      11.6   16.233      0.169       6.4   12.124       null       0.9    8.900       null      -0.9 
            96      1.126707   50.9184957  -47.0223959   18.053      0.191       5.7   17.104      0.290       3.7   12.716       null       0.7    9.012       null       0.9 
            97      0.504470   52.1479492  -32.8895380   16.900      0.073      14.9   16.191      0.130       8.4   12.961       null       0.7    9.281       null       0.8 
            98      3.818501   52.6173503  -40.4204972   17.078      0.080      13.5   16.424      0.156       7.0   12.903      0.370       2.9    9.469       null      -0.3 
           100      0.173985   54.6221202    0.3655907   17.012      0.123       8.8   16.637      0.308       3.5   12.064       null       0.7    8.896       null       0.6 
           102      0.875844   56.7171032  -16.4768946   16.800      0.089      12.2   15.865      0.140       7.8   12.635       null      -1.1    9.023       null      -0.2 
           104      0.456579   58.4572349    1.0678364   16.646      0.094      11.5   16.285      0.241       4.5   11.920       null       1.5    8.348       null       1.0 
           105      1.165233   60.5527963   24.8564745   16.470      0.086      12.6   16.066      0.212       5.1   12.019       null       0.9    8.838       null       0.3 
           106      1.068490   62.0805821  -56.5411821   17.734      0.117       9.3   16.841      0.184       5.9   12.756       null       1.2    9.483       null       0.3 
           107      0.800899   62.5131810  -44.2447390   17.272      0.085      12.8   16.913      0.216       5.0   12.970       null       0.5    9.037       null       0.8 
           108      0.516280   62.8693473   -9.1306322   16.780      0.094      11.5   16.252      0.190       5.7   12.622       null      -0.8    8.746       null       0.5 
           109      0.507564   65.0473824  -44.8900497   17.216      0.079      13.7   16.822      0.200       5.4   12.428       null       1.6    9.055       null       0.7 
           110      1.079095   65.4086892  -26.9546024   16.314      0.062      17.6   15.656      0.103      10.5   12.766      0.530       2.0    8.611       null       1.3 
           111      0.339052   65.5041117  -19.4580568   15.969      0.052      21.1   15.083      0.069      15.8   12.070      0.311       3.5    8.894      0.434       2.5 
           112      0.226124   69.9462244   16.5710562   13.979      0.029      38.0   13.244      0.032      33.8   10.276      0.087      12.4    7.165      0.125       8.7 
           114      0.126061   71.4507651   -2.3333216   16.246      0.056      19.3   15.563      0.108      10.1   11.681       null       1.3    8.669      0.481       2.3 
           115      0.467131   73.5075182  -44.8085196   16.976      0.075      14.4   16.284      0.140       7.8   12.573       null       1.0    8.645       null       2.0 
           116      0.415792   75.9357763   -7.5061233   16.998      0.115       9.5   16.243      0.206       5.3   11.847      0.320       3.4    8.154       null       1.6 
           117      0.221045   89.9394450  -15.5834509   15.521      0.043      25.2   14.543      0.048      22.8   12.067      0.279       3.9    9.030       null       0.3 
           118      0.860907  106.6101595   29.3513654   15.927      0.058      18.8   15.187      0.088      12.3   12.427      0.483       2.2    8.537      0.340       3.2 
           119      0.163983  108.4429433    8.9256914   15.994      0.057      19.2   15.175      0.094      11.6   12.528      0.539       2.0    8.303       null       1.1 
           120      0.523254  112.7629718   44.9969306   15.824      0.049      22.3   15.300      0.094      11.5   11.792      0.247       4.4    8.309       null       1.7 
           121      0.152196  115.4779647   25.3415417   14.778      0.034      32.1   13.811      0.041      26.2   11.590      0.241       4.5    8.373      0.344       3.2 
           122      0.066163  116.9549004   11.8979148   14.641      0.031      35.4   13.791      0.038      28.6   11.358      0.219       5.0    8.786      0.512       2.1 
           123      0.383207  119.0754410   41.0690466   16.814      0.096      11.3   16.385      0.227       4.8   11.856       null       1.7    8.629       null       1.1 
           124      0.308538  120.7726787   31.6428599   17.344      0.158       6.9   16.447      0.281       3.9   12.053       null       0.8    8.709      0.402       2.7 
           125      0.119707  122.7263581   51.0944848   16.943      0.102      10.7   15.866      0.144       7.6   12.362       null       0.7    8.995       null       0.1 
           126      0.220775  123.2033900    4.6824275   16.306      0.070      15.5   15.546      0.135       8.0   12.436       null      -0.1    8.683       null      -0.7 
           128      0.869968  126.2248207   13.0379991   16.433      0.083      13.1   15.858      0.176       6.2   11.942       null       1.1    8.156       null       1.5 
           130      0.273366  127.2817900    3.0656432   17.371      0.167       6.5   16.527      0.277       3.9   12.447       null       0.0    8.500       null       0.7 
           131      0.475308  127.3833489   41.2946344   17.264      0.144       7.5   16.154      0.191       5.7   12.464       null       0.2    9.025       null       0.1 
           132      0.226418  127.3879494   25.1127221   16.753      0.102      10.6   15.836      0.177       6.1   11.625       null       1.9    8.240       null       1.6 
           133      0.522006  128.3237385   27.4414342   17.172      0.133       8.1   16.640      0.297       3.7   11.936       null       1.4    8.795       null       0.4 
           137      0.141533  129.1827381    0.9147662   15.303      0.040      26.8   14.416      0.052      21.0   12.571      0.533       2.0    9.006       null       0.0 
           138      0.478106  129.4077873   49.4835513   17.082      0.114       9.5   15.797      0.123       8.8   12.578       null       0.4    9.155       null      -0.2 
           139      0.335631  129.9453820   39.0031093   16.641      0.087      12.5   15.623      0.123       8.8   12.247       null       0.6    8.586       null       0.7 
           140      1.036894  129.9804935    0.2648165   17.455      0.181       6.0   16.561       null       1.8   12.462      0.498       2.2    8.957       null      -0.5 
           141      0.319548  130.1463359   56.4056962   16.757      0.136       8.0   15.963      0.220       4.9   12.361       null       0.1    8.473       null       1.5 
           142      0.544133  130.3313849   29.0844554   17.214      0.159       6.8   16.261      0.245       4.4   12.288       null       0.4    9.073       null      -1.5 
           143      0.717915  130.6227830   12.3141916   16.223      0.067      16.3   15.971      0.175       6.2   12.353      0.428       2.5    9.022       null       0.0 
           146      0.266654  131.6160584    8.0144162   17.091      0.135       8.1   16.286      0.224       4.9   12.093       null       0.7    8.741       null       0.3 
           148      0.251788  132.7009870   32.7799211   16.734      0.088      12.3   15.645      0.151       7.2   11.959       null       1.0    8.592       null       1.3 
           149      3.495371  133.4534057    1.6540219   17.326      0.174       6.2   17.068       null       0.6   12.332       null       0.5    8.957       null       0.1 
           150      0.249544  133.6266113   20.9474140   16.210      0.071      15.4   15.165      0.100      10.8   11.648       null       1.9    8.842       null      -1.2 
           154      2.949586  135.3852096   16.2517225   16.814      0.107      10.2   16.195      0.219       4.9   12.230      0.466       2.3    8.856       null      -1.2 
           155      4.082367  135.6917087    8.8539394   16.324      0.071      15.4   15.712      0.138       7.9   12.487       null      -0.7    8.744       null      -0.2 
           160      0.222075  136.6282268   69.5085052   16.690      0.076      14.3   15.847      0.119       9.1   12.692      0.486       2.2    8.628       null       1.4 
           162      1.063302  137.5570537   16.9414559   17.525      0.200       5.4   16.547       null       1.6   12.411       null       0.3    9.059       null       0.0 
           163      0.365201  137.7272477   -4.2351288   16.793      0.096      11.3   15.860      0.153       7.1   12.314       null       0.3    9.134       null      -0.9 
           166      0.128639  138.9318496   49.4046595   16.409      0.067      16.2   15.541      0.101      10.8   12.421      0.440       2.5    8.807       null       0.5 
           167      0.591472  139.4914794   38.5109909   17.396      0.166       6.6   16.799       null       1.3   12.636       null      -0.4    8.788       null      -0.8 
           169      3.676978  140.3351046    0.1221750   16.523      0.086      12.7   15.852      0.166       6.5   11.909       null       1.7    8.874       null      -0.2 
           170      0.548220  140.5701260   26.8998766   16.979      0.125       8.7   16.391      0.253       4.3   11.937       null       0.9    8.730       null      -0.2 
           172      0.708290  140.9463186    4.0486406   16.360      0.074      14.7   15.861      0.158       6.9   11.955       null       1.3    8.404       null       1.2 
           173      0.579680  141.8408299   20.0233705   16.697      0.110       9.9   16.873      0.422       2.6   11.858       null       1.6    8.425       null       1.0 
           175      0.686014  143.8473152   -2.1317641   17.136      0.142       7.6   16.483      0.274       4.0   12.603       null      -0.1    9.155       null      -1.0 
           176      0.342988  147.2307005   21.1088630   17.050      0.132       8.2   16.710      0.358       3.0   12.281       null       0.2    8.760       null       0.0 
           177      0.214356  149.2819287    6.1831985   16.179      0.067      16.1   15.544      0.125       8.7   11.918       null       1.8    8.434       null       1.4 
           178      0.869107  149.3008165   10.2715647   16.971      0.122       8.9   16.250      0.243       4.5   12.178      0.413       2.6    8.857      0.510       2.1 
           181      2.985135  149.5575306   35.4132098   16.524      0.079      13.8   16.108      0.186       5.8   12.182       null       1.1    8.279       null       1.6 
           183      0.089901  150.1823929   21.0574336   16.590      0.091      11.9   15.898      0.167       6.5   12.176      0.451       2.4    8.443       null       1.2 
           186      0.304813  151.5608849   -3.1751952   16.200      0.061      17.7   15.697      0.163       6.7   12.305       null       0.2    8.400       null       1.4 
           187      0.261086  153.4014780   42.6740356   17.047      0.113       9.6   16.416      0.241       4.5   11.978       null       1.7    8.608       null       1.2 
           188      1.734087  155.5076732    8.0232236   15.461      0.047      22.9   14.891      0.081      13.4   11.474      0.219       5.0    8.411       null       0.7 
           189      0.600688  155.5417932   22.8735807   15.912      0.056      19.5   14.814      0.069      15.6   12.448      0.489       2.2    8.522       null       0.4 
           190      0.261875  156.5984016   25.7164564   16.675      0.099      10.9   15.690      0.137       8.0   12.076       null       0.7    8.444       null       1.5 
           191      0.374824  157.1393018    7.7719723   16.782      0.114       9.5   16.202      0.334       3.2   12.058       null       0.4    8.302       null       0.8 
           192      0.575726  157.6128434    5.4151830   16.577      0.090      12.1   15.571      0.148       7.4   12.050       null       0.8    8.484       null       0.7 
           193      0.207150  157.9070540   -2.6599621   16.840      0.109       9.9   16.203      0.216       5.0   12.007       null       1.3    9.017       null      -0.2 
           195      0.356364  158.5776686   20.5499665   15.873      0.056      19.4   15.150      0.092      11.8   11.974      0.341       3.2    8.418      0.437       2.5 
           196      0.407109  158.6937569  -14.4209949   15.856      0.053      20.6   15.135      0.082      13.3   11.421      0.184       5.9    8.148       null       2.0 
           197      0.578318  159.2256400   -2.5438182   16.739      0.093      11.6   15.705      0.132       8.2   12.475      0.510       2.1    8.898       null      -0.4 
           199      0.959930  160.8963744   10.1762073   17.538      0.200       5.4   16.488       null       1.8   12.441       null       0.0    8.719       null      -0.7 
           200      0.060603  161.1376662   -1.4172613   16.349      0.074      14.6   15.632      0.136       8.0   12.453      0.516       2.1    9.018      0.540       2.0 
           201      0.768771  162.0830979   -1.1612825   15.544      0.046      23.5   15.267      0.108      10.0   11.968       null       0.9    8.932       null      -0.5 
           202      0.424524  162.1530081   33.6631241   17.030      0.110       9.9   16.513      0.245       4.4   12.293       null       0.6    9.010       null      -0.3 
           203      0.349453  162.1877040   46.6217329   16.349      0.059      18.3   15.858      0.125       8.7   12.052       null       1.8    8.661       null       0.9 
           204      0.268220  162.6518098   58.0735380   16.569      0.075      14.5   15.869      0.136       8.0   12.735      0.528       2.1    9.140       null       0.0 
           205      0.375976  163.3455916   58.0700512   16.886      0.087      12.5   15.959      0.127       8.5   12.223       null       1.4    8.908      0.341       3.2 
           206      0.362749  163.5220218   46.6250880   16.741      0.083      13.1   15.913      0.132       8.2   12.147       null       1.6    8.815      0.360       3.0 
           208      1.479690  164.8687884   -9.1057280   17.383      0.174       6.3   16.413      0.253       4.3   12.396      0.497       2.2    8.315       null       1.5 
           209      0.776506  165.3930518    5.5262569   16.368      0.078      13.9   16.004      0.187       5.8   11.882       null       1.2    8.533      0.439       2.5 
           210      1.131969  166.0899040   21.5743562   17.310      0.156       7.0   16.173      0.210       5.2   12.650       null      -1.2    8.858       null      -0.7 
           213      0.530977  169.8359287   34.8801654   16.606      0.069      15.6   16.273      0.179       6.1   12.295       null       0.8    8.618       null       0.7 
           214      0.434305  170.0060981    6.6899795   16.914      0.113       9.6   16.082      0.204       5.3   12.352       null       0.2    8.200       null       1.0 
           215      0.870289  170.7084929   13.7098836   17.374      0.160       6.8   16.839       null       1.0   12.516       null      -0.4    8.639       null       0.9 
           216      0.202831  170.7965057   -0.7384806   17.057      0.133       8.2   16.640      0.321       3.4   12.175       null       0.6    8.921       null      -1.7 
           217      0.186881  171.3172044   44.8124459   16.140      0.057      19.2   15.406      0.089      12.1   12.463      0.385       2.8    8.349       null       1.8 
           218      0.666374  171.6580609   17.5828081   16.601      0.088      12.3   15.931      0.171       6.3   11.831       null       1.0    8.635       null       0.5 
           219      1.360423  172.1770500   26.8862900   17.178      0.137       7.9   16.701      0.313       3.5   12.305       null       0.6    8.402       null      -0.3 
           220      0.519415  172.2409110   57.9859386   16.636      0.084      13.0   15.835      0.141       7.7   12.429      0.378       2.9    9.044       null       0.1 
           221      0.321293  173.1937805   12.1503881   16.136      0.069      15.8   15.365      0.107      10.1   11.726      0.289       3.8    8.391       null       1.2 
           222      1.856081  173.2863953   16.0659551   16.432      0.076      14.2   15.865      0.153       7.1   12.099       null       1.3    8.803       null       0.1 
           223      0.559397  173.5593607    8.4816118   16.382      0.078      13.9   15.119      0.089      12.3   12.244      0.405       2.7    8.204       null       1.4 
           224      0.468998  173.7873252   50.1923934   17.283      0.125       8.7   16.543      0.228       4.8   12.268       null       1.2    8.749       null       0.8 
           225      0.213643  174.3237952   35.8324510   16.458      0.068      15.9   15.890      0.142       7.6   11.931       null       1.2    8.726       null       0.8 
           226      0.578808  174.7919605  -12.2846896   17.025      0.124       8.7   15.910      0.161       6.8   12.504       null       0.0    8.716       null       0.1 
           227      1.535309  175.4096114  -20.2656041   16.474      0.078      13.9   16.345      0.255       4.3   12.051       null       0.3    8.114       null       0.7 
           228      0.478626  175.9096717   38.1412375   16.930      0.098      11.1   16.027      0.163       6.7   12.801       null      -0.2    8.957       null       0.2 
           229      2.354435  176.6358422   -1.9112469   17.338      0.161       6.8   16.817      0.377       2.9   12.522       null      -1.0    8.999       null       0.0 
           231      0.206039  176.7408505   40.6191125   16.028      0.055      19.6   15.288      0.093      11.6   12.140       null       1.8    8.550       null       1.1 
           233      0.177785  176.7767501   -1.1661403   16.264      0.070      15.6   15.697      0.136       8.0   11.947      0.344       3.2    8.691      0.420       2.6 
           234      0.248144  177.0137429    7.0356918   16.388      0.080      13.6   15.480      0.127       8.5   12.086       null       0.6    8.242       null       1.9 
           236      0.381791  177.0692174   52.8639526   15.967      0.048      22.7   15.452      0.084      12.9   12.558      0.452       2.4    8.906      0.468       2.3 
           237      0.439217  177.1090109   30.3385754   16.841      0.096      11.3   16.238      0.203       5.4   12.245       null       0.9    8.612       null       0.9 
           239      0.704464  177.4433463    7.8140844   17.291      0.153       7.1   16.033      0.181       6.0   12.547       null      -0.8    8.279       null       1.4 
           242      0.531720  178.5831537   23.5658861   16.868      0.109       9.9   16.178      0.211       5.1   12.507      0.496       2.2    8.219       null       2.0 
           243      0.626943  178.6030102   13.6962195   16.757      0.094      11.6   16.007      0.175       6.2   12.559       null      -0.2    8.818       null      -1.3 
           244      0.427550  179.4515536    6.6198767   16.798      0.113       9.6   16.603      0.345       3.1   12.135       null       1.0    8.826       null       0.0 
           246      0.188229  180.5324505   32.5940636   16.032      0.054      20.2   15.137      0.077      14.1   12.420      0.508       2.1    9.057      0.539       2.0 
           248      1.226917  181.1735558   -0.3638216   15.935      0.055      19.8   15.343      0.106      10.2   12.083      0.345       3.2    8.116       null       1.9 
           249      1.650312  181.2707855   -0.0078145   17.278      0.152       7.2   16.309      0.232       4.7   12.558       null      -0.1    8.829       null       0.3 
           250      0.459802  181.9060478    6.5029614   16.995      0.131       8.3   16.087      0.213       5.1   12.039       null       1.0    8.215       null       1.2 
           251      3.750829  181.9748724   -0.0973772   16.659      0.096      11.3   16.013      0.203       5.4   12.523       null      -0.2    8.627       null       0.5 
           253      0.211135  182.2194668   21.1760473   16.094      0.061      17.9   15.337      0.101      10.8   12.348       null       0.6    8.505       null       0.7 
           255      2.840895  182.3494891   -0.1135512   17.216      0.148       7.4   16.498       null       1.4   12.406       null       0.1    8.844       null      -0.4 
           256      0.404789  182.4696656   18.5296763   16.108      0.062      17.6   15.380      0.099      10.9   12.239      0.400       2.7    8.553       null       0.9 
           257      0.746314  183.1122127    5.0926368   16.966      0.129       8.4   16.455      0.333       3.3   12.503       null      -0.4    8.921       null      -0.7 
           258      0.175211  183.2992306  -12.7675957   16.284      0.073      14.9   15.837      0.155       7.0   12.420       null      -0.1    8.914       null       0.5 
           260      1.097040  184.1147463   45.3199192   17.273      0.126       8.6   16.158      0.163       6.7   12.624       null       0.5    8.999       null       0.3 
           261      1.167913  184.3386717    1.5282717   17.581      0.210       5.2   16.260       null       1.3   12.147       null       0.0    8.193       null       0.8 
           262      0.081426  184.5466478   18.1307055   17.354      0.153       7.1   16.713      0.326       3.3   12.121       null       1.1    8.667       null       0.8 
           264      0.061479  185.4434291   44.7578068   16.304      0.062      17.6   15.314      0.083      13.1   12.005      0.293       3.7    8.877      0.470       2.3 
           265      0.123763  185.6582158   19.9786036   16.429      0.079      13.8   15.728      0.134       8.1   12.633       null       0.2    8.323       null       1.5 
           266      2.825520  187.1054252   -2.5613652   17.187      0.138       7.9   16.629      0.319       3.4   11.773       null       1.8    8.740       null       0.4 
           268      4.997456  188.3894715    6.3775532   14.461      0.033      32.7   14.315      0.058      18.6   12.170      0.382       2.8    8.717       null       0.4 
           269      0.463852  189.0251963   46.9568519   16.450      0.068      15.9   15.484      0.105      10.3   12.319      0.339       3.2    9.095      0.489       2.2 
           271      0.310325  190.6995304   52.2185042   16.539      0.069      15.6   15.823      0.120       9.1   12.482       null       0.4    8.638       null       1.4 
           272      0.120283  190.9200835   25.4899900   16.701      0.088      12.4   15.520      0.108      10.0   12.560       null      -0.3    8.808       null      -1.0 
           273      1.152177  192.7162387   31.5063852   16.414      0.066      16.4   15.375      0.092      11.8   12.115       null       1.4    9.020      0.528       2.1 
           274      3.960523  194.1278226   25.5474877   16.197      0.058      18.9   15.801      0.124       8.7   12.220       null       0.7    8.879       null       0.5 
           275      0.311011  194.4895985   63.8269204   16.911      0.082      13.2   16.520      0.195       5.6   12.517       null       0.9    8.758       null       1.2 
           276      0.637841  196.5343996    3.9404930   16.869      0.098      11.0   16.438       null       1.9   12.274      0.377       2.9    9.088       null      -0.6 
           277      2.018314  197.7198460   25.5346293   17.577      0.171       6.4   16.814       null       1.3   12.420       null       0.4    8.877       null       0.4 
           278      0.388242  198.6684232   54.5437734   16.690      0.077      14.2   15.686      0.099      10.9   12.467      0.317       3.4    9.155      0.448       2.4 
           279      0.204729  199.0339566   10.4758182   16.751      0.090      12.1   15.604      0.119       9.1   12.716      0.522       2.1    8.934       null       0.8 
           280      0.909167  199.3363904   -2.6534479   17.181      0.123       8.8   16.559      0.276       3.9   12.749       null      -0.2    9.241       null      -0.1 
           281      0.585331  199.7969348    9.8477108   17.031      0.105      10.3   16.310      0.209       5.2   12.584       null       0.7    8.854       null       0.5 
           282      0.308317  201.9223352   57.5440002   17.375      0.123       8.8   16.198      0.156       7.0   12.862       null      -0.6    9.056       null       0.5 
           283      0.045587  203.2393827   22.1432979   15.692      0.047      23.2   14.893      0.064      16.9   12.172      0.347       3.1    8.484       null       1.4 
           284      0.140404  203.5523875   12.3390933   16.684      0.090      12.0   15.631      0.117       9.2   12.398      0.372       2.9    8.897       null       0.5 
           285      0.377096  203.9616326   35.5544763   16.714      0.070      15.6   15.991      0.132       8.2   12.152       null       1.5    9.298       null      -0.2 
           286      1.718649  203.9848080   -3.4772192   15.377      0.039      28.1   14.668      0.059      18.4   12.285      0.339       3.2    8.710       null       1.0 
           287      0.223316  204.3700850   41.9277904   16.571      0.073      15.0   16.588      0.246       4.4   12.791      0.524       2.1    9.117       null       0.2 
           288      1.141455  205.0629729   39.4420384   16.092      0.048      22.6   15.477      0.081      13.4   12.649      0.363       3.0    8.894       null       1.6 
           289      0.257051  205.1676646   28.2244175   16.125      0.056      19.4   15.025      0.068      15.9   12.348      0.343       3.2    9.136      0.495       2.2 
           290      0.049652  205.4227689   46.1861901   17.079      0.108      10.0   16.292      0.198       5.5   11.962       null       1.8    9.165       null       0.2 
           291      0.028857  205.4750718   35.1682542   16.289      0.058      18.8   15.640      0.112       9.7   12.130       null       1.6    9.236       null      -0.2 
           292      1.005494  205.5335707    9.4771727   17.471      0.146       7.4   16.769      0.295       3.7   12.834      0.498       2.2    9.256       null      -1.1 
           293      0.529285  206.3609469   23.4969023   15.479      0.036      30.4   15.014      0.062      17.4   11.573      0.146       7.4    9.004      0.417       2.6 
           294      3.152339  209.2050009  -26.7079689   16.292      0.063      17.3   15.782      0.162       6.7   12.493      0.420       2.6    9.204       null       0.1 
           298      0.531199  210.4472442   27.8265456   17.562      0.157       6.9   16.982      0.354       3.1   12.338       null       1.2    8.992       null       0.9 
           301      0.289096  210.8296983    9.0474180   17.284      0.124       8.7   16.751      0.287       3.8   12.267       null       2.0    9.046      0.419       2.6 
           305      1.063604  212.0952559   53.0060619   17.749      0.159       6.8   17.032      0.283       3.8   12.847       null       0.5    9.312       null       0.3 
           307      0.171254  212.7970144   12.2937335   16.594      0.067      16.2   15.532      0.093      11.7   12.751       null       0.3    9.238       null      -0.1 
           308      0.547734  213.3629467  -22.5618838   16.760      0.171       6.3   15.635      0.191       5.7   12.227      0.421       2.6    8.589       null       1.9 
           309      0.473793  213.5182204   51.2598172   18.111      0.215       5.1   17.013       null       1.5   13.066       null       0.0    9.343       null      -3.1 
           313      4.411139  213.7324121  -13.4814746   17.164      0.134       8.1   16.543      0.295       3.7   12.797       null      -0.3    9.092       null       0.1 
           320      1.421909  215.8583250   13.0499504   15.977      0.050      21.9   15.455      0.093      11.7   12.400       null       1.2    8.944       null       1.0 
           322      1.610408  216.3185831   32.9026381   16.974      0.081      13.4   16.316      0.158       6.9   12.434       null       1.3    8.952       null       1.3 
           324      0.726689  216.8737953   35.3693501   17.388      0.117       9.3   16.578      0.218       5.0   12.954      0.536       2.0    9.280       null      -0.9 
           325      0.670392  216.9105885   33.2115869   16.817      0.076      14.4   15.923      0.120       9.1   12.600       null       0.6    9.288       null       0.3 
           329      0.657682  217.4084080   33.0712400   17.877      0.188       5.8   17.029      0.312       3.5   12.439       null       1.1    9.495       null      -0.7 
           330      0.971381  217.4671728   54.7880043   17.026      0.080      13.6   17.155      0.323       3.4   12.657       null       0.7    9.447       null      -0.1 
           331      0.177338  217.9185726   -7.4121046   17.182      0.119       9.1   16.475      0.249       4.4   12.130       null       1.8    8.831       null       0.8 
           332      0.261274  219.0208214   21.5443056   16.420      0.058      18.7   15.880      0.114       9.5   12.398       null       1.3    8.766       null       1.3 
           333      0.241472  219.0489426   50.1185896   17.169      0.089      12.3   16.956      0.251       4.3   12.916       null       0.2    9.091       null       0.5 
           334      0.611703  219.4658359   23.3871834   15.886      0.043      25.2   14.974      0.059      18.3   12.401       null       1.9    9.533       null      -0.9 
           337      0.222297  220.9611113   36.3875995   15.897      0.041      26.6   14.903      0.051      21.3   11.189      0.096      11.3    8.699      0.264       4.1 
           338      0.131368  225.1534899   28.2675439   16.280      0.048      22.5   15.504      0.076      14.3   12.394      0.240       4.5    8.955       null       1.2 
           340      0.055302  227.6470790   51.8114144   16.244      0.046      23.6   15.597      0.074      14.8   12.776      0.341       3.2    9.546       null       0.3 
           341      0.250697  228.4150975    8.9017921   17.280      0.129       8.4   16.319      0.205       5.3   12.558       null       1.2    9.042       null       0.5 
           343      1.352008  230.7621046   59.2762198   15.638      0.033      32.6   15.133      0.049      22.4   12.104      0.183       5.9    8.991      0.286       3.8 
           344      0.098798  230.9404213   33.7999838   16.699      0.061      17.9   15.626      0.078      13.9   12.760       null       0.9    9.245       null       0.7 
           345      0.333706  231.0170942    8.2776754   17.638      0.187       5.8   16.681      0.304       3.6   12.348       null       1.3    9.000       null       1.2 
           346      0.408963  231.6575917  -20.8336029   17.209      0.149       7.3   16.623      0.349       3.1   12.234       null       0.2    8.942       null      -0.3 
           347      0.282260  231.8036594    6.6893957   16.700      0.081      13.5   16.102      0.168       6.5   12.820      0.406       2.7    9.216       null       0.4 
           348      0.848837  233.7490576   13.4506205   15.835      0.042      25.9   14.963      0.065      16.6   12.802      0.406       2.7    9.362      0.483       2.2 
           349      0.040776  233.8869672   19.7222573   15.923      0.047      23.0   15.278      0.081      13.4   12.584      0.346       3.1    9.311      0.449       2.4 
           350      0.474359  235.9451873   17.0078420   16.790      0.082      13.2   16.510      0.234       4.6   12.351      0.315       3.5    8.965       null       1.0 
           353      0.357747  236.4671077   60.4734140   16.007      0.037      29.7   15.157      0.046      23.7   12.313      0.231       4.7    9.406      0.435       2.5 
           357      4.066192  239.7880687   22.2037265   17.137      0.105      10.3   16.381      0.206       5.3   12.270       null       1.5    8.847       null       1.1 
           358      0.825466  240.2967399  -18.4763835   15.647      0.054      20.3   15.051      0.081      13.4   11.653      0.252       4.3    8.505      0.457       2.4 
           359      0.192935  240.7248563   42.4736322   16.051      0.045      24.2   15.122      0.060      18.2   12.370      0.256       4.2    9.346       null       0.7 
           361      0.684913  242.4051292   30.6964757   17.518      0.142       7.7   17.080      0.349       3.1   12.462       null       0.7    9.257       null      -0.2 
           362      2.105342  242.4398276  -12.9811236   16.297      0.074      14.7   16.104      0.226       4.8   11.867      0.324       3.4    8.252       null       1.5 
           363      0.327670  242.5695881   41.2982014   16.517      0.058      18.7   15.902      0.109       9.9   12.634       null       1.6    9.455       null       0.8 
           364      0.264759  243.6046192   46.6747464   15.868      0.037      29.4   14.972      0.047      23.0   12.924      0.335       3.2    9.094       null       1.9 
           365      0.410711  243.6472630    1.2456849   16.962      0.107      10.2   16.421      0.223       4.9   12.517       null      -0.2    8.930       null      -0.5 
           366      0.402406  243.6958997   20.9840973   16.661      0.076      14.4   16.167      0.157       6.9   12.339      0.382       2.8    9.005       null      -0.7 
           368      0.232484  245.2539239   51.9302486   15.654      0.032      33.8   14.771      0.040      27.4   12.888      0.316       3.4    9.529       null       0.3 
           369      0.097507  245.8136329   47.0999866   15.574      0.034      32.0   14.762      0.046      23.6   11.425      0.096      11.3    8.954      0.276       3.9 
           370      0.307789  245.8826598   31.2001547   16.523      0.065      16.8   15.663      0.104      10.4   12.551       null       0.7    8.895       null       0.5 
           371      0.060806  246.6104031   27.8590193   14.968      0.031      34.7   14.208      0.039      28.1   11.919      0.255       4.3    8.437       null       1.8 
           372      0.239058  246.6215974   28.9826794   15.871       null       1.9   15.824      0.116       9.4   12.336      0.353       3.1    9.177       null      -0.1 
           373      0.485267  247.2972143   24.1277094   16.792      0.075      14.5   16.070      0.136       8.0   12.282      0.396       2.7    8.575       null       0.9 
           374      0.818245  247.6410685   40.2025215   17.493      0.124       8.8   17.496      0.450       2.4   12.908       null      -1.2    9.314       null      -0.6 
           376      0.246501  252.6760508   16.2892444   16.263      0.063      17.2   15.405      0.093      11.6   11.862       null       1.8    9.089       null      -0.3 
           377      0.307159  254.1477782   45.6870142   16.223      0.276       3.9   15.531      0.069      15.7   12.686      0.383       2.8    9.042       null       1.1 
           378      0.156653  254.7588346   27.1597315   15.920      0.046      23.7   15.141      0.068      16.0   11.536      0.158       6.9    8.889       null       1.2 
           379      0.198841  254.9626178   32.6578978   16.419      0.060      18.1   15.656      0.095      11.4   12.123       null       1.5    8.621       null       1.2 
           380      1.581127  261.0367698   19.0289431   17.912      0.211       5.2   16.864       null       1.6   12.354       null       0.3    8.958       null      -1.3 
           382      0.122559  268.1837219   50.6092095   15.130      0.030      36.1   14.402      0.034      32.0   12.611      0.374       2.9    9.288      0.438       2.5 
           383      0.213771  293.0319530   71.6523306   17.369      0.079      13.8   16.476      0.116       9.3   13.591       null      -1.3    9.686       null       0.2 
           384      0.922216  308.0417112  -21.2337275   16.497      0.087      12.4   15.439      0.134       8.1   12.446       null       0.0    8.147       null       1.0 
           385      0.313335  308.4830527  -27.6485470   16.931      0.119       9.1   16.031      0.222       4.9   11.889       null       1.5    8.632       null       0.7 
           389      1.360830  315.5800672  -14.9820443   17.589      0.215       5.0   16.735      0.383       2.8   11.404       null       1.4    8.711       null       0.1 
           391      1.600437  319.6036029  -10.9327676   16.142      0.071      15.3   15.245      0.111       9.8   11.888       null       1.2    8.768       null       0.0 
           392      1.171270  319.8677595   10.4849432   17.036      0.106      10.3   16.598       null       1.7   12.056       null       1.2    8.756       null       0.3 
           394      0.254860  320.8702935  -24.3603375   17.151      0.149       7.3   16.480      0.339       3.2   11.657       null       1.6    8.520       null       0.3 
           396      0.207776  323.1382772   12.2987381   16.356      0.068      15.9   15.633      0.116       9.3   12.311       null      -0.6    8.949       null      -1.4 
           397      0.277857  325.6636203   -1.3334937   16.884      0.114       9.5   16.086      0.249       4.4   12.525       null      -1.4    8.701       null       0.4 
           398      0.865472  326.9811009    1.1319606   17.631      0.202       5.4   16.970      0.450       2.4   12.301       null       0.2    8.880       null      -0.7 
           400      0.239892  330.2775600    3.0354595   15.977      0.059      18.5   15.198      0.095      11.4   11.307      0.186       5.8    7.828      0.218       5.0 
           402      0.241273  330.6116056   15.1645760   15.735      0.047      23.0   15.199      0.082      13.2   12.170      0.313       3.5    8.515       null       0.9 
           406      0.184144  331.7922080   -4.2823302   15.122      0.038      28.2   14.138      0.045      24.2   12.214      0.461       2.4    8.376       null       0.4 
           408      0.900508  332.6539850    2.7206796   17.305      0.155       7.0   17.096      0.461       2.4   12.402       null       0.2    8.858       null       0.0 
           410      2.956065  332.8016718  -32.1036459   16.359      0.071      15.2   15.568      0.118       9.2   12.148       null       1.0    8.420       null       1.6 
           412      0.739563  333.2147419   -0.7084818   16.987      0.119       9.2   16.908      0.411       2.6   12.305       null      -0.3    8.564       null       0.8 
           416      0.620241  334.1833195    0.2298855   17.185      0.148       7.3   16.626      0.309       3.5   11.997       null       1.2    8.921       null      -1.3 
           421      0.370183  336.3100157    3.5035003   16.501      0.081      13.4   15.691      0.126       8.6   11.997       null       0.7    8.291       null       1.9 
           422      0.152688  336.5517222   -6.3019848   15.636      0.050      21.9   14.962      0.085      12.7   12.212      0.430       2.5    8.825       null       0.0 
           425      0.671502  337.1879776   -7.9652672   16.167      0.065      16.7   15.455      0.121       8.9   11.872       null       1.1    8.985       null      -1.5 
           430      1.404488  338.2293231   29.5089976   17.813      0.211       5.1   16.702       null       1.9   12.043       null       0.9    8.945       null       0.3 
           436      0.504100  340.2042336  -18.6622964   16.562      0.092      11.9   15.528      0.127       8.6   12.334       null       0.3    8.681       null       0.3 
           438      1.395353  341.3515105    0.4039838   17.472      0.188       5.8   16.644       null       1.0   12.280       null      -0.8    8.589       null       0.6 
           439      1.420400  342.5088601  -50.2614644   16.142      0.059      18.5   15.674      0.123       8.8   11.954      0.258       4.2    8.742       null       0.5 
           441      3.112471  343.9093524    2.8575396   17.334      0.171       6.3   16.646      0.345       3.1   11.973       null       0.8    8.598       null       0.2 
           443      0.265316  346.8973500    0.5304316   17.078      0.135       8.1   16.274      0.250       4.3   11.802       null       1.5    8.752       null      -1.3 
           444      0.538194  347.6620269   18.9220552   15.797      0.045      24.1   15.415      0.118       9.2   12.272      0.441       2.5    9.163       null      -0.3 
           446      1.289280  348.9443971   -0.3994995   17.560      0.205       5.3   16.587       null       1.5   12.176       null       0.6    8.715       null       0.3 
           447      0.076295  349.4093840   22.7360278   16.138      0.061      17.7   15.318      0.090      12.0   12.502      0.532       2.0    8.706       null       0.5 
           450      0.095937  351.3093690   26.4799320   16.193      0.062      17.5   15.412      0.100      10.9   12.588      0.507       2.1    8.968      0.478       2.3 
           451      0.034838  351.4026575   -5.8911977   16.337      0.071      15.4   15.554      0.117       9.3   12.430      0.437       2.5    8.428       null       1.2 
           454      0.245215  352.4137247   30.0641700   16.209      0.059      18.4   15.425      0.101      10.8   12.656       null      -0.2    9.072       null      -0.4 
           455      1.376337  352.5366214    9.9623406   15.923      0.059      18.5   15.145      0.110       9.8   12.146      0.386       2.8    8.917      0.538       2.0 
           457      0.129233  356.1396011   16.8878795   15.224      0.041      26.4   14.559      0.058      18.8   11.999      0.281       3.9    8.956       null       0.1 
           458      0.060069  357.1389072  -30.9028285   17.673      0.172       6.3   16.732       null       1.8   12.137       null       1.5    9.140      0.487       2.2 
           460      0.633549  357.8513621   -4.9855225   17.206      0.158       6.9   16.140      0.242       4.5   12.549       null      -1.6    8.892       null       0.1 
           461      0.292168  359.1352606   -6.3831937   16.557      0.100      10.9   15.702      0.196       5.6   11.895       null       1.2    8.700       null      -0.1 
           463      1.456440  359.5997622    6.5771028   16.009      0.058      18.9   15.249      0.095      11.5   12.113      0.376       2.9    9.113       null       0.0 