  RA         Dec         redshift separ     unW1mag   unW1err unW1snr    w1mpro    w1sig  w1snr    unW2mag   unW2err unW2snr    w2mpro    w2sig  w2snr  w3mpro    w3sig   w3snr  w4mpro   w4sig   w4snr
  0.3401135  26.8358814  5.750    0.225     16.2799   0.0257  41.7265    16.373    0.07   16.5     15.5194   0.0499  21.2510    15.266    0.11   10.2   12.594    0.49    2.2    8.756    0.00    1.1  
  0.6641173  25.8430442  5.820    0.154     16.2500   0.0261  41.0239    16.162    0.06   19.0     15.4177   0.0469  22.6804    15.542    0.13    8.5   12.416    0.42    2.6    8.683    0.00    1.2  
  1.4680833  -0.1154999  5.850    1.145     17.4927   0.0791  13.2325    17.299    0.16    6.8     16.7022   0.1534   6.5915    17.043    0.00    0.2   12.445    0.00   -1.1    9.008    0.00   -0.3  
  2.1073900  -6.4345600  5.930    0.086     16.8020   0.0445  23.8931    16.809    0.11   10.1     15.9620   0.0784  13.3491    15.684    0.14    7.7   11.892    0.00    1.5    8.759    0.00    0.2  
  2.2142917  36.2704138  5.170    0.183     16.0176   0.0208  51.7021    16.045    0.05   20.7     15.4339   0.0444  23.9368    15.373    0.09   11.8   12.043    0.00    1.8    8.786    0.00    1.1  
  2.3787018  32.8702618  6.100    -9.99     17.9509   0.1056   9.7915    -9.990   -9.99   -9.9    -99.9990  -9.9900 -99.9990    -9.990   -9.99   -9.9   -9.990   -9.99   -9.9   -9.990   -9.99   -9.9
  3.1369990  36.5378055  5.440    0.428     15.8214   0.0174  62.0132    15.764    0.04   25.1     15.2306   0.0363  29.4372    15.134    0.07   14.8   12.001    0.23    4.6    8.688    0.33    3.3  
  4.3111666 -10.0153972  5.010    0.126     15.9757   0.0217  49.5990    15.936    0.06   19.7     15.3142   0.0449  23.6724    15.167    0.09   11.5   12.026    0.33    3.2    8.520    0.00    1.2  
  4.3936135  17.0863045  5.800    -9.99     17.8337   0.1032  10.0252    -9.990   -9.99   -9.9     16.6956   0.1451   6.9949    -9.990   -9.99   -9.9   -9.990   -9.99   -9.9   -9.990   -9.99   -9.9
  4.8140800 -24.2991600  5.680    0.248     16.3205   0.0284  37.7921    16.281    0.07   15.8     15.6784   0.0608  17.3672    15.569    0.12    9.4   12.123    0.34    3.2    8.820    0.00    0.5  
  5.1311237 -36.8949476  6.900    0.000     16.8671   0.0406  26.2100    16.844    0.09   11.6     16.4126   0.1020  10.1549    16.354    0.20    5.3   12.679    0.00   -0.1    8.342    0.00    0.8  
  5.8777916  -0.3101111  5.060    1.315     16.8489   0.0460  23.1176    16.807    0.11   10.2     16.1269   0.0925  11.2380    16.155    0.21    5.1   11.877    0.00    1.6    8.491    0.00    0.7  
  6.1240417  39.2219306  6.620    -9.99     17.3638   0.0643  16.3805    -9.990   -9.99   -9.9    -99.9990  -9.9900 -99.9990    -9.990   -9.99   -9.9   -9.990   -9.99   -9.9   -9.990   -9.99   -9.9
  6.3618333  -1.7590306  5.070    0.200     14.8509   0.0088 122.7056    14.800    0.03   32.8     14.2325   0.0184  58.5200    14.157    0.05   22.5   11.395    0.22    4.9    8.514    0.00    0.9  
  7.0273329   4.9571232  6.000    0.801     17.1783   0.0596  17.7258    17.268    0.15    7.0     16.6062   0.1348   7.5651    16.410    0.29    3.8   12.253    0.00    0.4    8.317    0.00    1.4  
  7.8577500   7.1769222  5.330    0.527     16.6577   0.0389  27.4370    16.701    0.10   10.8     15.6829   0.0634  16.6299    15.479    0.12    9.1   12.187    0.00   -0.3    8.398    0.00    0.5  
  8.2975000  -1.4235833  6.130    -9.99     18.2051   0.1422   7.1481    -9.990   -9.99   -9.9    -99.9990  -9.9900 -99.9990    -9.990   -9.99   -9.9   -9.990   -9.99   -9.9   -9.990   -9.99   -9.9
  8.5597920  37.9983333  5.630    0.849     16.4800   0.0290  36.9322    16.734    0.09   12.5     15.7302   0.0556  19.0467    15.758    0.13    8.4   12.035    0.00    1.8    9.104    0.00   -0.6  
  9.3573290  -8.1190174  5.720    0.713     16.8205   0.0421  25.2833    16.905    0.11    9.8     16.2038   0.0952  10.9154    16.347    0.26    4.2   12.197    0.00    0.9    8.361    0.00    1.2  
  9.6504160 -15.4565555  7.020    0.654     16.7412   0.0413  25.8249    16.804    0.10   10.6     16.3112   0.1045   9.8970    16.076    0.21    5.1   12.307    0.00    0.5    8.704    0.00    0.9  
  9.7355079 -10.4316386  5.950    0.236     16.4915   0.0321  33.3836    16.517    0.08   13.5     15.7224   0.0615  17.1635    15.864    0.16    6.8   12.198    0.00    0.5    8.411    0.00    1.2  
 11.3898667   9.0324889  6.420    1.130     17.7728   0.1043   9.9207    17.493    0.19    5.7    -99.9990  -9.9900 -99.9990    17.160    0.00   -0.3   11.980    0.00    1.2    8.784    0.00   -0.1  
 12.5277710  34.7560148  6.250    0.401     16.5815   0.0326  32.7892    16.655    0.07   15.3     15.7063   0.0549  19.2878    15.791    0.12    9.4   12.928    0.00    0.0    9.299    0.00   -0.2  
 13.5892499  -1.1560000  5.090    -9.99     16.9821   0.0568  18.6232    -9.990   -9.99   -9.9     16.1529   0.1026  10.0912    -9.990   -9.99   -9.9   -9.990   -9.99   -9.9   -9.990   -9.99   -9.9
 13.7621250   1.7717500  6.010    -9.99    -99.9990  -9.9900 -99.9990    -9.990   -9.99   -9.9    -99.9990  -9.9900 -99.9990    -9.990   -9.99   -9.9   -9.990   -9.99   -9.9   -9.990   -9.99   -9.9
 14.2334990  22.6867111  5.490    0.485     16.9356   0.0477  22.2702    16.919    0.10   10.4     15.9954   0.0783  13.3717    16.019    0.16    6.8   12.185    0.00    1.0    9.155    0.00   -0.2  
 15.0542635  28.0405319  6.330    0.129     14.4456   0.0063 171.2720    14.461    0.03   38.9     13.6446   0.0106 102.4227    13.638    0.03   31.6   11.716    0.21    5.1    8.980    0.45    2.4  
 15.7109990  -2.3027499  5.950    -9.99    -99.9990  -9.9900 -99.9990    -9.990   -9.99   -9.9    -99.9990  -9.9900 -99.9990    -9.990   -9.99   -9.9   -9.990   -9.99   -9.9   -9.990   -9.99   -9.9
 17.0274999   7.1890555  5.530    0.626     16.3387   0.0309  34.6805    16.231    0.07   15.1     15.4902   0.0543  19.5076    15.330    0.10   10.3   12.019    0.32    3.4    8.569    0.40    2.7  
 17.1248333  -1.0043333  5.110    -9.99    -99.9990  -9.9900 -99.9990    -9.990   -9.99   -9.9    -99.9990  -9.9900 -99.9990    -9.990   -9.99   -9.9   -9.990   -9.99   -9.9   -9.990   -9.99   -9.9
 17.4713790 -30.7906420  6.790    -9.99     17.9607   0.1096   9.4161    -9.990   -9.99   -9.9    -99.9990  -9.9900 -99.9990    -9.990   -9.99   -9.9   -9.990   -9.99   -9.9   -9.990   -9.99   -9.9
 18.4739583   5.9975278  5.000    0.210     16.6853   0.0413  25.8086    16.758    0.09   12.1     16.1318   0.0938  11.0841    16.063    0.17    6.2   12.488    0.50    2.2    8.377    0.00    1.0  
 18.7296250  32.6378694  5.220    0.686     16.8459   0.0409  26.0447    16.803    0.09   12.8     16.1806   0.0847  12.3262    16.294    0.19    5.6   12.487    0.00    1.0    9.014    0.00    0.8  
 18.9365833   0.2541388  5.100    0.689     17.1683   0.0653  16.1402    17.235    0.15    7.0     16.6992   0.1574   6.4107    17.112    0.52    2.1   12.488    0.00   -0.8    8.528    0.00    0.2  
 18.9427917  -2.8867333  5.070    0.736     16.3670   0.0299  35.8620    16.421    0.08   13.9     15.8333   0.0703  14.9617    15.873    0.17    6.6   11.760    0.00    1.7    8.322    0.00    1.4  
 19.0595833   5.6382499  5.330    0.516     16.3537   0.0307  34.8490    16.369    0.07   15.7     15.6439   0.0607  17.4053    15.759    0.13    8.1   12.234    0.36    3.0    8.836    0.00    0.6  
 20.2247080  21.7850555  5.420    0.936     16.5474   0.0329  32.5121    16.630    0.09   12.8     15.9176   0.0716  14.6617    15.848    0.17    6.5   12.466    0.00    0.6    9.267    0.00   -0.1  
 21.4213377 -25.8822880  5.790    0.375     16.2233   0.0246  43.6749    16.212    0.06   17.9     15.5982   0.0528  20.0606    15.491    0.11    9.7   12.531    0.42    2.6    8.337    0.00    2.0  
 22.2810000  -0.4793055  5.010    -9.99     18.1338   0.1354   7.5267    -9.990   -9.99   -9.9    -99.9990  -9.9900 -99.9990    -9.990   -9.99   -9.9   -9.990   -9.99   -9.9   -9.990   -9.99   -9.9
 22.4937910  -0.5943611  5.780    -9.99    -99.9990  -9.9900 -99.9990    -9.990   -9.99   -9.9    -99.9990  -9.9900 -99.9990    -9.990   -9.99   -9.9   -9.990   -9.99   -9.9   -9.990   -9.99   -9.9
 22.8639166  -3.3500527  5.180    0.060     14.5423   0.0071 152.6593    14.576    0.03   35.6     13.8866   0.0136  79.5241    13.843    0.04   30.1   11.446    0.17    6.2    8.492    0.00    1.9  
 23.0071000  -2.2675300  5.900    0.235     16.5678   0.0341  31.3608    16.500    0.07   15.6     15.4435   0.0478  22.2017    15.480    0.10   11.1   12.014    0.00    1.6    8.731    0.00    1.2  
 23.3618333   1.1104722  5.300    0.199     16.8501   0.0471  22.5594    16.904    0.11    9.8     15.8709   0.0756  13.8635    16.019    0.20    5.5   12.439    0.00    0.4    8.829    0.00    0.3  
 24.0132080   2.4349166  6.210    -9.99    -99.9990  -9.9900 -99.9990    -9.990   -9.99   -9.9    -99.9990  -9.9900 -99.9990    -9.990   -9.99   -9.9   -9.990   -9.99   -9.9   -9.990   -9.99   -9.9
 25.2376400 -11.6831900  5.850    0.374     16.7651   0.0408  26.0963    16.673    0.09   12.8     15.9010   0.0706  14.8805    15.924    0.15    7.4   12.260    0.43    2.5    8.483    0.00    1.8  
 25.6821972 -33.4626300  6.310    0.006     16.1295   0.0217  49.4378    16.118    0.05   20.9     15.3628   0.0403  26.4379    15.480    0.09   12.8   12.582    0.43    2.5    8.716    0.00    1.6  
 25.7926667 -55.7529667  6.250    0.682     17.0695   0.0404  26.3536    16.951    0.09   12.3     15.9281   0.0543  19.4965    15.733    0.10   10.5   12.269    0.00    1.5    9.177    0.00   -0.9  
 27.1568128   6.0055734  5.980    0.549     16.1075   0.0238  45.1130    16.104    0.06   18.6     15.3565   0.0462  23.0269    15.273    0.10   11.1   12.175    0.30    3.7    8.964    0.39    2.8  
 28.8886666   4.2518725  5.350    0.262     16.1298   0.0253  42.4290    16.334    0.07   15.4     15.2665   0.0432  24.6537    15.187    0.10   11.5   12.306    0.00    1.1    8.367    0.00    1.9  
 29.4393750  30.0196333  5.630    0.239     15.4420   0.0137  78.5532    15.451    0.04   27.1     14.6582   0.0255  42.1191    14.657    0.06   18.1   11.938    0.00    1.5    8.545    0.00    0.9  
 29.5172600 -29.0886800  5.990    0.224     16.2492   0.0257  41.6798    16.108    0.06   19.9     15.4980   0.0481  22.0779    15.239    0.08   13.5   12.011    0.29    3.8    8.506    0.00    1.7  
 29.9915479 -36.5657230  6.020    0.003     16.6077   0.0323  33.0647    16.696    0.08   13.7     15.9128   0.0645  16.3319    15.873    0.12    8.7   12.619    0.00    0.3    8.763    0.00    1.3  
 30.7425417  -2.8648889  6.030    -9.99    -99.9990  -9.9900 -99.9990    -9.990   -9.99   -9.9    -99.9990  -9.9900 -99.9990    -9.990   -9.99   -9.9   -9.990   -9.99   -9.9   -9.990   -9.99   -9.9
 30.8849155   0.2081304  5.720    0.295     16.5206   0.0342  31.2343    16.691    0.09   12.6     15.8785   0.0720  14.5933    16.019    0.19    5.8   12.319    0.40    2.7    9.065    0.00    0.2  
 31.4442916  -9.9232500  5.370    -9.99    -99.9990  -9.9900 -99.9990    -9.990   -9.99   -9.9    -99.9990  -9.9900 -99.9990    -9.990   -9.99   -9.9   -9.990   -9.99   -9.9   -9.990   -9.99   -9.9
 31.5466667  -2.9271667  6.030    -9.99    -99.9990  -9.9900 -99.9990    -9.990   -9.99   -9.9    -99.9990  -9.9900 -99.9990    -9.990   -9.99   -9.9   -9.990   -9.99   -9.9   -9.990   -9.99   -9.9
 32.0179583  -1.2095277  5.230    1.257     18.0072   0.1204   8.5237    17.444    0.16    7.0    -99.9990  -9.9900 -99.9990    16.885    0.37    2.9   12.852    0.00   -0.8    9.208    0.00   -1.0  
 32.5549580  -4.9391388  6.430    -9.99    -99.9990  -9.9900 -99.9990    -9.990   -9.99   -9.9    -99.9990  -9.9900 -99.9990    -9.990   -9.99   -9.9   -9.990   -9.99   -9.9   -9.990   -9.99   -9.9
 32.7361249   0.0513056  5.050    0.384     16.9146   0.0455  23.3466    16.910    0.10   11.1     16.0819   0.0833  12.5420    16.192    0.19    5.8   12.533    0.37    2.9    9.110    0.54    2.0  
 32.9355417  -2.0510833  6.370    -9.99     17.7414   0.0922  11.2853    -9.990   -9.99   -9.9    -99.9990  -9.9900 -99.9990    -9.990   -9.99   -9.9   -9.990   -9.99   -9.9   -9.990   -9.99   -9.9
 33.3205833  -6.4375556  6.720    -9.99    -99.9990  -9.9900 -99.9990    -9.990   -9.99   -9.9    -99.9990  -9.9900 -99.9990    -9.990   -9.99   -9.9   -9.990   -9.99   -9.9   -9.990   -9.99   -9.9
 33.8469583  -5.4960556  5.130    -9.99     17.8436   0.1012  10.2318    -9.990   -9.99   -9.9     16.8759   0.1636   6.1474    -9.990   -9.99   -9.9   -9.990   -9.99   -9.9   -9.990   -9.99   -9.9
 34.1006666  23.0692972  5.260    0.223     16.4575   0.0334  32.0290    16.563    0.08   13.1     15.7109   0.0648  16.2647    15.727    0.15    7.0   11.683    0.00    1.9    8.631    0.00    1.3  
 34.1158750  -4.9261388  6.010    -9.99    -99.9990  -9.9900 -99.9990    -9.990   -9.99   -9.9    -99.9990  -9.9900 -99.9990    -9.990   -9.99   -9.9   -9.990   -9.99   -9.9   -9.990   -9.99   -9.9
 34.1618750 -52.4390556  6.410    1.570     17.5596   0.0583  18.1170    17.494    0.13    8.1    -99.9990  -9.9900 -99.9990    16.888    0.27    4.0   12.890    0.00   -0.1    8.716    0.00    1.4  
 34.3399583  -2.1479444  6.200    -9.99    -99.9990  -9.9900 -99.9990    -9.990   -9.99   -9.9    -99.9990  -9.9900 -99.9990    -9.990   -9.99   -9.9   -9.990   -9.99   -9.9   -9.990   -9.99   -9.9
 34.5878333  -0.4626946  5.110    0.119     17.5400   0.0820  12.7457    17.686    0.18    5.9     16.7926   0.1554   6.5003    16.447    0.25    4.4   12.214    0.00    1.6    8.718    0.00    1.0  
 35.1238333  -4.5344444  5.900    -9.99    -99.9990  -9.9900 -99.9990    -9.990   -9.99   -9.9    -99.9990  -9.9900 -99.9990    -9.990   -9.99   -9.9   -9.990   -9.99   -9.9   -9.990   -9.99   -9.9
 35.3013333  -3.7087778  5.020    -9.99     18.3848   0.1646   6.1109    -9.990   -9.99   -9.9    -99.9990  -9.9900 -99.9990    -9.990   -9.99   -9.9   -9.990   -9.99   -9.9   -9.990   -9.99   -9.9
 35.3025416  -3.7145000  5.020    0.045     16.3099   0.0280  38.2857    16.375    0.06   17.4     15.7013   0.0606  17.4172    15.625    0.11    9.6   12.273    0.00    1.6    8.928    0.00    0.9  
 35.3446250  -8.0476388  6.160    -9.99     18.0484   0.1184   8.6810    -9.990   -9.99   -9.9     17.0536   0.1865   5.3356    -9.990   -9.99   -9.9   -9.990   -9.99   -9.9   -9.990   -9.99   -9.9
 36.5078068   3.0498383  6.540    0.567     16.6574   0.0382  27.9130    16.726    0.08   13.2     16.1818   0.0930  11.1871    16.135    0.18    6.1   12.030    0.00    2.0    8.943    0.00    0.3  
 36.9303750  -6.0917222  6.200    -9.99    -99.9990  -9.9900 -99.9990    -9.990   -9.99   -9.9    -99.9990  -9.9900 -99.9990    -9.990   -9.99   -9.9   -9.990   -9.99   -9.9   -9.990   -9.99   -9.9
 37.5094583   0.7796667  5.410    -9.99    -99.9990  -9.9900 -99.9990    -9.990   -9.99   -9.9    -99.9990  -9.9900 -99.9990    -9.990   -9.99   -9.9   -9.990   -9.99   -9.9   -9.990   -9.99   -9.9
 37.9068333  -7.4817778  5.370    0.083     15.9864   0.0203  53.1188    15.972    0.05   21.7     15.0055   0.0316  33.9022    14.988    0.07   15.4   12.098    0.00    1.9    9.183    0.00    0.6  
 37.9706570 -28.8389110  6.000    0.975     17.6440   0.0786  13.3226    17.495    0.15    7.2     16.7487   0.1347   7.5699    16.608    0.27    4.1   11.937    0.00    2.0    8.670    0.00    1.1  
 38.9267500  -5.5448889  6.090    -9.99    -99.9990  -9.9900 -99.9990    -9.990   -9.99   -9.9    -99.9990  -9.9900 -99.9990    -9.990   -9.99   -9.9   -9.990   -9.99   -9.9   -9.990   -9.99   -9.9
 39.8760000  -0.7514999  5.820    -9.99    -99.9990  -9.9900 -99.9990    -9.990   -9.99   -9.9    -99.9990  -9.9900 -99.9990    -9.990   -9.99   -9.9   -9.990   -9.99   -9.9   -9.990   -9.99   -9.9
 40.0159141  17.5458093  5.680    -9.99     17.5445   0.0832  12.5493    -9.990   -9.99   -9.9    -99.9990  -9.9900 -99.9990    -9.990   -9.99   -9.9   -9.990   -9.99   -9.9   -9.990   -9.99   -9.9
 40.4705000   4.5981833  5.220    0.401     16.2017   0.0260  41.2219    16.256    0.06   17.9     15.5296   0.0546  19.4053    15.602    0.13    8.4   12.296    0.40    2.7    8.422    0.00    1.7  
 41.0000000 -50.1333333  6.740    -9.99    -99.9990  -9.9900 -99.9990    -9.990   -9.99   -9.9    -99.9990  -9.9900 -99.9990    -9.990   -9.99   -9.9   -9.990   -9.99   -9.9   -9.990   -9.99   -9.9
 36.1105700 -47.1914900  6.500    0.019     16.1142   0.0187  57.5114    16.182    0.05   21.1     15.4214   0.0364  29.3617    15.421    0.08   14.3   12.727    0.00    0.4    9.120    0.00    0.3  
 41.7329167 -52.3305278  6.870    -9.99     17.4638   0.0532  19.9196    -9.990   -9.99   -9.9     16.9382   0.1241   8.2560    -9.990   -9.99   -9.9   -9.990   -9.99   -9.9   -9.990   -9.99   -9.9
 42.6690900  -2.9174500  5.890    0.513     17.8810   0.1110   9.2907    17.579    0.17    6.3    -99.9990  -9.9900 -99.9990    16.511    0.00    2.0   11.538    0.00    1.8    8.425    0.00   -0.2  
 42.8388749   3.5548388  5.000    0.204     15.6994   0.0167  64.4479    15.636    0.04   26.7     14.9963   0.0323  33.1072    14.929    0.07   14.8   11.815    0.24    4.5    9.202    0.00   -0.2  
 43.0693333  -5.0588333  7.020    1.175     17.4108   0.0741  14.1509    17.875    0.21    5.1     16.9059   0.1771   5.6436    16.724    0.29    3.8   12.539    0.00    0.2    9.020    0.00    0.3  
 45.1840820 -22.5408850  5.680    -9.99     16.1950   0.0250  42.9978    -9.990   -9.99   -9.9     15.7815   0.0600  17.6125    -9.990   -9.99   -9.9   -9.990   -9.99   -9.9   -9.990   -9.99   -9.9
 45.3208749   0.3405556  5.500    -9.99    -99.9990  -9.9900 -99.9990    -9.990   -9.99   -9.9    -99.9990  -9.9900 -99.9990    -9.990   -9.99   -9.9   -9.990   -9.99   -9.9   -9.990   -9.99   -9.9
 45.8808330  -0.3202499  6.080    -9.99    -99.9990  -9.9900 -99.9990    -9.990   -9.99   -9.9     16.6054   0.1345   7.5842    -9.990   -9.99   -9.9   -9.990   -9.99   -9.9   -9.990   -9.99   -9.9
 46.3204830 -31.8488610  6.610    0.411     17.4706   0.0637  16.5516    17.677    0.15    7.5     16.8853   0.1386   7.3433    16.746    0.24    4.5   12.842    0.00    0.4    8.984    0.00    0.9  
 46.6771250  18.8877361  5.360    0.149     14.2731   0.0062 173.5226    14.313    0.03   38.3     13.4583   0.0103 105.2480    13.455    0.04   30.8   10.507    0.10   11.5    7.586    0.16    7.0  
 49.2077910 -13.6756380  5.990    -9.99    -99.9990  -9.9900 -99.9990    -9.990   -9.99   -9.9    -99.9990  -9.9900 -99.9990    -9.990   -9.99   -9.9   -9.990   -9.99   -9.9   -9.990   -9.99   -9.9
 49.2934283 -26.5543637  5.940    0.436     17.9278   0.0985  10.5344    18.054    0.18    5.9    -99.9990  -9.9900 -99.9990    17.467    0.42    2.6   12.931    0.00    0.6    9.588    0.00   -0.7  
 49.9235833 -10.1461111  6.830    0.515     17.1023   0.0507  20.9334    17.047    0.09   11.6     16.0957   0.0788  13.2901    16.233    0.17    6.4   12.124    0.00    0.9    8.900    0.00   -0.9  
 50.4794583   0.4948335  5.040    -9.99    -99.9990  -9.9900 -99.9990    -9.990   -9.99   -9.9    -99.9990  -9.9900 -99.9990    -9.990   -9.99   -9.9   -9.990   -9.99   -9.9   -9.990   -9.99   -9.9
 50.9180833 -47.0222583  6.250    1.127     17.9028   0.0765  13.7039    18.053    0.19    5.7     17.1598   0.1460   6.9481    17.104    0.29    3.7   12.716    0.00    0.7    9.012    0.00    0.9  
 52.1479420 -32.8896780  5.860    0.504     16.9785   0.0413  25.7967    16.900    0.07   14.9     16.1180   0.0708  14.8477    16.191    0.13    8.4   12.961    0.00    0.7    9.281    0.00    0.8  
 52.6163333 -40.4212222  6.250    -9.99     17.4960   0.0602  17.5352    -9.990   -9.99   -9.9    -99.9990  -9.9900 -99.9990    -9.990   -9.99   -9.9   -9.990   -9.99   -9.9   -9.990   -9.99   -9.9
 53.9605244 -15.7956943  5.870    -9.99     17.7454   0.0881  11.8349    -9.990   -9.99   -9.9     16.6231   0.1201   8.5490    -9.990   -9.99   -9.9   -9.990   -9.99   -9.9   -9.990   -9.99   -9.9
 54.6221249   0.3656388  5.030    0.174     16.7812   0.0426  24.9908    17.012    0.12    8.8     16.1741   0.0935  11.1145    16.637    0.31    3.5   12.064    0.00    0.7    8.896    0.00    0.6  
 55.4243750  -0.8035444  5.680    -9.99     17.2734   0.0640  16.4698    -9.990   -9.99   -9.9     16.5345   0.1249   8.2001    -9.990   -9.99   -9.9   -9.990   -9.99   -9.9   -9.990   -9.99   -9.9
 56.7168500 -16.4769100  5.990    0.876     16.6386   0.0349  30.6365    16.800    0.09   12.2     15.7132   0.0567  18.6522    15.865    0.14    7.8   12.635    0.00   -1.1    9.023    0.00   -0.2  
 57.4974999   0.5676388  5.200    -9.99     18.1237   0.1447   7.0153    -9.990   -9.99   -9.9    -99.9990  -9.9900 -99.9990    -9.990   -9.99   -9.9   -9.990   -9.99   -9.9   -9.990   -9.99   -9.9
 58.4572136   1.0679614  6.070    0.457     16.8637   0.0474  22.4250    16.646    0.09   11.5     16.3057   0.1046   9.8886    16.285    0.24    4.5   11.920    0.00    1.5    8.348    0.00    1.0  
 60.5528945  24.8567857  6.180    1.165     16.5131   0.0361  29.5692    16.470    0.09   12.6     15.8790   0.0756  13.8774    16.066    0.21    5.1   12.019    0.00    0.9    8.838    0.00    0.3  
 62.0801250 -56.5413389  6.030    1.068     17.3748   0.0418  25.4682    17.734    0.12    9.3     16.5722   0.0755  13.8923    16.841    0.18    5.9   12.756    0.00    1.2    9.483    0.00    0.3  
 62.5134583 -44.2446389  6.210    0.801     17.3948   0.0499  21.2459    17.272    0.09   12.8     16.9291   0.1200   8.5587    16.913    0.22    5.0   12.970    0.00    0.5    9.037    0.00    0.8  
 62.8692910  -9.1305000  6.810    0.516     16.8247   0.0429  24.8148    16.780    0.09   11.5     16.0512   0.0786  13.3142    16.252    0.19    5.7   12.622    0.00   -0.8    8.746    0.00    0.5  
 65.0472500 -44.8899444  6.070    0.508     17.3254   0.0452  23.5294    17.216    0.08   13.7     16.4940   0.0799  13.0909    16.822    0.20    5.4   12.428    0.00    1.6    9.055    0.00    0.7  
 65.4085370 -26.9543351  6.140    1.079     16.3072   0.0257  41.8207    16.314    0.06   17.6     15.8590   0.0618  17.0636    15.656    0.10   10.5   12.766    0.53    2.0    8.611    0.00    1.3  
 65.5041465 -19.4579685  6.120    0.339     16.0220   0.0210  51.1906    15.969    0.05   21.1     15.0467   0.0319  33.5141    15.083    0.07   15.8   12.070    0.31    3.5    8.894    0.43    2.5  
 69.9461660  16.5710277  6.510    0.226     13.9821   0.0051 212.3651    13.979    0.03   38.0     13.2759   0.0090 120.1732    13.244    0.03   33.8   10.276    0.09   12.4    7.165    0.12    8.7  
 71.0322143  -4.5591868  5.890    -9.99     17.3541   0.0624  16.9150    -9.990   -9.99   -9.9     16.7159   0.1327   7.6931    -9.990   -9.99   -9.9   -9.990   -9.99   -9.9   -9.990   -9.99   -9.9
 71.4507500  -2.3332900  5.690    0.126     16.2425   0.0248  43.2436    16.246    0.06   19.3     15.6753   0.0565  18.7382    15.563    0.11   10.1   11.681    0.00    1.3    8.669    0.48    2.3  
 73.5074500 -44.8086400  6.090    0.467     17.1742   0.0396  26.8998    16.976    0.07   14.4     16.5425   0.0825  12.6705    16.284    0.14    7.8   12.573    0.00    1.0    8.645    0.00    2.0  
 75.9356600  -7.5061300  5.880    0.416     17.1667   0.0575  18.3772    16.998    0.12    9.5     16.4986   0.1129   9.1299    16.243    0.21    5.3   11.847    0.32    3.4    8.154    0.00    1.6  
 89.9394446 -15.5833895  6.050    0.221     15.5151   0.0141  76.7374    15.521    0.04   25.2     14.5213   0.0204  52.6870    14.543    0.05   22.8   12.067    0.28    3.9    9.030    0.00    0.3  
106.6099580  29.3515277  6.580    0.861     15.9408   0.0220  48.8152    15.927    0.06   18.8     15.3470   0.0464  22.9085    15.187    0.09   12.3   12.427    0.48    2.2    8.537    0.34    3.2  
108.4429416   8.9257369  5.920    0.164     16.0183   0.0231  46.4520    15.994    0.06   19.2     15.1230   0.0386  27.5979    15.175    0.09   11.6   12.528    0.54    2.0    8.303    0.00    1.1  
112.7630300  44.9970700  5.010    0.523     15.9182   0.0201  53.4560    15.824    0.05   22.3     15.3860   0.0443  23.9944    15.300    0.09   11.5   11.792    0.25    4.4    8.309    0.00    1.7  
115.4780000  25.3415694  5.190    0.152     14.7280   0.0086 125.4479    14.778    0.03   32.1     13.8709   0.0139  77.5181    13.811    0.04   26.2   11.590    0.24    4.5    8.373    0.34    3.2  
116.9549166  11.8979055  5.260    0.066     14.5937   0.0076 141.7307    14.641    0.03   35.4     13.7802   0.0127  85.0517    13.791    0.04   28.6   11.358    0.22    5.0    8.786    0.51    2.1  
119.0755812  41.0690592  5.060    0.383     16.8361   0.0447  23.8204    16.814    0.10   11.3     16.1390   0.0871  11.9701    16.385    0.23    4.8   11.856    0.00    1.7    8.629    0.00    1.1  
120.7725830  31.6428333  6.380    0.309     16.9738   0.0527  20.1150    17.344    0.16    6.9     16.4641   0.1229   8.3425    16.447    0.28    3.9   12.053    0.00    0.8    8.709    0.40    2.7  
122.7263086  51.0944730  5.820    0.120     16.8969   0.0442  24.0909    16.943    0.10   10.7     16.1582   0.0845  12.3525    15.866    0.14    7.6   12.362    0.00    0.7    8.995    0.00    0.1  
123.2034166   4.6823722  5.290    0.221     16.3326   0.0301  35.6341    16.306    0.07   15.5     15.4131   0.0507  20.9344    15.546    0.14    8.0   12.436    0.00   -0.1    8.683    0.00   -0.7  
124.6141845  17.3811127  6.020    -9.99     15.6122   0.0170  63.2628    -9.990   -9.99   -9.9     14.8751   0.0316  33.8409    -9.990   -9.99   -9.9   -9.990   -9.99   -9.9   -9.990   -9.99   -9.9
126.2250634  13.0380490  5.150    0.870     16.5212   0.0367  29.0552    16.433    0.08   13.1     15.6192   0.0616  17.1252    15.858    0.18    6.2   11.942    0.00    1.1    8.156    0.00    1.5  
127.0558622  26.5654140  6.050    -9.99     16.7144   0.0416  25.6121    -9.990   -9.99   -9.9     16.0946   0.0886  11.7613    -9.990   -9.99   -9.9   -9.990   -9.99   -9.9   -9.990   -9.99   -9.9
127.2817406   3.0657009  5.850    0.273     17.4249   0.0712  14.7599    17.371    0.17    6.5     16.5593   0.1281   7.9863    16.527    0.28    3.9   12.447    0.00    0.0    8.500    0.00    0.7  
127.3832080  41.2945555  6.770    0.475     17.2460   0.0609  17.3209    17.264    0.14    7.5     16.6034   0.1283   7.9744    16.154    0.19    5.7   12.464    0.00    0.2    9.025    0.00    0.1  
127.3879166  25.1126667  5.350    0.226     16.7066   0.0417  25.5520    16.753    0.10   10.6     15.8611   0.0758  13.8362    15.836    0.18    6.1   11.625    0.00    1.9    8.240    0.00    1.6  
128.3235833  27.4413889  5.020    0.522     17.1091   0.0581  18.2059    17.172    0.13    8.1     16.6346   0.1466   6.9181    16.640    0.30    3.7   11.936    0.00    1.4    8.795    0.00    0.4  
128.5036667   2.1963611  6.150    -9.99    -99.9990  -9.9900 -99.9990    -9.990   -9.99   -9.9    -99.9990  -9.9900 -99.9990    -9.990   -9.99   -9.9   -9.990   -9.99   -9.9   -9.990   -9.99   -9.9
128.8573333  32.2979444  5.890    -9.99     18.0212   0.1257   8.1457    -9.990   -9.99   -9.9     16.8501   0.1706   5.8792    -9.990   -9.99   -9.9   -9.990   -9.99   -9.9   -9.990   -9.99   -9.9
128.9765132   5.6314046  5.070    -9.99     16.4048   0.0302  35.3899    -9.990   -9.99   -9.9     15.7400   0.0640  16.4735    -9.990   -9.99   -9.9   -9.990   -9.99   -9.9   -9.990   -9.99   -9.9
129.1827665   0.9147934  5.810    0.142     15.2677   0.0120  89.9035    15.303    0.04   26.8     14.4345   0.0207  52.0419    14.416    0.05   21.0   12.571    0.53    2.0    9.006    0.00    0.0  
129.4076660  49.4834444  6.710    0.478     17.2543   0.0611  17.2817    17.082    0.11    9.5     16.0040   0.0743  14.1197    15.797    0.12    8.8   12.578    0.00    0.4    9.155    0.00   -0.2  
129.9453330  39.0031944  6.910    0.336     16.4210   0.0312  34.2581    16.641    0.09   12.5     15.6984   0.0609  17.3271    15.623    0.12    8.8   12.247    0.00    0.6    8.586    0.00    0.7  
129.9806500   0.2650583  5.840    1.037     17.6069   0.0866  12.0383    17.455    0.18    6.0     16.9208   0.1696   5.9145    16.561    0.00    1.8   12.462    0.50    2.2    8.957    0.00   -0.5  
130.1462615  56.4056176  5.840    0.320     16.8173   0.0422  25.2109    16.757    0.14    8.0     16.1939   0.0852  12.2506    15.963    0.22    4.9   12.361    0.00    0.1    8.473    0.00    1.5  
130.3313231  29.0845966  5.980    0.544     17.1866   0.0650  16.2100    17.214    0.16    6.8     16.4011   0.1200   8.5606    16.261    0.24    4.4   12.288    0.00    0.4    9.073    0.00   -1.5  
130.6226384  12.3140508  6.070    0.718     16.3351   0.0292  36.7263    16.223    0.07   16.3     15.7472   0.0670  15.7124    15.971    0.17    6.2   12.353    0.43    2.5    9.022    0.00    0.0  
131.0358750  -1.5379167  6.180    -9.99    -99.9990  -9.9900 -99.9990    -9.990   -9.99   -9.9    -99.9990  -9.9900 -99.9990    -9.990   -9.99   -9.9   -9.990   -9.99   -9.9   -9.990   -9.99   -9.9
131.1316666  -0.8818333  6.250    -9.99    -99.9990  -9.9900 -99.9990    -9.990   -9.99   -9.9    -99.9990  -9.9900 -99.9990    -9.990   -9.99   -9.9   -9.990   -9.99   -9.9   -9.990   -9.99   -9.9
131.6160038   8.0143655  5.000    0.267     16.9038   0.0471  22.5659    17.091    0.14    8.1     16.3865   0.1098   9.3952    16.286    0.22    4.9   12.093    0.00    0.7    8.741    0.00    0.3  
132.6173333  -5.1019167  5.360    -9.99     17.4382   0.0761  13.7799    -9.990   -9.99   -9.9     16.3371   0.1026  10.0950    -9.990   -9.99   -9.9   -9.990   -9.99   -9.9   -9.990   -9.99   -9.9
132.7010255  32.7799831  5.870    0.252     16.7028   0.0386  27.6055    16.734    0.09   12.3     15.9698   0.0775  13.5210    15.645    0.15    7.2   11.959    0.00    1.0    8.592    0.00    1.3  
133.4535000   1.6530555  6.010    -9.99    -99.9990  -9.9900 -99.9990    -9.990   -9.99   -9.9    -99.9990  -9.9900 -99.9990    -9.990   -9.99   -9.9   -9.990   -9.99   -9.9   -9.990   -9.99   -9.9
133.6265512  20.9474547  5.170    0.250     16.2390   0.0274  39.0956    16.210    0.07   15.4     15.4875   0.0555  19.0652    15.165    0.10   10.8   11.648    0.00    1.9    8.842    0.00   -1.2  
134.4105416   0.9368611  6.350    -9.99    -99.9990  -9.9900 -99.9990    -9.990   -9.99   -9.9    -99.9990  -9.9900 -99.9990    -9.990   -9.99   -9.9   -9.990   -9.99   -9.9   -9.990   -9.99   -9.9
134.5562917   0.0158611  5.990    -9.99     18.3912   0.1672   6.0078    -9.990   -9.99   -9.9    -99.9990  -9.9900 -99.9990    -9.990   -9.99   -9.9   -9.990   -9.99   -9.9   -9.990   -9.99   -9.9
134.7799583   0.3821944  6.390    -9.99    -99.9990  -9.9900 -99.9990    -9.990   -9.99   -9.9    -99.9990  -9.9900 -99.9990    -9.990   -9.99   -9.9   -9.990   -9.99   -9.9   -9.990   -9.99   -9.9
135.3860431  16.2518985  5.630    -9.99     17.6226   0.0938  11.0815    -9.990   -9.99   -9.9    -99.9990  -9.9900 -99.9990    -9.990   -9.99   -9.9   -9.990   -9.99   -9.9   -9.990   -9.99   -9.9
135.6906706   8.8544229  5.210    -9.99     16.7495   0.0428  24.8876    -9.990   -9.99   -9.9     15.8551   0.0721  14.5696    -9.990   -9.99   -9.9   -9.990   -9.99   -9.9   -9.990   -9.99   -9.9
135.7286250   1.9196944  6.010    -9.99    -99.9990  -9.9900 -99.9990    -9.990   -9.99   -9.9    -99.9990  -9.9900 -99.9990    -9.990   -9.99   -9.9   -9.990   -9.99   -9.9   -9.990   -9.99   -9.9
135.8111666   2.1911944  5.920    -9.99    -99.9990  -9.9900 -99.9990    -9.990   -9.99   -9.9    -99.9990  -9.9900 -99.9990    -9.990   -9.99   -9.9   -9.990   -9.99   -9.9   -9.990   -9.99   -9.9
135.8704568 -13.8336863  5.910    -9.99     17.3588   0.0678  15.5158    -9.990   -9.99   -9.9     16.4681   0.1124   9.1678    -9.990   -9.99   -9.9   -9.990   -9.99   -9.9   -9.990   -9.99   -9.9
136.4360416   3.0163333  6.270    -9.99    -99.9990  -9.9900 -99.9990    -9.990   -9.99   -9.9    -99.9990  -9.9900 -99.9990    -9.990   -9.99   -9.9   -9.990   -9.99   -9.9   -9.990   -9.99   -9.9
136.6281250  69.5085555  5.470    0.222     16.6990   0.0335  31.8952    16.690    0.08   14.3     15.8171   0.0557  18.9834    15.847    0.12    9.1   12.692    0.49    2.2    8.628    0.00    1.4  
137.3395833   4.6785833  6.150    -9.99    -99.9990  -9.9900 -99.9990    -9.990   -9.99   -9.9    -99.9990  -9.9900 -99.9990    -9.990   -9.99   -9.9   -9.990   -9.99   -9.9   -9.990   -9.99   -9.9
137.5567910  16.9416111  6.720    1.063     17.5037   0.0821  12.7327    17.525    0.20    5.4    -99.9990  -9.9900 -99.9990    16.547    0.00    1.6   12.411    0.00    0.3    9.059    0.00    0.0  
137.7272080  -4.2352222  6.630    0.365     16.8579   0.0433  24.5681    16.793    0.10   11.3     15.9898   0.0748  14.0162    15.860    0.15    7.1   12.314    0.00    0.3    9.134    0.00   -0.9  
137.8094583   1.8720556  6.070    -9.99    -99.9990  -9.9900 -99.9990    -9.990   -9.99   -9.9    -99.9990  -9.9900 -99.9990    -9.990   -9.99   -9.9   -9.990   -9.99   -9.9   -9.990   -9.99   -9.9
138.3189635  59.3226888  5.120    -9.99     17.0770   0.0498  21.3165    -9.990   -9.99   -9.9    -99.9990  -9.9900 -99.9990    -9.990   -9.99   -9.9   -9.990   -9.99   -9.9   -9.990   -9.99   -9.9
138.9318420  49.4046241  5.190    0.129     16.4674   0.0307  34.8542    16.409    0.07   16.2     15.6236   0.0539  19.6502    15.541    0.10   10.8   12.421    0.44    2.5    8.807    0.00    0.5  
139.4914907  38.5111550  5.110    0.591     17.5866   0.0782  13.3933    17.396    0.17    6.6     16.8581   0.1558   6.4795    16.799    0.00    1.3   12.636    0.00   -0.4    8.788    0.00   -0.8  
139.6382083   1.6564722  6.190    -9.99    -99.9990  -9.9900 -99.9990    -9.990   -9.99   -9.9    -99.9990  -9.9900 -99.9990    -9.990   -9.99   -9.9   -9.990   -9.99   -9.9   -9.990   -9.99   -9.9
140.3356667   0.1230278  6.560    -9.99     17.3891   0.0733  14.3107    -9.990   -9.99   -9.9    -99.9990  -9.9900 -99.9990    -9.990   -9.99   -9.9   -9.990   -9.99   -9.9   -9.990   -9.99   -9.9
140.5700563  26.8997376  5.050    0.548     17.0321   0.0522  20.3008    16.979    0.12    8.7     16.6043   0.1319   7.7393    16.391    0.25    4.3   11.937    0.00    0.9    8.730    0.00   -0.2  
140.9032672  30.1637729  5.070    -9.99     17.4799   0.0754  13.9035    -9.990   -9.99   -9.9     16.6161   0.1320   7.7345    -9.990   -9.99   -9.9   -9.990   -9.99   -9.9   -9.990   -9.99   -9.9
140.9463333   4.0484444  6.600    0.708     16.5313   0.0351  30.4439    16.360    0.07   14.7     15.7683   0.0660  15.9651    15.861    0.16    6.9   11.955    0.00    1.3    8.404    0.00    1.2  
141.8409198  20.0232334  5.770    0.580     16.9077   0.0491  21.6287    16.697    0.11    9.9     16.5788   0.1417   7.1728    16.873    0.42    2.6   11.858    0.00    1.6    8.425    0.00    1.0  
143.2073307  12.3682803  5.020    -9.99    -99.9990  -9.9900 -99.9990    -9.990   -9.99   -9.9     16.5370   0.1277   8.0113    -9.990   -9.99   -9.9   -9.990   -9.99   -9.9   -9.990   -9.99   -9.9
143.8471250  -2.1317778  5.320    0.686     16.8465   0.0461  23.0730    17.136    0.14    7.6     16.0548   0.0839  12.4508    16.483    0.27    4.0   12.603    0.00   -0.1    9.155    0.00   -1.0  
147.2306816  21.1087694  5.170    0.343     17.1137   0.0583  18.1177    17.050    0.13    8.2     16.4735   0.1234   8.3054    16.710    0.36    3.0   12.281    0.00    0.2    8.760    0.00    0.0  
149.2819880   6.1832069  5.140    0.214     16.0337   0.0226  47.5937    16.179    0.07   16.1     15.4645   0.0506  20.9504    15.544    0.12    8.7   11.918    0.00    1.8    8.434    0.00    1.4  
149.3008333  10.2718055  5.140    0.869     17.2231   0.0630  16.7483    16.971    0.12    8.9     16.5319   0.1261   8.1210    16.250    0.24    4.5   12.178    0.41    2.6    8.857    0.51    2.1  
149.3661115   5.3181323  5.180    -9.99     16.8768   0.0467  22.7286    -9.990   -9.99   -9.9     16.4162   0.1147   8.9768    -9.990   -9.99   -9.9   -9.990   -9.99   -9.9   -9.990   -9.99   -9.9
149.4182917   0.8926667  6.050    -9.99    -99.9990  -9.9900 -99.9990    -9.990   -9.99   -9.9    -99.9990  -9.9900 -99.9990    -9.990   -9.99   -9.9   -9.990   -9.99   -9.9   -9.990   -9.99   -9.9
149.5584510  35.4135633  5.120    -9.99     16.6844   0.0360  29.6245    -9.990   -9.99   -9.9     16.2647   0.0930  11.1866    -9.990   -9.99   -9.9   -9.990   -9.99   -9.9   -9.990   -9.99   -9.9
149.7837500   2.4520444  5.070    -9.99    -99.9990  -9.9900 -99.9990    -9.990   -9.99   -9.9    -99.9990  -9.9900 -99.9990    -9.990   -9.99   -9.9   -9.990   -9.99   -9.9   -9.990   -9.99   -9.9
150.1823993  21.0574094  5.070    0.090     16.5737   0.0372  28.7173    16.590    0.09   11.9     15.8464   0.0719  14.6049    15.898    0.17    6.5   12.176    0.45    2.4    8.443    0.00    1.2  
150.2145833   2.5826333  5.300    -9.99    -99.9990  -9.9900 -99.9990    -9.990   -9.99   -9.9    -99.9990  -9.9900 -99.9990    -9.990   -9.99   -9.9   -9.990   -9.99   -9.9   -9.990   -9.99   -9.9
151.0056667   2.6585278  6.410    -9.99    -99.9990  -9.9900 -99.9990    -9.990   -9.99   -9.9    -99.9990  -9.9900 -99.9990    -9.990   -9.99   -9.9   -9.990   -9.99   -9.9   -9.990   -9.99   -9.9
151.5608750  -3.1751111  5.550    0.305     16.2870   0.0276  38.8146    16.200    0.06   17.7     15.5015   0.0527  20.1127    15.697    0.16    6.7   12.305    0.00    0.2    8.400    0.00    1.4  
153.4013916  42.6740006  5.030    0.261     17.2020   0.0527  20.1188    17.047    0.11    9.6     16.7869   0.1380   7.3769    16.416    0.24    4.5   11.978    0.00    1.7    8.608    0.00    1.2  
155.5079583   8.0228333  5.360    1.734     15.9562   0.0230  46.8102    15.461    0.05   22.9     14.8929   0.0323  33.1593    14.891    0.08   13.4   11.474    0.22    5.0    8.411    0.00    0.7  
155.5418621  22.8737350  5.470    0.601     15.8015   0.0179  60.1787    15.912    0.06   19.5     14.8318   0.0284  37.7024    14.814    0.07   15.6   12.448    0.49    2.2    8.522    0.00    0.4  
156.5984527  25.7165127  5.250    0.262     16.6887   0.0385  27.6792    16.675    0.10   10.9     15.7094   0.0619  17.0591    15.690    0.14    8.0   12.076    0.00    0.7    8.444    0.00    1.5  
157.1393988   7.7719322  5.150    0.375     16.8782   0.0477  22.2613    16.782    0.11    9.5     16.1813   0.1011  10.2496    16.202    0.33    3.2   12.058    0.00    0.4    8.302    0.00    0.8  
157.6129585   5.4152946  6.310    0.576     16.5129   0.0356  29.9808    16.577    0.09   12.1     15.7341   0.0670  15.7063    15.571    0.15    7.4   12.050    0.00    0.8    8.484    0.00    0.7  
157.9070364  -2.6599073  5.880    0.207     16.9497   0.0485  21.8707    16.840    0.11    9.9     16.2136   0.0975  10.6433    16.203    0.22    5.0   12.007    0.00    1.3    9.017    0.00   -0.2  
158.5597083  57.3743611  5.400    -9.99    -99.9990  -9.9900 -99.9990    -9.990   -9.99   -9.9    -99.9990  -9.9900 -99.9990    -9.990   -9.99   -9.9   -9.990   -9.99   -9.9   -9.990   -9.99   -9.9
158.5777050  20.5500594  5.010    0.356     15.8253   0.0192  55.9378    15.873    0.06   19.4     15.1333   0.0387  27.5490    15.150    0.09   11.8   11.974    0.34    3.2    8.418    0.44    2.5  
158.6938000 -14.4211000  6.070    0.407     15.9470   0.0214  50.2652    15.856    0.05   20.6     15.1857   0.0402  26.4836    15.135    0.08   13.3   11.421    0.18    5.9    8.148    0.00    2.0  
159.2257910  -2.5438734  6.380    0.578     16.8303   0.0458  23.2103    16.739    0.09   11.6     15.7125   0.0637  16.5463    15.705    0.13    8.2   12.475    0.51    2.1    8.898    0.00   -0.4  
160.2025000 -11.9306111  5.440    -9.99    -99.9990  -9.9900 -99.9990    -9.990   -9.99   -9.9    -99.9990  -9.9900 -99.9990    -9.990   -9.99   -9.9   -9.990   -9.99   -9.9   -9.990   -9.99   -9.9
160.8966374  10.1762712  5.080    0.960     17.8461   0.1129   9.1266    17.538    0.20    5.4     16.7764   0.1670   6.0127    16.488    0.00    1.8   12.441    0.00    0.0    8.719    0.00   -0.7  
161.1376700  -1.4172777  5.780    0.061     16.2186   0.0261  41.0786    16.349    0.07   14.6     15.5956   0.0563  18.8022    15.632    0.14    8.0   12.453    0.52    2.1    9.018    0.54    2.0  
162.0829167  -1.1611694  6.630    0.769     15.6791   0.0171  62.8259    15.544    0.05   23.5     15.5253   0.0539  19.6557    15.267    0.11   10.0   11.968    0.00    0.9    8.932    0.00   -0.5  
162.1530410  33.6632388  5.610    0.425     17.3077   0.0609  17.3222    17.030    0.11    9.9     16.5625   0.1179   8.7161    16.513    0.24    4.4   12.293    0.00    0.6    9.010    0.00   -0.3  
162.1877710  46.6218184  6.230    0.349     16.2526   0.0246  43.7052    16.349    0.06   18.3     15.7205   0.0554  19.0951    15.858    0.12    8.7   12.052    0.00    1.8    8.661    0.00    0.9  
162.6519480  58.0735236  5.160    0.268     16.5020   0.0286  37.4960    16.569    0.07   14.5     15.6479   0.0495  21.4170    15.869    0.14    8.0   12.735    0.53    2.1    9.140    0.00    0.0  
163.3457870  58.0700362  5.260    0.376     16.6747   0.0328  32.5856    16.886    0.09   12.5     15.9907   0.0655  16.0700    15.959    0.13    8.5   12.223    0.00    1.4    8.908    0.34    3.2  
163.5221660  46.6250694  5.470    0.363     16.7037   0.0351  30.4370    16.741    0.08   13.1     15.9490   0.0648  16.2533    15.913    0.13    8.2   12.147    0.00    1.6    8.815    0.36    3.0  
163.6892965  16.5603856  5.130    -9.99     16.0056   0.0226  47.4722    -9.990   -9.99   -9.9     15.2984   0.0451  23.5912    -9.990   -9.99   -9.9   -9.990   -9.99   -9.9   -9.990   -9.99   -9.9
164.8692000  -9.1056666  5.920    1.480     17.5507   0.0795  13.1716    17.383    0.17    6.3     16.7578   0.1489   6.8031    16.413    0.25    4.3   12.396    0.50    2.2    8.315    0.00    1.5  
165.3931661   5.5260737  5.000    0.777     16.5855   0.0386  27.6267    16.368    0.08   13.9     16.1400   0.0947  10.9685    16.004    0.19    5.8   11.882    0.00    1.2    8.533    0.44    2.5  
166.0899580  21.5746666  6.740    1.132     17.2253   0.0594  17.7893    17.310    0.16    7.0     16.5316   0.1239   8.2695    16.173    0.21    5.2   12.650    0.00   -1.2    8.858    0.00   -0.7  
167.4726271  56.9521143  5.950    -9.99     17.8515   0.0865  12.0577    -9.990   -9.99   -9.9    -99.9990  -9.9900 -99.9990    -9.990   -9.99   -9.9   -9.990   -9.99   -9.9   -9.990   -9.99   -9.9
167.6415660 -13.4959995  6.510    -9.99     17.7961   0.1026  10.0879    -9.990   -9.99   -9.9    -99.9990  -9.9900 -99.9990    -9.990   -9.99   -9.9   -9.990   -9.99   -9.9   -9.990   -9.99   -9.9
169.8360000  34.8800300  5.010    0.531     16.7655   0.0371  28.7882    16.606    0.07   15.6     16.0620   0.0732  14.3352    16.273    0.18    6.1   12.295    0.00    0.8    8.618    0.00    0.7  
170.0061600   6.6900833  7.080    0.434     16.9385   0.0497  21.3429    16.914    0.11    9.6     16.4745   0.1274   8.0317    16.082    0.20    5.3   12.352    0.00    0.2    8.200    0.00    1.0  
170.7085131  13.7101245  5.190    0.870     17.4733   0.0774  13.5261    17.374    0.16    6.8     16.7858   0.1571   6.4247    16.839    0.00    1.0   12.516    0.00   -0.4    8.639    0.00    0.9  
170.7964583  -0.7385111  5.000    0.203     17.1031   0.0577  18.3152    17.057    0.13    8.2     16.4358   0.1179   8.7175    16.640    0.32    3.4   12.175    0.00    0.6    8.921    0.00   -1.7  
171.3171439  44.8124751  5.110    0.187     16.0855   0.0208  51.8345    16.140    0.06   19.2     15.4124   0.0416  25.6196    15.406    0.09   12.1   12.463    0.39    2.8    8.349    0.00    1.8  
171.6582060  17.5829312  5.220    0.666     16.6707   0.0385  27.7134    16.601    0.09   12.3     15.8863   0.0725  14.4857    15.931    0.17    6.3   11.831    0.00    1.0    8.635    0.00    0.5  
172.1770011  26.8866654  5.770    1.360     17.1618   0.0549  19.2645    17.178    0.14    7.9     16.5996   0.1252   8.1808    16.701    0.31    3.5   12.305    0.00    0.6    8.402    0.00   -0.3  
172.2410328  57.9860676  5.000    0.519     16.5220   0.0296  36.1632    16.636    0.08   13.0     15.9675   0.0655  16.0746    15.835    0.14    7.7   12.429    0.38    2.9    9.044    0.00    0.1  
173.1937500  12.1504722  5.170    0.321     16.0284   0.0223  48.1455    16.136    0.07   15.8     15.2574   0.0436  24.4054    15.365    0.11   10.1   11.726    0.29    3.8    8.391    0.00    1.2  
173.2865833  16.0654722  5.610    1.856     16.3241   0.0278  38.5224    16.432    0.08   14.2     15.6342   0.0573  18.4366    15.865    0.15    7.1   12.099    0.00    1.3    8.803    0.00    0.1  
173.5592917   8.4814722  5.690    0.559     16.3810   0.0325  32.8661    16.382    0.08   13.9     15.1294   0.0403  26.4632    15.119    0.09   12.3   12.244    0.41    2.7    8.204    0.00    1.4  
173.7872080  50.1924999  6.580    0.469     17.2323   0.0515  20.5820    17.283    0.12    8.7     16.4588   0.0961  10.8010    16.543    0.23    4.8   12.268    0.00    1.2    8.749    0.00    0.8  
174.3238678  35.8324586  6.030    0.214     16.4334   0.0280  38.2632    16.458    0.07   15.9     15.7254   0.0568  18.6311    15.890    0.14    7.6   11.931    0.00    1.2    8.726    0.00    0.8  
174.7920407 -12.2845492  5.810    0.579     17.1272   0.0563  18.7819    17.025    0.12    8.7     16.5593   0.1348   7.5639    15.910    0.16    6.8   12.504    0.00    0.0    8.716    0.00    0.1  
175.4091843 -20.2654580  5.690    1.535     16.7802   0.0426  25.0117    16.474    0.08   13.9     15.8649   0.0730  14.3779    16.345    0.26    4.3   12.051    0.00    0.3    8.114    0.00    0.7  
175.9097797  38.1413398  5.800    0.479     16.8775   0.0400  26.6653    16.930    0.10   11.1     16.1355   0.0774  13.5281    16.027    0.16    6.7   12.801    0.00   -0.2    8.957    0.00    0.2  
176.6360833  -1.9106389  6.160    2.354     17.0706   0.0572  18.4912    17.338    0.16    6.8     16.6013   0.1389   7.3297    16.817    0.38    2.9   12.522    0.00   -1.0    8.999    0.00    0.0  
176.7017500   1.4055833  6.270    -9.99    -99.9990  -9.9900 -99.9990    -9.990   -9.99   -9.9    -99.9990  -9.9900 -99.9990    -9.990   -9.99   -9.9   -9.990   -9.99   -9.9   -9.990   -9.99   -9.9
176.7408000  40.6190700  5.010    0.206     15.8937   0.0177  60.8771    16.028    0.06   19.6     15.1753   0.0335  31.8875    15.288    0.09   11.6   12.140    0.00    1.8    8.550    0.00    1.1  
176.7453750  -0.0938056  6.300    -9.99    -99.9990  -9.9900 -99.9990    -9.990   -9.99   -9.9    -99.9990  -9.9900 -99.9990    -9.990   -9.99   -9.9   -9.990   -9.99   -9.9   -9.990   -9.99   -9.9
176.7767083  -1.1661667  5.310    0.178     16.4862   0.0345  30.9697    16.264    0.07   15.6     15.7929   0.0690  15.2322    15.697    0.14    8.0   11.947    0.34    3.2    8.691    0.42    2.6  
177.0137037   7.0356349  6.340    0.248     16.5559   0.0359  29.7832    16.388    0.08   13.6     15.6853   0.0618  17.0655    15.480    0.13    8.5   12.086    0.00    0.6    8.242    0.00    1.9  
177.0675400  52.8942500  5.700    -9.99     18.3618   0.1325   7.7051    -9.990   -9.99   -9.9    -99.9990  -9.9900 -99.9990    -9.990   -9.99   -9.9   -9.990   -9.99   -9.9   -9.990   -9.99   -9.9
177.0693757  52.8639986  6.420    0.382     16.0627   0.0194  55.3836    15.967    0.05   22.7     15.4276   0.0395  27.0171    15.452    0.08   12.9   12.558    0.45    2.4    8.906    0.47    2.3  
177.1090253  30.3386968  5.130    0.439     16.9210   0.0438  24.2845    16.841    0.10   11.3     16.3528   0.0986  10.5203    16.238    0.20    5.4   12.245    0.00    0.9    8.612    0.00    0.9  
177.1382500   0.9450722  5.840    -9.99     18.2225   0.1524   6.6352    -9.990   -9.99   -9.9    -99.9990  -9.9900 -99.9990    -9.990   -9.99   -9.9   -9.990   -9.99   -9.9   -9.990   -9.99   -9.9
177.4435417   7.8140555  5.660    0.704     17.3487   0.0725  14.4806    17.291    0.15    7.1     16.1907   0.0972  10.6751    16.033    0.18    6.0   12.547    0.00   -0.8    8.279    0.00    1.4  
178.0886300   0.9268583  6.370    -9.99    -99.9990  -9.9900 -99.9990    -9.990   -9.99   -9.9    -99.9990  -9.9900 -99.9990    -9.990   -9.99   -9.9   -9.990   -9.99   -9.9   -9.990   -9.99   -9.9
178.5594134 -12.1881893  5.830    -9.99     17.4293   0.0731  14.3621    -9.990   -9.99   -9.9     16.6294   0.1428   7.1152    -9.990   -9.99   -9.9   -9.990   -9.99   -9.9   -9.990   -9.99   -9.9
178.5829944  23.5659084  5.010    0.532     16.8101   0.0393  27.1064    16.868    0.11    9.9     15.9278   0.0699  15.0324    16.178    0.21    5.1   12.507    0.50    2.2    8.219    0.00    2.0  
178.6030599  13.6960522  5.000    0.627     16.7601   0.0419  25.4180    16.757    0.09   11.6     16.1002   0.0876  11.9084    16.007    0.17    6.2   12.559    0.00   -0.2    8.818    0.00   -1.3  
179.4516096   6.6199816  5.140    0.428     16.9730   0.0519  20.4348    16.798    0.11    9.6     16.4107   0.1178   8.7227    16.603    0.34    3.1   12.135    0.00    1.0    8.826    0.00    0.0  
180.2625833   1.5656667  6.060    -9.99    -99.9990  -9.9900 -99.9990    -9.990   -9.99   -9.9    -99.9990  -9.9900 -99.9990    -9.990   -9.99   -9.9   -9.990   -9.99   -9.9   -9.990   -9.99   -9.9
180.5324218  32.5941100  5.260    0.188     15.9851   0.0196  54.9676    16.032    0.05   20.2     15.2632   0.0377  28.3095    15.137    0.08   14.1   12.420    0.51    2.1    9.057    0.54    2.0  
180.6932083  -0.9504722  5.930    -9.99    -99.9990  -9.9900 -99.9990    -9.990   -9.99   -9.9    -99.9990  -9.9900 -99.9990    -9.990   -9.99   -9.9   -9.990   -9.99   -9.9   -9.990   -9.99   -9.9
181.1738947  -0.3637859  5.090    1.227     16.1840   0.0265  40.4564    15.935    0.06   19.8     15.2907   0.0466  22.8287    15.343    0.11   10.2   12.083    0.34    3.2    8.116    0.00    1.9  
181.2712417  -0.0077694  6.750    1.650     17.4534   0.0761  13.7710    17.278    0.15    7.2     16.7814   0.1647   6.1040    16.309    0.23    4.7   12.558    0.00   -0.1    8.829    0.00    0.3  
181.9059988   6.5028433  6.040    0.460     17.1451   0.0609  17.3240    16.995    0.13    8.3     16.3949   0.1200   8.5558    16.087    0.21    5.1   12.039    0.00    1.0    8.215    0.00    1.2  
181.9755833  -0.0981389  6.010    -9.99    -99.9990  -9.9900 -99.9990    -9.990   -9.99   -9.9    -99.9990  -9.9900 -99.9990    -9.990   -9.99   -9.9   -9.990   -9.99   -9.9   -9.990   -9.99   -9.9
182.0992500   0.1743611  5.270    -9.99     17.9114   0.1163   8.8404    -9.990   -9.99   -9.9    -99.9990  -9.9900 -99.9990    -9.990   -9.99   -9.9   -9.990   -9.99   -9.9   -9.990   -9.99   -9.9
182.2194450  21.1761023  5.060    0.211     16.0732   0.0220  48.9259    16.094    0.06   17.9     15.4256   0.0458  23.1909    15.337    0.10   10.8   12.348    0.00    0.6    8.505    0.00    0.7  
182.2467917  -2.0096667  6.200    -9.99     18.1595   0.1379   7.3812    -9.990   -9.99   -9.9    -99.9990  -9.9900 -99.9990    -9.990   -9.99   -9.9   -9.990   -9.99   -9.9   -9.990   -9.99   -9.9
182.3499583  -0.1129167  5.860    -9.99     17.4358   0.0755  13.8873    -9.990   -9.99   -9.9    -99.9990  -9.9900 -99.9990    -9.990   -9.99   -9.9   -9.990   -9.99   -9.9   -9.990   -9.99   -9.9
182.4697093  18.5297808  5.150    0.405     16.2826   0.0273  39.3027    16.108    0.06   17.6     15.6874   0.0592  17.8570    15.380    0.10   10.9   12.239    0.40    2.7    8.553    0.00    0.9  
183.1124208   5.0926361  6.440    0.746     16.9640   0.0496  21.3921    16.966    0.13    8.4     16.4215   0.1220   8.4112    16.455    0.33    3.3   12.503    0.00   -0.4    8.921    0.00   -0.7  
183.2991900 -12.7676240  5.860    0.175     16.2643   0.0288  37.2068    16.284    0.07   14.9     15.8622   0.0755  13.8911    15.837    0.15    7.0   12.420    0.00   -0.1    8.914    0.00    0.5  
183.8202986   0.3901834  5.930    -9.99    -99.9990  -9.9900 -99.9990    -9.990   -9.99   -9.9    -99.9990  -9.9900 -99.9990    -9.990   -9.99   -9.9   -9.990   -9.99   -9.9   -9.990   -9.99   -9.9
184.1149160  45.3196388  6.650    1.097     17.3298   0.0558  18.9669    17.273    0.13    8.6     16.4715   0.0970  10.7044    16.158    0.16    6.7   12.624    0.00    0.5    8.999    0.00    0.3  
184.3389334   1.5284636  6.200    1.168     17.8362   0.1070   9.6579    17.581    0.21    5.2     16.7334   0.1560   6.4737    16.260    0.00    1.3   12.147    0.00    0.0    8.193    0.00    0.8  
184.5466240  18.1307055  5.300    0.081     17.1902   0.0590  17.9046    17.354    0.15    7.1     16.3709   0.1064   9.7157    16.713    0.33    3.3   12.121    0.00    1.1    8.667    0.00    0.8  
184.7722500   0.8437500  6.010    -9.99    -99.9990  -9.9900 -99.9990    -9.990   -9.99   -9.9    -99.9990  -9.9900 -99.9990    -9.990   -9.99   -9.9   -9.990   -9.99   -9.9   -9.990   -9.99   -9.9
185.4434197  44.7577911  5.190    0.061     16.3625   0.0246  43.6976    16.304    0.06   17.6     15.5524   0.0446  23.8690    15.314    0.08   13.1   12.005    0.29    3.7    8.877    0.47    2.3  
185.6581819  19.9785907  5.130    0.124     16.3726   0.0289  37.0294    16.429    0.08   13.8     15.8177   0.0660  15.9574    15.728    0.13    8.1   12.633    0.00    0.2    8.323    0.00    1.5  
187.1047900  -2.5609033  5.770    -9.99     18.3158   0.1620   6.2145    -9.990   -9.99   -9.9    -99.9990  -9.9900 -99.9990    -9.990   -9.99   -9.9   -9.990   -9.99   -9.9   -9.990   -9.99   -9.9
187.3050336   4.3243745  5.890    -9.99    -99.9990  -9.9900 -99.9990    -9.990   -9.99   -9.9    -99.9990  -9.9900 -99.9990    -9.990   -9.99   -9.9   -9.990   -9.99   -9.9   -9.990   -9.99   -9.9
188.3894733   6.3761650  5.300    -9.99     16.4516   0.0366  29.1440    -9.990   -9.99   -9.9     15.4065   0.0534  19.8485    -9.990   -9.99   -9.9   -9.990   -9.99   -9.9   -9.990   -9.99   -9.9
189.0252080  46.9569805  5.550    0.464     16.5065   0.0284  37.8028    16.450    0.07   15.9     15.5387   0.0444  23.9683    15.484    0.10   10.3   12.319    0.34    3.2    9.095    0.49    2.2  
189.1998333  62.1615556  5.190    -9.99    -99.9990  -9.9900 -99.9990    -9.990   -9.99   -9.9    -99.9990  -9.9900 -99.9990    -9.990   -9.99   -9.9   -9.990   -9.99   -9.9   -9.990   -9.99   -9.9
190.6996629  52.2185331  5.040    0.310     16.4217   0.0246  43.6900    16.539    0.07   15.6     15.7996   0.0513  20.6641    15.823    0.12    9.1   12.482    0.00    0.4    8.638    0.00    1.4  
190.9200541  25.4899697  5.830    0.120     16.4669   0.0300  35.6918    16.701    0.09   12.4     15.4976   0.0484  21.9371    15.520    0.11   10.0   12.560    0.00   -0.3    8.808    0.00   -1.0  
192.7163615  31.5060828  6.150    1.152     16.3981   0.0276  38.8641    16.414    0.07   16.4     15.3870   0.0426  25.0024    15.375    0.09   11.8   12.115    0.00    1.4    9.020    0.53    2.1  
194.1290326  25.5476238  5.910    -9.99     16.9980   0.0461  23.0361    -9.990   -9.99   -9.9    -99.9990  -9.9900 -99.9990    -9.990   -9.99   -9.9   -9.990   -9.99   -9.9   -9.990   -9.99   -9.9
194.4894807  63.8269894  6.020    0.311     16.9440   0.0358  29.7969    16.911    0.08   13.2     16.3712   0.0793  13.2018    16.520    0.20    5.6   12.517    0.00    0.9    8.758    0.00    1.2  
196.5344701   3.9406556  6.020    0.638     16.9620   0.0514  20.6347    16.869    0.10   11.0     16.2260   0.0987  10.5108    16.438    0.00    1.9   12.274    0.38    2.9    9.088    0.00   -0.6  
197.7198013  25.5351885  5.840    2.018     17.3774   0.0618  17.0687    17.577    0.17    6.4    -99.9990  -9.9900 -99.9990    16.814    0.00    1.3   12.420    0.00    0.4    8.877    0.00    0.4  
198.6683740  54.5436694  5.520    0.388     16.5861   0.0277  38.7284    16.690    0.08   14.2     15.6816   0.0457  23.2456    15.686    0.10   10.9   12.467    0.32    3.4    9.155    0.45    2.4  
199.0339160  10.4757777  6.350    0.205     16.5428   0.0334  32.0419    16.751    0.09   12.1     15.7352   0.0613  17.2115    15.604    0.12    9.1   12.716    0.52    2.1    8.934    0.00    0.8  
199.3365833  -2.6536111  5.250    0.909     17.3736   0.0716  14.6756    17.181    0.12    8.8     16.5519   0.1286   7.9535    16.559    0.28    3.9   12.749    0.00   -0.2    9.241    0.00   -0.1  
199.7970850   9.8476434  6.130    0.585     16.9048   0.0420  25.3555    17.031    0.10   10.3     16.2509   0.0885  11.7754    16.310    0.21    5.2   12.584    0.00    0.7    8.854    0.00    0.5  
201.9221762  57.5439929  5.740    0.308     17.2774   0.0466  22.8275    17.375    0.12    8.8     16.2941   0.0734  14.3039    16.198    0.16    7.0   12.862    0.00   -0.6    9.056    0.00    0.5  
203.2393749  22.1433083  5.110    0.046     15.6000   0.0143  75.1446    15.692    0.05   23.2     14.9374   0.0287  37.3130    14.893    0.06   16.9   12.172    0.35    3.1    8.484    0.00    1.4  
203.5523482  12.3390862  5.120    0.140     16.5575   0.0331  32.2665    16.684    0.09   12.0     15.7268   0.0604  17.4796    15.631    0.12    9.2   12.398    0.37    2.9    8.897    0.00    0.5  
203.9617127  35.5543943  5.900    0.377     16.7081   0.0327  32.7056    16.714    0.07   15.6     15.9187   0.0604  17.4937    15.991    0.13    8.2   12.152    0.00    1.5    9.298    0.00   -0.2  
203.9843333  -3.4772778  5.670    1.719     15.6339   0.0168  64.2093    15.377    0.04   28.1     14.8419   0.0293  36.6154    14.668    0.06   18.4   12.285    0.34    3.2    8.710    0.00    1.0  
204.3700420  41.9277372  5.030    0.223     16.6567   0.0306  34.9453    16.571    0.07   15.0     15.9781   0.0623  16.9446    16.588    0.25    4.4   12.791    0.52    2.1    9.117    0.00    0.2  
205.0626338  39.4418596  5.030    1.141     16.2507   0.0225  47.6679    16.092    0.05   22.6     15.5612   0.0441  24.1411    15.477    0.08   13.4   12.649    0.36    3.0    8.894    0.00    1.6  
205.1676667  28.2244889  5.340    0.257     16.0776   0.0200  53.7939    16.125    0.06   19.4     15.1029   0.0310  34.5578    15.025    0.07   15.9   12.348    0.34    3.2    9.136    0.49    2.2  
205.4227500  46.1861944  5.020    0.050     17.0302   0.0449  23.7126    17.079    0.11   10.0     16.5445   0.1064   9.7127    16.292    0.20    5.5   11.962    0.00    1.8    9.165    0.00    0.2  
205.4750816  35.1682539  5.230    0.029     16.3752   0.0255  42.1017    16.289    0.06   18.8     15.5718   0.0458  23.2243    15.640    0.11    9.7   12.130    0.00    1.6    9.236    0.00   -0.2  
205.5337500   9.4773889  7.540    1.005     17.6247   0.0797  13.1330    17.471    0.15    7.4     16.9785   0.1697   5.9104    16.769    0.29    3.7   12.834    0.50    2.2    9.256    0.00   -1.1  
206.3609268  23.4970482  5.060    0.529     15.6542   0.0147  73.2285    15.479    0.04   30.4     15.0861   0.0314  34.0692    15.014    0.06   17.4   11.573    0.15    7.4    9.004    0.42    2.6  
209.2058560 -26.7083970  5.720    -9.99     16.6243   0.0383  27.8640    -9.990   -9.99   -9.9     15.5428   0.0562  18.8138    -9.990   -9.99   -9.9   -9.990   -9.99   -9.9   -9.990   -9.99   -9.9
209.4472500  53.0951389  5.320    -9.99     17.6846   0.0711  14.7792    -9.990   -9.99   -9.9    -99.9990  -9.9900 -99.9990    -9.990   -9.99   -9.9   -9.990   -9.99   -9.9   -9.990   -9.99   -9.9
210.1199583  -0.1976389  6.040    -9.99    -99.9990  -9.9900 -99.9990    -9.990   -9.99   -9.9    -99.9990  -9.9900 -99.9990    -9.990   -9.99   -9.9   -9.990   -9.99   -9.9   -9.990   -9.99   -9.9
210.1249583  -1.4225000  6.040    -9.99    -99.9990  -9.9900 -99.9990    -9.990   -9.99   -9.9    -99.9990  -9.9900 -99.9990    -9.990   -9.99   -9.9   -9.990   -9.99   -9.9   -9.990   -9.99   -9.9
210.4472342  27.8263983  6.140    0.531     17.5330   0.0696  15.1164    17.562    0.16    6.9     16.9569   0.1565   6.4510    16.982    0.35    3.1   12.338    0.00    1.2    8.992    0.00    0.9  
210.4581667  51.7195278  5.170    -9.99    -99.9990  -9.9900 -99.9990    -9.990   -9.99   -9.9    -99.9990  -9.9900 -99.9990    -9.990   -9.99   -9.9   -9.990   -9.99   -9.9   -9.990   -9.99   -9.9
210.7277720  40.4008853  6.040    -9.99     17.9236   0.0920  11.3046    -9.990   -9.99   -9.9     16.9354   0.1443   7.0358    -9.990   -9.99   -9.9   -9.990   -9.99   -9.9   -9.990   -9.99   -9.9
210.8297035   9.0474981  5.880    0.289     17.2356   0.0579  18.2702    17.284    0.12    8.7     16.7102   0.1342   7.6006    16.751    0.29    3.8   12.267    0.00    2.0    9.046    0.42    2.6  
210.8722200 -12.0094820  5.840    -9.99     18.0399   0.1305   7.8326    -9.990   -9.99   -9.9    -99.9990  -9.9900 -99.9990    -9.990   -9.99   -9.9   -9.990   -9.99   -9.9   -9.990   -9.99   -9.9
211.6213333  -1.2697778  6.330    -9.99    -99.9990  -9.9900 -99.9990    -9.990   -9.99   -9.9    -99.9990  -9.9900 -99.9990    -9.990   -9.99   -9.9   -9.990   -9.99   -9.9   -9.990   -9.99   -9.9
211.6953333  -1.7340556  6.100    -9.99    -99.9990  -9.9900 -99.9990    -9.990   -9.99   -9.9    -99.9990  -9.9900 -99.9990    -9.990   -9.99   -9.9   -9.990   -9.99   -9.9   -9.990   -9.99   -9.9
212.0955000  53.0058055  5.070    1.064     17.8780   0.0803  13.0304    17.749    0.16    6.8     16.9574   0.1335   7.6424    17.032    0.28    3.8   12.847    0.00    0.5    9.312    0.00    0.3  
212.2974337 -15.9865717  5.830    -9.99     17.8850   0.1163   8.8442    -9.990   -9.99   -9.9    -99.9990  -9.9900 -99.9990    -9.990   -9.99   -9.9   -9.990   -9.99   -9.9   -9.990   -9.99   -9.9
212.7970333  12.2936897  5.900    0.171     16.4538   0.0297  36.0980    16.594    0.07   16.2     15.4584   0.0460  23.1021    15.532    0.09   11.7   12.751    0.00    0.3    9.238    0.00   -0.1  
213.3629900 -22.5617370  5.920    0.548     16.7033   0.0412  25.8842    16.760    0.17    6.3     15.7925   0.0689  15.2559    15.635    0.19    5.7   12.227    0.42    2.6    8.589    0.00    1.9  
213.5181667  51.2599444  5.240    0.474     18.0061   0.0825  12.6603    18.111    0.21    5.1    -99.9990  -9.9900 -99.9990    17.013    0.00    1.5   13.066    0.00    0.0    9.343    0.00   -3.1  
213.6315417  57.5428055  5.160    -9.99     18.0416   0.0874  11.9333    -9.990   -9.99   -9.9     17.1670   0.1482   6.8373    -9.990   -9.99   -9.9   -9.990   -9.99   -9.9   -9.990   -9.99   -9.9
213.6647500   1.5101389  5.940    -9.99    -99.9990  -9.9900 -99.9990    -9.990   -9.99   -9.9    -99.9990  -9.9900 -99.9990    -9.990   -9.99   -9.9   -9.990   -9.99   -9.9   -9.990   -9.99   -9.9
213.6950833  54.7755000  5.420    -9.99    -99.9990  -9.9900 -99.9990    -9.990   -9.99   -9.9    -99.9990  -9.9900 -99.9990    -9.990   -9.99   -9.9   -9.990   -9.99   -9.9   -9.990   -9.99   -9.9
213.7329225 -13.4803543  5.780    -9.99     17.6369   0.0935  11.1210    -9.990   -9.99   -9.9     16.8006   0.1683   5.9642    -9.990   -9.99   -9.9   -9.990   -9.99   -9.9   -9.990   -9.99   -9.9
214.0529583   0.2628333  6.030    -9.99    -99.9990  -9.9900 -99.9990    -9.990   -9.99   -9.9    -99.9990  -9.9900 -99.9990    -9.990   -9.99   -9.9   -9.990   -9.99   -9.9   -9.990   -9.99   -9.9
214.2208750   1.7839444  6.070    -9.99    -99.9990  -9.9900 -99.9990    -9.990   -9.99   -9.9    -99.9990  -9.9900 -99.9990    -9.990   -9.99   -9.9   -9.990   -9.99   -9.9   -9.990   -9.99   -9.9
214.3694583   1.2867778  6.020    -9.99    -99.9990  -9.9900 -99.9990    -9.990   -9.99   -9.9    -99.9990  -9.9900 -99.9990    -9.990   -9.99   -9.9   -9.990   -9.99   -9.9   -9.990   -9.99   -9.9
214.9853750  55.8878333  5.000    -9.99    -99.9990  -9.9900 -99.9990    -9.990   -9.99   -9.9    -99.9990  -9.9900 -99.9990    -9.990   -9.99   -9.9   -9.990   -9.99   -9.9   -9.990   -9.99   -9.9
215.1514300 -16.0417350  5.730    -9.99     15.6551   0.0177  60.8806    -9.990   -9.99   -9.9     14.9010   0.0324  32.9649    -9.990   -9.99   -9.9   -9.990   -9.99   -9.9   -9.990   -9.99   -9.9
215.5009583   0.1841667  5.890    -9.99    -99.9990  -9.9900 -99.9990    -9.990   -9.99   -9.9    -99.9990  -9.9900 -99.9990    -9.990   -9.99   -9.9   -9.990   -9.99   -9.9   -9.990   -9.99   -9.9
215.8580071  13.0501956  5.020    1.422     16.1041   0.0216  49.8075    15.977    0.05   21.9     15.5533   0.0485  21.8737    15.455    0.09   11.7   12.400    0.00    1.2    8.944    0.00    1.0  
215.8821250  -0.3025278  6.130    -9.99    -99.9990  -9.9900 -99.9990    -9.990   -9.99   -9.9    -99.9990  -9.9900 -99.9990    -9.990   -9.99   -9.9   -9.990   -9.99   -9.9   -9.990   -9.99   -9.9
216.3180505  32.9026503  5.890    1.610    -99.9990  -9.9900 -99.9990    16.974    0.08   13.4     16.3511   0.0823  12.6969    16.316    0.16    6.9   12.434    0.00    1.3    8.952    0.00    1.3  
216.3238333  -0.2613611  6.180    -9.99    -99.9990  -9.9900 -99.9990    -9.990   -9.99   -9.9    -99.9990  -9.9900 -99.9990    -9.990   -9.99   -9.9   -9.990   -9.99   -9.9   -9.990   -9.99   -9.9
216.8737083  35.3691611  5.530    0.727     17.4089   0.0579  18.2560    17.388    0.12    9.3     16.5303   0.0989  10.4839    16.578    0.22    5.0   12.954    0.54    2.0    9.280    0.00   -0.9  
216.9107900  33.2116660  6.120    0.670     16.6792   0.0310  34.4874    16.817    0.08   14.4     15.8295   0.0544  19.4714    15.923    0.12    9.1   12.600    0.00    0.6    9.288    0.00    0.3  
217.0891328 -16.0453608  6.110    -9.99     16.4216   0.0330  32.3726    -9.990   -9.99   -9.9     15.7665   0.0693  15.1686    -9.990   -9.99   -9.9   -9.990   -9.99   -9.9   -9.990   -9.99   -9.9
217.2628333  -1.0787222  6.800    -9.99    -99.9990  -9.9900 -99.9990    -9.990   -9.99   -9.9    -99.9990  -9.9900 -99.9990    -9.990   -9.99   -9.9   -9.990   -9.99   -9.9   -9.990   -9.99   -9.9
217.2925833  -0.0353889  6.040    -9.99    -99.9990  -9.9900 -99.9990    -9.990   -9.99   -9.9    -99.9990  -9.9900 -99.9990    -9.990   -9.99   -9.9   -9.990   -9.99   -9.9   -9.990   -9.99   -9.9
217.4082083  33.0711667  5.390    0.658     17.8865   0.0865  12.0564    17.877    0.19    5.8     16.8511   0.1291   7.9197    17.029    0.31    3.5   12.439    0.00    1.1    9.495    0.00   -0.7  
217.4673700  54.7882490  6.180    0.971     17.3456   0.0467  22.7729    17.026    0.08   13.6     16.8492   0.1103   9.3487    17.155    0.32    3.4   12.657    0.00    0.7    9.447    0.00   -0.1  
217.9185333  -7.4120745  6.140    0.177     17.2489   0.0651  16.1732    17.182    0.12    9.1     16.3850   0.1115   9.2487    16.475    0.25    4.4   12.130    0.00    1.8    8.831    0.00    0.8  
219.0208457  21.5442366  5.220    0.261     16.5218   0.0285  37.5860    16.420    0.06   18.7     15.9371   0.0628  16.7939    15.880    0.11    9.5   12.398    0.00    1.3    8.766    0.00    1.3  
219.0489157  50.1186544  5.850    0.241     17.1991   0.0431  24.6863    17.169    0.09   12.3     16.6264   0.0962  10.7899    16.956    0.25    4.3   12.916    0.00    0.2    9.091    0.00    0.5  
219.4659379  23.3870416  5.300    0.612     16.0479   0.0195  55.2421    15.886    0.04   25.2     15.0464   0.0294  36.3808    14.974    0.06   18.3   12.401    0.00    1.9    9.533    0.00   -0.9  
219.4855833  51.8541944  5.170    -9.99    -99.9990  -9.9900 -99.9990    -9.990   -9.99   -9.9    -99.9990  -9.9900 -99.9990    -9.990   -9.99   -9.9   -9.990   -9.99   -9.9   -9.990   -9.99   -9.9
220.0054167  -1.1172778  6.130    -9.99    -99.9990  -9.9900 -99.9990    -9.990   -9.99   -9.9    -99.9990  -9.9900 -99.9990    -9.990   -9.99   -9.9   -9.990   -9.99   -9.9   -9.990   -9.99   -9.9
220.9611144  36.3875378  5.120    0.222     15.8479   0.0157  68.7455    15.897    0.04   26.6     14.9895   0.0260  41.3150    14.903    0.05   21.3   11.189    0.10   11.3    8.699    0.26    4.1  
225.1534990  28.2675083  5.550    0.131     16.4081   0.0246  43.6529    16.280    0.05   22.5     15.6213   0.0443  24.0120    15.504    0.08   14.3   12.394    0.24    4.5    8.955    0.00    1.2  
227.4240800 -17.8241110  6.120    -9.99    -99.9990  -9.9900 -99.9990    -9.990   -9.99   -9.9     15.9739   0.0917  11.3419    -9.990   -9.99   -9.9   -9.990   -9.99   -9.9   -9.990   -9.99   -9.9
227.6470542  51.8114154  5.060    0.055     16.2493   0.0187  57.4230    16.244    0.05   23.6     15.6241   0.0383  27.8674    15.597    0.07   14.8   12.776    0.34    3.2    9.546    0.00    0.3  
228.4151667   8.9018056  5.470    0.251     17.2783   0.0571  18.5037    17.280    0.13    8.4     16.6538   0.1231   8.3313    16.319    0.20    5.3   12.558    0.00    1.2    9.042    0.00    0.5  
228.6871163  21.2388264  5.920    -9.99     17.1485   0.0512  20.6886    -9.990   -9.99   -9.9     16.3335   0.0881  11.8254    -9.990   -9.99   -9.9   -9.990   -9.99   -9.9   -9.990   -9.99   -9.9
230.7620833  59.2758444  5.110    1.352     16.3464   0.0217  49.5110    15.638    0.03   32.6     15.3611   0.0296  36.2314    15.133    0.05   22.4   12.104    0.18    5.9    8.991    0.29    3.8  
230.9404191  33.7999564  5.330    0.099     16.8001   0.0320  33.4193    16.699    0.06   17.9     15.7437   0.0461  23.0346    15.626    0.08   13.9   12.760    0.00    0.9    9.245    0.00    0.7  
231.0170833   8.2775833  5.080    0.334     17.4204   0.0672  15.6550    17.638    0.19    5.8     16.5353   0.1142   9.0192    16.681    0.30    3.6   12.348    0.00    1.3    9.000    0.00    1.2  
231.6576708 -20.8335167  6.590    0.409     16.9288   0.0544  19.4670    17.209    0.15    7.3     16.2810   0.1111   9.2775    16.623    0.35    3.1   12.234    0.00    0.2    8.942    0.00   -0.3  
231.8035833   6.6894167  5.570    0.282     16.8471   0.0408  26.0870    16.700    0.08   13.5     16.2166   0.0869  12.0030    16.102    0.17    6.5   12.820    0.41    2.7    9.216    0.00    0.4  
233.7489897  13.4503941  5.040    0.849     16.0398   0.0201  53.6367    15.835    0.04   25.9     15.3071   0.0377  28.3009    14.963    0.07   16.6   12.802    0.41    2.7    9.362    0.48    2.2  
233.8869580  19.7222500  6.400    0.041     15.8841   0.0176  61.3219    15.923    0.05   23.0     15.1807   0.0339  31.5379    15.278    0.08   13.4   12.584    0.35    3.1    9.311    0.45    2.4  
235.9450668  17.0079059  5.820    0.474     16.9466   0.0430  24.7815    16.790    0.08   13.2     16.3828   0.0964  10.7656    16.510    0.23    4.6   12.351    0.32    3.5    8.965    0.00    1.0  
236.2734167  42.5365556  6.500    -9.99    -99.9990  -9.9900 -99.9990    -9.990   -9.99   -9.9    -99.9990  -9.9900 -99.9990    -9.990   -9.99   -9.9   -9.990   -9.99   -9.9   -9.990   -9.99   -9.9
236.2912415  16.6088635  5.820    -9.99     16.9635   0.0472  22.5224    -9.990   -9.99   -9.9    -99.9990  -9.9900 -99.9990    -9.990   -9.99   -9.9   -9.990   -9.99   -9.9   -9.990   -9.99   -9.9
236.4670410  60.4733202  5.780    0.358     16.0143   0.0143  75.3162    16.007    0.04   29.7     15.1521   0.0233  46.0802    15.157    0.05   23.7   12.313    0.23    4.7    9.406    0.43    2.5  
237.5038750  43.3007778  5.840    -9.99    -99.9990  -9.9900 -99.9990    -9.990   -9.99   -9.9    -99.9990  -9.9900 -99.9990    -9.990   -9.99   -9.9   -9.990   -9.99   -9.9   -9.990   -9.99   -9.9
238.8510335  -6.8976629  5.810    -9.99     17.4807   0.0789  13.2696    -9.990   -9.99   -9.9    -99.9990  -9.9900 -99.9990    -9.990   -9.99   -9.9   -9.990   -9.99   -9.9   -9.990   -9.99   -9.9
239.7124609  -7.4026641  6.110    -9.99     16.2721   0.0292  36.6544    -9.990   -9.99   -9.9     15.3698   0.0490  21.6571    -9.990   -9.99   -9.9   -9.990   -9.99   -9.9   -9.990   -9.99   -9.9
239.7878750  22.2048417  6.070    -9.99    -99.9990  -9.9900 -99.9990    -9.990   -9.99   -9.9    -99.9990  -9.9900 -99.9990    -9.990   -9.99   -9.9   -9.990   -9.99   -9.9   -9.990   -9.99   -9.9
240.2964999 -18.4764111  5.060    0.825     15.6060   0.0191  56.4051    15.647    0.05   20.3     15.0718   0.0420  25.3786    15.051    0.08   13.4   11.653    0.25    4.3    8.505    0.46    2.4  
240.7249088  42.4735952  6.090    0.193     16.0355   0.0165  65.2948    16.051    0.04   24.2     15.2545   0.0294  36.4993    15.122    0.06   18.2   12.370    0.26    4.2    9.346    0.00    0.7  
240.9544583  55.1756389  6.040    -9.99    -99.9990  -9.9900 -99.9990    -9.990   -9.99   -9.9    -99.9990  -9.9900 -99.9990    -9.990   -9.99   -9.9   -9.990   -9.99   -9.9   -9.990   -9.99   -9.9
242.4052913  30.6966052  6.140    0.685     17.6418   0.0708  14.8421    17.518    0.14    7.7     17.0437   0.1519   6.6601    17.080    0.35    3.1   12.462    0.00    0.7    9.257    0.00   -0.2  
242.4397100 -12.9816971  5.830    2.105     16.5690   0.0389  27.4003    16.297    0.07   14.7     16.2192   0.1049   9.8556    16.104    0.23    4.8   11.867    0.32    3.4    8.252    0.00    1.5  
242.5696654  41.2982715  5.000    0.328     16.5833   0.0255  42.0502    16.517    0.06   18.7     16.0677   0.0582  18.1461    15.902    0.11    9.9   12.634    0.00    1.6    9.455    0.00    0.8  
243.6047083  46.6747055  5.310    0.265     15.8192   0.0136  79.4143    15.868    0.04   29.4     14.9767   0.0226  47.4887    14.972    0.05   23.0   12.924    0.34    3.2    9.094    0.00    1.9  
243.6473330   1.2457750  5.780    0.411     16.8596   0.0416  25.6074    16.962    0.11   10.2     16.1629   0.0853  12.2427    16.421    0.22    4.9   12.517    0.00   -0.2    8.930    0.00   -0.5  
243.6960000  20.9841583  5.090    0.402     16.7513   0.0343  31.1906    16.661    0.08   14.4     16.1573   0.0739  14.2020    16.167    0.16    6.9   12.339    0.38    2.8    9.005    0.00   -0.7  
245.0636766  -0.1978601  5.680    -9.99     18.1202   0.1250   8.1927    -9.990   -9.99   -9.9    -99.9990  -9.9900 -99.9990    -9.990   -9.99   -9.9   -9.990   -9.99   -9.9   -9.990   -9.99   -9.9
245.2538300  51.9302200  5.710    0.232     15.6551   0.0114  94.5409    15.654    0.03   33.8     14.8261   0.0188  57.1078    14.771    0.04   27.4   12.888    0.32    3.4    9.529    0.00    0.3  
245.8136666  47.0999722  5.130    0.098     15.5584   0.0112  96.2820    15.574    0.03   32.0     14.8602   0.0204  52.8642    14.762    0.05   23.6   11.425    0.10   11.3    8.954    0.28    3.9  
245.8825602  31.2001475  6.260    0.308     16.6612   0.0302  35.4219    16.523    0.07   16.8     15.7432   0.0489  21.7248    15.663    0.10   10.4   12.551    0.00    0.7    8.895    0.00    0.5  
246.6104203  27.8590266  5.160    0.061     14.9996   0.0086 126.0080    14.968    0.03   34.7     14.2245   0.0146  74.0361    14.208    0.04   28.1   11.919    0.26    4.3    8.437    0.00    1.8  
246.6216700  28.9826600  5.040    0.239     16.6243   0.0294  36.4436    15.871    0.00    1.9     15.9745   0.0590  17.9157    15.824    0.12    9.4   12.336    0.35    3.1    9.177    0.00   -0.1  
247.2970667  24.1277056  6.480    0.485     16.6643   0.0306  34.9687    16.792    0.07   14.5     15.9229   0.0572  18.4908    16.070    0.14    8.0   12.282    0.40    2.7    8.575    0.00    0.9  
247.6412639  40.2026929  6.070    0.818     17.4598   0.0517  20.4865    17.493    0.12    8.8     16.9098   0.1169   8.7955    17.496    0.45    2.4   12.908    0.00   -1.2    9.314    0.00   -0.6  
250.3405347  37.9222629  6.050    -9.99     17.9033   0.0752  13.9422    -9.990   -9.99   -9.9     17.2577   0.1533   6.5958    -9.990   -9.99   -9.9   -9.990   -9.99   -9.9   -9.990   -9.99   -9.9
252.6760830  16.2893055  5.520    0.247     16.1971   0.0230  46.6566    16.263    0.06   17.2     15.4176   0.0424  25.1357    15.405    0.09   11.6   11.862    0.00    1.8    9.089    0.00   -0.3  
254.1477499  45.6870972  5.340    0.307     16.2511   0.0177  60.6552    16.223    0.28    3.9     15.5102   0.0320  33.4147    15.531    0.07   15.7   12.686    0.38    2.8    9.042    0.00    1.1  
254.7588333  27.1597750  5.310    0.157     15.9065   0.0169  63.6564    15.920    0.05   23.7     15.0572   0.0284  37.7734    15.141    0.07   16.0   11.536    0.16    6.9    8.889    0.00    1.2  
254.9626250  32.6579527  5.170    0.199     16.3205   0.0219  48.9791    16.419    0.06   18.1     15.6133   0.0420  25.3359    15.656    0.10   11.4   12.123    0.00    1.5    8.621    0.00    1.2  
261.0364292  19.0286444  6.440    1.581     17.6686   0.0778  13.4693    17.912    0.21    5.2     17.1117   0.1722   5.8185    16.864    0.00    1.6   12.354    0.00    0.3    8.958    0.00   -1.3  
267.0021100  22.7812107  5.950    -9.99    -99.9990  -9.9900 -99.9990    -9.990   -9.99   -9.9    -99.9990  -9.9900 -99.9990    -9.990   -9.99   -9.9   -9.990   -9.99   -9.9   -9.990   -9.99   -9.9
268.1837500  50.6091805  5.020    0.123     15.1005   0.0078 138.3717    15.130    0.03   36.1     14.4327   0.0136  79.1675    14.402    0.03   32.0   12.611    0.37    2.9    9.288    0.44    2.5  
293.0317650  71.6523355  6.080    0.214     16.9907   0.0311  34.4618    17.369    0.08   13.8     16.2711   0.0593  17.8156    16.476    0.12    9.3   13.591    0.00   -1.3    9.686    0.00    0.2  
308.0416401 -21.2339750  6.240    0.922     16.4979   0.0374  28.5559    16.497    0.09   12.4     15.5975   0.0626  16.8413    15.439    0.13    8.1   12.446    0.00    0.0    8.147    0.00    1.0  
308.4829700 -27.6485000  5.800    0.313     16.8307   0.0490  21.6450    16.931    0.12    9.1     15.8829   0.0774  13.5255    16.031    0.22    4.9   11.889    0.00    1.5    8.632    0.00    0.7  
313.3407000   0.7852222  5.920    -9.99     17.6131   0.0839  12.4496    -9.990   -9.99   -9.9    -99.9990  -9.9900 -99.9990    -9.990   -9.99   -9.9   -9.990   -9.99   -9.9   -9.990   -9.99   -9.9
313.5270400  -0.0874444  6.040    -9.99     17.1785   0.0576  18.3432    -9.990   -9.99   -9.9     16.4841   0.1190   8.6316    -9.990   -9.99   -9.9   -9.990   -9.99   -9.9   -9.990   -9.99   -9.9
315.2275800 -17.2562490  6.090    -9.99     17.4392   0.0881  11.8348    -9.990   -9.99   -9.9    -99.9990  -9.9900 -99.9990    -9.990   -9.99   -9.9   -9.990   -9.99   -9.9   -9.990   -9.99   -9.9
315.5800830 -14.9816666  6.650    1.361     17.7920   0.1157   8.8973    17.589    0.21    5.0    -99.9990  -9.9900 -99.9990    16.735    0.38    2.8   11.404    0.00    1.4    8.711    0.00    0.1  
319.5530416  -0.0640833  5.460    -9.99     17.7417   0.0982  10.5608    -9.990   -9.99   -9.9    -99.9990  -9.9900 -99.9990    -9.990   -9.99   -9.9   -9.990   -9.99   -9.9   -9.990   -9.99   -9.9
319.6040300 -10.9326200  5.900    1.600     16.2378   0.0303  35.3580    16.142    0.07   15.3     15.4556   0.0553  19.1441    15.245    0.11    9.8   11.888    0.00    1.2    8.768    0.00    0.0  
319.8680000  10.4851667  5.180    1.171     17.0514   0.0493  21.5398    17.036    0.11   10.3     16.4599   0.1079   9.5724    16.598    0.00    1.7   12.056    0.00    1.2    8.756    0.00    0.3  
319.9662083  -0.6722500  5.870    -9.99     18.2132   0.1439   7.0550    -9.990   -9.99   -9.9    -99.9990  -9.9900 -99.9990    -9.990   -9.99   -9.9   -9.990   -9.99   -9.9   -9.990   -9.99   -9.9
320.8703300 -24.3604000  5.730    0.255     17.0875   0.0593  17.8012    17.151    0.15    7.3     16.6597   0.1523   6.6402    16.480    0.34    3.2   11.657    0.00    1.6    8.520    0.00    0.3  
322.7928750 -43.9840278  6.450    -9.99     18.0016   0.1108   9.3071    -9.990   -9.99   -9.9    -99.9990  -9.9900 -99.9990    -9.990   -9.99   -9.9   -9.990   -9.99   -9.9   -9.990   -9.99   -9.9
323.1382958  12.2986833  6.590    0.208     16.0365   0.0214  50.2868    16.356    0.07   15.9     15.5718   0.0512  20.7068    15.633    0.12    9.3   12.311    0.00   -0.6    8.949    0.00   -1.4  
325.6636250  -1.3334167  5.610    0.278     17.0639   0.0534  19.8349    16.884    0.11    9.5     16.1377   0.0924  11.2523    16.086    0.25    4.4   12.525    0.00   -1.4    8.701    0.00    0.4  
326.9808700   1.1320277  5.810    0.865     18.0296   0.1218   8.4234    17.631    0.20    5.4    -99.9990  -9.9900 -99.9990    16.970    0.45    2.4   12.301    0.00    0.2    8.880    0.00   -0.7  
328.7339966  -9.5076274  5.920    -9.99     17.7410   0.0987  10.5051    -9.990   -9.99   -9.9    -99.9990  -9.9900 -99.9990    -9.990   -9.99   -9.9   -9.990   -9.99   -9.9   -9.990   -9.99   -9.9
330.2776249   3.0354750  5.060    0.240     15.9434   0.0205  52.4310    15.977    0.06   18.5     15.4073   0.0468  22.7049    15.198    0.10   11.4   11.307    0.19    5.8    7.828    0.22    5.0  
330.3836250   1.9247222  6.160    -9.99    -99.9990  -9.9900 -99.9990    -9.990   -9.99   -9.9    -99.9990  -9.9900 -99.9990    -9.990   -9.99   -9.9   -9.990   -9.99   -9.9   -9.990   -9.99   -9.9
330.6115416  15.1645500  5.070    0.241     15.6372   0.0152  70.8756    15.735    0.05   23.0     15.1477   0.0348  30.6729    15.199    0.08   13.2   12.170    0.31    3.5    8.515    0.00    0.9  
330.6383333   1.5223056  5.230    -9.99    -99.9990  -9.9900 -99.9990    -9.990   -9.99   -9.9    -99.9990  -9.9900 -99.9990    -9.990   -9.99   -9.9   -9.990   -9.99   -9.9   -9.990   -9.99   -9.9
331.0746667   1.1957778  5.940    -9.99    -99.9990  -9.9900 -99.9990    -9.990   -9.99   -9.9    -99.9990  -9.9900 -99.9990    -9.990   -9.99   -9.9   -9.990   -9.99   -9.9   -9.990   -9.99   -9.9
331.6450417   2.0267500  5.100    -9.99    -99.9990  -9.9900 -99.9990    -9.990   -9.99   -9.9    -99.9990  -9.9900 -99.9990    -9.990   -9.99   -9.9   -9.990   -9.99   -9.9   -9.990   -9.99   -9.9
331.7921666  -4.2823000  5.530    0.184     15.1450   0.0118  91.7830    15.122    0.04   28.2     14.1230   0.0172  62.6458    14.138    0.04   24.2   12.214    0.46    2.4    8.376    0.00    0.4  
332.6135000   3.0745833  6.900    -9.99    -99.9990  -9.9900 -99.9990    -9.990   -9.99   -9.9    -99.9990  -9.9900 -99.9990    -9.990   -9.99   -9.9   -9.990   -9.99   -9.9   -9.990   -9.99   -9.9
332.6541250   2.7204722  5.200    0.901     17.8121   0.1022  10.1341    17.305    0.15    7.0    -99.9990  -9.9900 -99.9990    17.096    0.46    2.4   12.402    0.00    0.2    8.858    0.00    0.0  
332.7525000 -63.3488333  6.880    -9.99     18.2078   0.1221   8.3989    -9.990   -9.99   -9.9    -99.9990  -9.9900 -99.9990    -9.990   -9.99   -9.9   -9.990   -9.99   -9.9   -9.990   -9.99   -9.9
332.8007083 -32.1035556  6.320    -9.99    -99.9990  -9.9900 -99.9990    -9.990   -9.99   -9.9    -99.9990  -9.9900 -99.9990    -9.990   -9.99   -9.9   -9.990   -9.99   -9.9   -9.990   -9.99   -9.9
332.9208750   0.1885833  5.230    -9.99     18.0645   0.1306   7.8200    -9.990   -9.99   -9.9    -99.9990  -9.9900 -99.9990    -9.990   -9.99   -9.9   -9.990   -9.99   -9.9   -9.990   -9.99   -9.9
333.2145417  -0.7085278  5.420    0.740     17.1083   0.0574  18.4270    16.987    0.12    9.2     16.7547   0.1560   6.4736    16.908    0.41    2.6   12.305    0.00   -0.3    8.564    0.00    0.8  
333.2719167   0.5688333  5.310    -9.99    -99.9990  -9.9900 -99.9990    -9.990   -9.99   -9.9    -99.9990  -9.9900 -99.9990    -9.990   -9.99   -9.9   -9.990   -9.99   -9.9   -9.990   -9.99   -9.9
333.8342500  -0.1523333  5.280    -9.99     18.3096   0.1612   6.2469    -9.990   -9.99   -9.9    -99.9990  -9.9900 -99.9990    -9.990   -9.99   -9.9   -9.990   -9.99   -9.9   -9.990   -9.99   -9.9
333.9859789  26.1081684  6.030    -9.99     17.4201   0.0673  15.6469    -9.990   -9.99   -9.9     16.6674   0.1266   8.0840    -9.990   -9.99   -9.9   -9.990   -9.99   -9.9   -9.990   -9.99   -9.9
334.1834167   0.2300278  5.010    0.620     17.0680   0.0546  19.3779    17.185    0.15    7.3     16.4744   0.1209   8.4883    16.626    0.31    3.5   11.997    0.00    1.2    8.921    0.00   -1.3  
334.1852917  -0.2805833  6.100    -9.99    -99.9990  -9.9900 -99.9990    -9.990   -9.99   -9.9    -99.9990  -9.9900 -99.9990    -9.990   -9.99   -9.9   -9.990   -9.99   -9.9   -9.990   -9.99   -9.9
334.8217500   1.0469167  6.160    -9.99    -99.9990  -9.9900 -99.9990    -9.990   -9.99   -9.9    -99.9990  -9.9900 -99.9990    -9.990   -9.99   -9.9   -9.990   -9.99   -9.9   -9.990   -9.99   -9.9
335.0770400  -1.0296911  5.620    -9.99     16.8892   0.0490  21.6695    -9.990   -9.99   -9.9     16.0944   0.0888  11.7343    -9.990   -9.99   -9.9   -9.990   -9.99   -9.9   -9.990   -9.99   -9.9
335.7896250   3.4389722  6.050    -9.99     18.2904   0.1511   6.6953    -9.990   -9.99   -9.9     16.9593   0.1799   5.5499    -9.990   -9.99   -9.9   -9.990   -9.99   -9.9   -9.990   -9.99   -9.9
336.3099166   3.5034722  5.350    0.370     16.3554   0.0287  37.3841    16.501    0.08   13.4     15.6356   0.0573  18.4536    15.691    0.13    8.6   11.997    0.00    0.7    8.291    0.00    1.9  
336.5517083  -6.3020249  5.080    0.153     15.7082   0.0181  59.4489    15.636    0.05   21.9     15.0370   0.0371  28.7984    14.962    0.09   12.7   12.212    0.43    2.5    8.825    0.00    0.0  
337.1159583   1.4693056  6.010    -9.99    -99.9990  -9.9900 -99.9990    -9.990   -9.99   -9.9    -99.9990  -9.9900 -99.9990    -9.990   -9.99   -9.9   -9.990   -9.99   -9.9   -9.990   -9.99   -9.9
337.1814100   1.1756111  5.950    -9.99    -99.9990  -9.9900 -99.9990    -9.990   -9.99   -9.9    -99.9990  -9.9900 -99.9990    -9.990   -9.99   -9.9   -9.990   -9.99   -9.9   -9.990   -9.99   -9.9
337.1881250  -7.9653833  5.140    0.672     16.3598   0.0320  33.4201    16.167    0.07   16.7     15.6178   0.0619  17.0463    15.455    0.12    8.9   11.872    0.00    1.1    8.985    0.00   -1.5  
337.1987917   1.8779167  6.080    -9.99    -99.9990  -9.9900 -99.9990    -9.990   -9.99   -9.9    -99.9990  -9.9900 -99.9990    -9.990   -9.99   -9.9   -9.990   -9.99   -9.9   -9.990   -9.99   -9.9
337.2568700  14.9524990  6.150    -9.99    -99.9990  -9.9900 -99.9990    -9.990   -9.99   -9.9    -99.9990  -9.9900 -99.9990    -9.990   -9.99   -9.9   -9.990   -9.99   -9.9   -9.990   -9.99   -9.9
337.9537083  -0.5965278  5.870    -9.99    -99.9990  -9.9900 -99.9990    -9.990   -9.99   -9.9    -99.9990  -9.9900 -99.9990    -9.990   -9.99   -9.9   -9.990   -9.99   -9.9   -9.990   -9.99   -9.9
338.0501250   0.2106667  6.180    -9.99    -99.9990  -9.9900 -99.9990    -9.990   -9.99   -9.9    -99.9990  -9.9900 -99.9990    -9.990   -9.99   -9.9   -9.990   -9.99   -9.9   -9.990   -9.99   -9.9
338.2297707  29.5089760  6.670    1.404     17.4989   0.0684  15.3680    17.813    0.21    5.1     17.0764   0.1729   5.7948    16.702    0.00    1.9   12.043    0.00    0.9    8.945    0.00    0.3  
338.3651666  -1.1178888  5.110    -9.99    -99.9990  -9.9900 -99.9990    -9.990   -9.99   -9.9    -99.9990  -9.9900 -99.9990    -9.990   -9.99   -9.9   -9.990   -9.99   -9.9   -9.990   -9.99   -9.9
339.1857500   0.5491389  6.400    -9.99    -99.9990  -9.9900 -99.9990    -9.990   -9.99   -9.9    -99.9990  -9.9900 -99.9990    -9.990   -9.99   -9.9   -9.990   -9.99   -9.9   -9.990   -9.99   -9.9
339.7091666  -0.4505000  5.170    -9.99     18.0654   0.1332   7.6590    -9.990   -9.99   -9.9    -99.9990  -9.9900 -99.9990    -9.990   -9.99   -9.9   -9.990   -9.99   -9.9   -9.990   -9.99   -9.9
339.7814999   0.5062777  5.090    -9.99     17.8608   0.1111   9.2816    -9.990   -9.99   -9.9    -99.9990  -9.9900 -99.9990    -9.990   -9.99   -9.9   -9.990   -9.99   -9.9   -9.990   -9.99   -9.9
339.9477917   2.1298611  6.260    -9.99    -99.9990  -9.9900 -99.9990    -9.990   -9.99   -9.9    -99.9990  -9.9900 -99.9990    -9.990   -9.99   -9.9   -9.990   -9.99   -9.9   -9.990   -9.99   -9.9
340.2041700 -18.6621700  5.980    0.504     16.5530   0.0392  27.2299    16.562    0.09   11.9     15.5693   0.0620  17.0059    15.528    0.13    8.6   12.334    0.00    0.3    8.681    0.00    0.3  
340.6564500   3.5726666  5.880    -9.99    -99.9990  -9.9900 -99.9990    -9.990   -9.99   -9.9    -99.9990  -9.9900 -99.9990    -9.990   -9.99   -9.9   -9.990   -9.99   -9.9   -9.990   -9.99   -9.9
341.3511249   0.4039444  5.160    1.395     18.1255   0.1447   7.0139    17.472    0.19    5.8    -99.9990  -9.9900 -99.9990    16.644    0.00    1.0   12.280    0.00   -0.8    8.589    0.00    0.6  
342.5083750 -50.2617083  6.000    1.420     16.2478   0.0242  44.2998    16.142    0.06   18.5     15.5667   0.0476  22.2959    15.674    0.12    8.8   11.954    0.26    4.2    8.742    0.00    0.5  
343.0226667   2.4255278  6.120    -9.99    -99.9990  -9.9900 -99.9990    -9.990   -9.99   -9.9    -99.9990  -9.9900 -99.9990    -9.990   -9.99   -9.9   -9.990   -9.99   -9.9   -9.990   -9.99   -9.9
343.9085000   2.8573889  6.340    -9.99     17.8215   0.1103   9.3547    -9.990   -9.99   -9.9    -99.9990  -9.9900 -99.9990    -9.990   -9.99   -9.9   -9.990   -9.99   -9.9   -9.990   -9.99   -9.9
346.0957083   0.7515000  6.360    -9.99    -99.9990  -9.9900 -99.9990    -9.990   -9.99   -9.9    -99.9990  -9.9900 -99.9990    -9.990   -9.99   -9.9   -9.990   -9.99   -9.9   -9.990   -9.99   -9.9
346.8972900   0.5303888  5.870    0.265     17.2548   0.0631  16.7148    17.078    0.14    8.1     16.3662   0.1106   9.3233    16.274    0.25    4.3   11.802    0.00    1.5    8.752    0.00   -1.3  
347.6620586  18.9222017  6.000    0.538     15.8754   0.0178  60.3955    15.797    0.04   24.1     15.2997   0.0390  27.3324    15.415    0.12    9.2   12.272    0.44    2.5    9.163    0.00   -0.3  
348.0684999   1.0143055  5.080    -9.99     18.0824   0.1341   7.6100    -9.990   -9.99   -9.9    -99.9990  -9.9900 -99.9990    -9.990   -9.99   -9.9   -9.990   -9.99   -9.9   -9.990   -9.99   -9.9
348.9440400  -0.3994722  6.120    1.289     17.3354   0.0706  14.8852    17.560    0.20    5.3     16.6533   0.1418   7.1664    16.587    0.00    1.5   12.176    0.00    0.6    8.715    0.00    0.3  
349.4093750  22.7360083  5.500    0.076     16.1251   0.0220  48.9282    16.138    0.06   17.7     15.3625   0.0415  25.6543    15.318    0.09   12.0   12.502    0.53    2.0    8.706    0.00    0.5  
349.5000000 -31.2166667  6.510    -9.99    -99.9990  -9.9900 -99.9990    -9.990   -9.99   -9.9    -99.9990  -9.9900 -99.9990    -9.990   -9.99   -9.9   -9.990   -9.99   -9.9   -9.990   -9.99   -9.9
349.5116600  -2.7761111  6.050    -9.99     18.1761   0.1435   7.0766    -9.990   -9.99   -9.9    -99.9990  -9.9900 -99.9990    -9.990   -9.99   -9.9   -9.990   -9.99   -9.9   -9.990   -9.99   -9.9
351.3093508  26.4799531  5.770    0.096     16.1378   0.0221  48.7409    16.193    0.06   17.5     15.4868   0.0454  23.4137    15.412    0.10   10.9   12.588    0.51    2.1    8.968    0.48    2.3  
351.4026667  -5.8911944  5.220    0.035     16.3232   0.0299  35.7881    16.337    0.07   15.4     15.6421   0.0599  17.6278    15.554    0.12    9.3   12.430    0.44    2.5    8.428    0.00    1.2  
352.2845000  -3.0329999  6.420    -9.99     17.9737   0.1241   8.2579    -9.990   -9.99   -9.9    -99.9990  -9.9900 -99.9990    -9.990   -9.99   -9.9   -9.990   -9.99   -9.9   -9.990   -9.99   -9.9
352.3102500  -4.0566944  5.900    -9.99    -99.9990  -9.9900 -99.9990    -9.990   -9.99   -9.9    -99.9990  -9.9900 -99.9990    -9.990   -9.99   -9.9   -9.990   -9.99   -9.9   -9.990   -9.99   -9.9
352.4137500  30.0641055  5.240    0.245     16.1504   0.0217  49.4129    16.209    0.06   18.4     15.5171   0.0454  23.3968    15.425    0.10   10.8   12.656    0.00   -0.2    9.072    0.00   -0.4  
352.5362917   9.9621389  5.300    1.376     16.1972   0.0249  43.1977    15.923    0.06   18.5     15.1405   0.0374  28.5324    15.145    0.11    9.8   12.146    0.39    2.8    8.917    0.54    2.0  
353.7293749  -0.1728055  5.110    -9.99     18.0026   0.1247   8.2194    -9.990   -9.99   -9.9    -99.9990  -9.9900 -99.9990    -9.990   -9.99   -9.9   -9.990   -9.99   -9.9   -9.990   -9.99   -9.9
356.1395833  16.8879111  5.000    0.129     15.2594   0.0115  93.5241    15.224    0.04   26.4     14.5738   0.0221  48.5860    14.559    0.06   18.8   11.999    0.28    3.9    8.956    0.00    0.1  
357.1389000 -30.9028440  6.900    0.060     17.6947   0.0905  11.5056    17.673    0.17    6.3    -99.9990  -9.9900 -99.9990    16.732    0.00    1.8   12.137    0.00    1.5    9.140    0.49    2.2  
357.8289911   6.4019219  5.810    -9.99    -99.9990  -9.9900 -99.9990    -9.990   -9.99   -9.9    -99.9990  -9.9900 -99.9990    -9.990   -9.99   -9.9   -9.990   -9.99   -9.9   -9.990   -9.99   -9.9
357.8512917  -4.9853611  5.250    0.634     17.1013   0.0557  19.0051    17.206    0.16    6.9     16.0934   0.0898  11.5977    16.140    0.24    4.5   12.549    0.00   -1.6    8.892    0.00    0.1  
359.1352149  -6.3831264  6.150    0.292     16.4896   0.0323  33.1173    16.557    0.10   10.9     15.6656   0.0607  17.3850    15.702    0.20    5.6   11.895    0.00    1.2    8.700    0.00   -0.1  
359.2149100   0.3925833  6.000    -9.99    -99.9990  -9.9900 -99.9990    -9.990   -9.99   -9.9    -99.9990  -9.9900 -99.9990    -9.990   -9.99   -9.9   -9.990   -9.99   -9.9   -9.990   -9.99   -9.9
359.6001667   6.5770555  5.320    1.456     16.3287   0.0296  36.1965    16.009    0.06   18.9     15.3755   0.0469  22.6356    15.249    0.10   11.5   12.113    0.38    2.9    9.113    0.00    0.0  
