#qsoName		ra		dec			Z		Y		J		H		K		errZ		errY		errJ		errH		errK		
HSCJ0859+0022		134.7799583	 0.382194400		23.204		-1000		23.518		22.8402		22.3999		0.225764	-1000		0.900732	0.506271	0.510589		
HSCJ1202-0057		180.6932083	-0.9504722		24.1482		24.7508		25.1553		23.0406		24.1959		0.468203	1.33336		2.75475		0.850859	2.52734		
HSCJ1205-0000		181.2712417	-0.0077694		-1e+09		22.8281		22.1376		21.5404		20.7683		-1e+09		0.207626	0.131521	0.173453	0.103843		
HSCJ1207-0005		181.9755833	-0.098138899		23.7912		24.9286		-1e+09		-1000		-1e+09		0.380267	2.32687		-1e+09		-1000		-1e+09		
HSCJ2216-0016		334.1852917	-0.280583300		-1000		-1000		22.4604		21.8756		21.8482		-1000		-1000		0.264326	0.311535	0.290299		
HSCJ2232+0012		338.050125	 0.21066669		-1000		-1000		22.3589		-1e+09		-1e+09		-1000		-1000		0.301528	-1e+09		-1e+09		
HSCJ2236+0032		339.18575	 0.5491389		-1000		-1000		23.0454		22.13		22.7607		-1000		-1000		0.519834	0.585273	0.702781		
IMSJ0850-0506		132.61733329	-5.1019167		-1000		-1000		21.7137		-1000		21.7009		-1000		-1000		0.299622	-1000		0.633296		
IMSJ2204+0012		331.07466669	 1.19577780		-1000		-1000		22.0453		-1e+09		22.3094		-1000		-1000		0.259621	-1e+09		2.07371		
IMSJ2206+0201		331.6450417	 2.02675		-1000		-1000		22.2049		-1000		-1000		-1000		-1000		0.252472	-1000		-1000		
MMTJ0215-0529		33.8469583	-5.4960556		20.8168		20.6783		20.5541		20.0821		20.3824		0.031771	0.009111	0.081743	0.08		0.151781		
MMTJ2202+0131		330.6383333	 1.52230560		-1000		-1000		22.3834		-1000		-1000		-1000		-1000		0.207995	-1000		-1000		
MMTJ2213+0034		333.27191669	 0.56883330		-1000		-1000		22.0834		22.1927		21.69689	-1000		-1000		0.243838	0.714348	0.298555		
MMTJ2215-0009		333.83425	-0.15233329		-1000		-1000		21.611		22.0917		20.8197		-1000		-1000		0.152511	0.550648	0.134695		
VHSJ2102-1458		315.580083	-14.9816666		-1000		20.9645		21.0283		-1000		22.2225		-1000		0.122492	0.194751	-1000		1.19385		
VIKJ0109-3047		17.4713790	-30.790642		27.8225		21.2468		21.2779		21.134		-1000		20.7137		0.099174	0.102752	0.139823	-1000		
VIKJ0305-3150		46.320483	-31.848861		23.0412		20.8876		20.6375		20.6772		20.265		0.200634	0.059179	0.051098	0.082956	0.07025		
VIKJ0328-3253		52.147942	-32.889678		19.8513		20.0674		19.8207		19.8156		19.8091		0.0282		0.055978	0.043718	0.070173	0.081217		
VIKJ0839+0015		129.98065	0.2650583		21.4348		21.0911		20.824		-1000		20.4311		0.052763	0.072476	0.072379	-1000		0.131567		
VIKJ1148+0056		177.13825	0.9450722		21.7961		21.3327		21.5502		21.3065		21.1494		0.06081		0.065975	0.086432	0.24056		0.158981		
VIKJ1152+0055		178.08863	0.9268583		22.1545		21.7135		21.4943		21.5176		21.2259		0.078813	0.099973	0.096383	0.204196	0.324321		
VIKJ1215+0023		183.8202986	0.3901834		-1000		-1000		21.2622		21.2508		20.9796		-1000		-1000		0.088206	0.171275	0.193897		
VIKJ2318-3113		349.5		-31.216666		-1e+09		-1e+09		25.933		23.5741		-1e+09		-1e+09		-1e+09		6.32552		1.53031		-1e+09		
VIKJ2348-3054		357.1389	-30.902844		24.509		21.1834		21.0963		21.2655		20.5187		0.691746	0.057377	0.05838		0.204083	0.083653		
DELSJ0910-0414		137.727208	-4.2352222		-1000		-1000		20.2115		-1000		19.4714		-1000		-1000		0.084454	-1000		0.085005		
DELSJ1048-0109		162.0829167	-1.1611694		20.257		19.9402		19.5213		19.1635		18.8859		0.016021	0.024917	0.019117	0.026411	0.024254		
MMTJ0221-0342A		35.30133329	-3.7087778		21.5897		-1000		21.3972		20.8161		21.0625		0.056117	-1000		0.12385		0.107745	0.142466		
SDSSJ0005-0006		1.4680833	-0.1154999		-1000		-1000		20.73		19.9908		20.5448		-1000		-1000		0.130241	0.085715	0.171531		
SDSSJ0023-0018		5.8777916	-0.3101111		-1000		-1000		20.3912		20.1208		19.9415		-1000		-1000		0.10205		0.126243	0.105881		
SDSSJ0054-0109		13.5892499	-1.156			-1000		-1000		19.6362		19.3906		19.4883		-1000		-1000		0.049141	0.055732	0.088034		
SDSSJ0108-0100		17.12483330	-1.0043333		-1000		-1000		21.8151		21.1967		21.6416		-1000		-1000		0.209245	0.248805	0.34144		
SDSSJ0115+0015		18.93658330	0.2541388		-1000		-1000		20.4332		20.0408		19.8076		-1000		-1000		0.037927	0.061348	0.04222		
SDSSJ0129-0028		22.281		-0.47930550		-1000		-1000		21.6552		21.4578		21.1119		-1000		-1000		0.119371	0.204405	0.143491		
SDSSJ0129-0035		22.493791	-0.5943611		-1000		-1000		21.7385		21.6972		21.6244		-1000		-1000		0.128861	0.256998	0.230041		
SDSSJ0133+0106		23.3618333	1.1104722		-1000		-1000		20.6507		20.0802		20.1229		-1000		-1000		0.056865	0.065113	0.067488		
SDSSJ0205-0955		31.44429160	-9.92325		-1000		-1000		23.7333		-1000		22.4987		-1000		-1000		1.39332		-1000		1.08162		
SDSSJ0208-0112		32.0179583	-1.2095277		-1000		-1000		20.7624		20.9724		20.8594		-1000		-1000		0.078122	0.134242	0.196468		
SDSSJ0210+0003		32.7361249	0.05130560		-1000		-1000		21.0514		20.6295		20.0123		-1000		-1000		0.048893	0.165151	0.039003		
SDSSJ0218-0027		34.5878333	-0.4626946		-1000		-1000		20.8991		21.1211		20.4464		-1000		-1000		0.056903	0.365647	0.075054		
SDSSJ0230+0046		37.5094583	0.77966669		-1000		-1000		21.6038		21.0896		21.6239		-1000		-1000		0.184825	0.171392	0.382783		
SDSSJ0231-0728		37.90683329	-7.4817777		-1000		-1000		19.2099		-1000		18.7682		-1000		-1000		0.019164	-1000		0.0405		
SDSSJ0239-0045		39.876		-0.7514999		-1000		-1000		22.3491		21.5151		21.1938		-1000		-1000		0.426583	0.29995		0.30436		
SDSSJ0301+0020		45.3208749	0.34055559		-1000		-1000		22.9738		-1e+09		24.7125		-1000		-1000		0.823641	-1e+09		8.02265		
SDSSJ0303-0019		45.880833	-0.3202499		-1000		-1000		20.9315		21.2601		-1000		-1000		-1000		0.12737		0.216643	-1000		
SDSSJ0321+0029		50.4794583	0.4948335 		-1000		-1000		21.3548		20.8008		21.0399		-1000		-1000		0.121544	0.137712	0.188226		
SDSSJ0338+0021		54.6221248	0.3656388 		-1000		-1000		19.6338		19.3508		19.4284		-1000		-1000		0.040788	0.059343	0.065381		
SDSSJ0341-0048		55.424375	-0.8035444		-1000		-1000		20.0276		20.1058		20.0092		-1000		-1000		0.054211	0.077576	0.099814		
SDSSJ0349+0034		57.4974998	0.56763880		-1000		-1000		21.2688		21.9278		20.1974		-1000		-1000		0.134096	0.413484	0.102981		
SDSSJ0353+0104		58.4572136	1.0679614 		-1000		-1000		20.2903		19.9813		19.7263		-1000		-1000		0.068888	0.082631	0.082321		
SDSSJ0836+0054		129.1827665	0.91479340		18.7868		18.8102		18.6254		18.331		18.1094		0.004361	0.007334	0.008075	0.009514	0.010191		
SDSSJ0959+0227		149.78375	2.4520444 		-1000		24.2011		24.1788		23.6319		23.4436		-1000		0.055539	0.073188	0.06333		0.083984		
SDSSJ1000+0234		150.2145833	2.5826333 		-1000		26.3527		26.9776		29.0018		26.5409		-1000		0.331073	0.62756		7.58539		1.12801		
SDSSJ1040-1155		160.2025	-11.930611		-1000		21.973		21.5905		22.1483		20.4906		-1000		0.419943	0.400756	1.17663		0.63507		
SDSSJ1044-0125		161.137669999	-1.4172777		19.3157		19.3014		19.1442		19.0821		18.88		0.008164	0.015669	0.009747	0.014863	0.022498		
SDSSJ1123-0044		170.7964583	-0.7385111		-1000		-1000		-1000		19.9281		19.6307		-1000		-1000		-1000		0.053704	0.049883		
SDSSJ1204-0021		181.1738947	-0.3637859		19.133		19.0645		19.0186		18.8071		18.7733		0.005591	0.010367	0.011244	0.02445		0.026686		
SDSSJ1208+0010		182.09925  	0.17436110		20.4216		20.3402		20.3476		-1000		-1000		0.020739	0.04319		0.046886	-1000		-1000		
SDSSJ1233+0622		188.3894733	6.376165  		-1000		-1000		19.7347		-1000		19.1987		-1000		-1000		0.023658	-1000		0.021144		
SDSSJ1306+0356		196.5344701	3.94065560		19.5317		20.037		19.682		19.6226		19.3628		0.014035	0.044328	0.04069		0.054243	0.04932		
SDSSJ1429+3304		217.4082083	33.0711667		-1000		-1000		-1000		-1000		-1000		-1000		-1000		-1000		-1000		-1000		
SDSSJ2053+0047		313.3407   	0.7852222 		-1000		-1000		21.1041		20.3073		20.3151		-1000		-1000		0.202136	0.162763	0.155456		
SDSSJ2054-0005		313.52704  	-0.0874443		-1000		-1000		20.5995		20.1506		20.2603		-1000		-1000		0.090454	0.08371		0.116134		
SDSSJ2118-0003		319.553041603	-0.0640833		-1000		-1000		20.9861		21.0501		20.3564		-1000		-1000		0.101479	0.161158	0.121165		
SDSSJ2119-0040		319.9662083	-0.67225  		-1000		-1000		21.5185		22.2086		20.8814		-1000		-1000		0.143981	0.412747	0.172898		
SDSSJ2147+0107		326.980870004	1.1320277 		-1000		-1000		20.9619		21.1878		20.7681		-1000		-1000		0.15297		0.319104	0.251651		
SDSSJ2211+0011		332.920875 	0.18858329		-1000		-1000		22.5388		21.2079		20.8		-1000		-1000		0.55071		0.270105	0.212201		
SDSSJ2212-0042		333.2145417	-0.7085278		-1000		-1000		20.445		19.6594		19.827		-1000		-1000		0.050246	0.056452	0.053517		
SDSSJ2216+0013		334.1834167	0.23002779		-1000		-1000		20.1955		19.9214		19.78079	-1000		-1000		0.082579	0.088241	0.106845		
SDSSJ2220-0101		335.07704  	-1.0296911		-1000		-1000		20.3003		20.1221		19.8401		-1000		-1000		0.044583	0.05636		0.063681		
SDSSJ2228+0110		337.18141  	1.1756111 		-1000		-1000		22.8673		-1e+09		23.813		-1000		-1000		0.651941	-1e+09		2.82132		
SDSSJ2228-0757		337.188125 	-7.9653833		-1000		19.8829		19.6294		-1000		19.254		-1000		0.035686	0.046513	-1000		0.069089		
SDSSJ2233-0107		338.3651666	-1.1178888		-1000		-1000		21.2173		21.2836		20.8501		-1000		-1000		0.176382	0.30356		0.274075		
SDSSJ2238-0027		339.7091666	-0.4505	  		-1000		-1000		21.3316		20.4756		20.897		-1000		-1000		0.096962	0.15122		0.1177		
SDSSJ2239+0030		339.7814999	0.5062777 		-1000		-1000		21.2079		21.5864		20.6903		-1000		-1000		0.083873	0.521553	0.093129		
SDSSJ2245+0024		341.3511249	0.40394440		-1000		-1000		21.0615		21.5793		20.7796		-1000		-1000		0.311511	0.933468	0.141546		
SDSSJ2307+0031		346.89729  	0.53038880		-1000		-1000		21.363		20.5216		20.2377		-1000		-1000		0.118432	0.16692		0.069496		
SDSSJ2312+0100		348.0684999	1.0143055 		-1000		-1000		20.947		20.4767		20.5528		-1000		-1000		0.063375	0.094172	0.082024		
SDSSJ2315-0023		348.94404  	-0.3994722		-1000		-1000		21.4536		21.0602		20.6564		-1000		-1000		0.131801	0.132116	0.126575		
SDSSJ2334-0010		353.7293749	-0.1728055		-1000		-1000		20.8195		20.8203		20.8092		-1000		-1000		0.068941	0.18332		0.126488		
SDSSJ2356+0023		359.214910003	0.3925833 		-1000		-1000		22.3893		-1e+09		21.6354		-1000		-1000		0.50012		-1e+09		0.48375		
SDUVJ0935-0207		143.847125 	-2.1317778		-1000		20.0631		20.0149		19.8543		19.8093		-1000		0.057744	0.074199	0.120992	0.201194		
SDUVJ1147-0109		176.776708302	-1.1661667		19.3245		-1000		18.9545		18.8159		18.8517		0.008875	-1000		0.020317	0.018021	0.02386		
SDUVJ1317-0239		199.3365833	-2.6536111		20.7704		20.5631		20.5297		20.217		20.2844		0.025432	0.039474	0.043454	0.073094	0.088819		
SDUVJ1335-0328		203.9843333	-3.4772778		18.8146		18.608		18.6357		18.5372		18.3247		0.005495	0.008496	0.008632	0.016918	0.015248		
SDUVJ2142-0120		325.663625 	-1.3334167		-1000		-1000		20.2213		20.1322		19.7885		-1000		-1000		0.062972	0.088664	0.070432		
SDUVJ2325-0553		351.4026667	-5.8911944		-1000		19.26		19.0553		19.0163		18.9907		-1000		0.03983		0.038281	0.049711	0.066777		
SDUVJ2351-0459		357.8512917	-4.9853610		-1000		19.7808		20.0166		19.6846		19.5553		-1000		0.058804	0.084882	0.087186	0.096328		
ULASJ0203+0012		30.8849155 	0.20813040		-1000		-1000		19.6971		19.2845		19.0671		-1000		-1000		0.024275	0.043862	0.028712		
VDESJ0020-3653		5.1311237  	-36.894947		-1000		-1000		20.4218		-1000		19.3191		-1000		-1000		0.068346	-1000		0.077284		
VDESJ0143-5545		25.7926666998	-55.752966		-1000		-1000		20.6008		-1000		20.1028		-1000		-1000		0.058414	-1000		0.111185		
VDESJ0224-4711		36.11057   	-47.19149 		-1000		-1000		19.7277		19.4472		18.9381		-1000		-1000		0.037308	0.053283	0.041804		
VDESJ0244-5008		41.0	   	-50.133333		-1000		-1000		-1e+09		-1e+09		-1e+09		-1000		-1000		-1e+09		-1e+09		-1e+09		
VDESJ0246-5219		41.7329167004	-52.330527		-1000		-1000		21.1093		-1000		20.3886		-1000		-1000		0.117443	-1000		0.170366		
VDESJ0323-4701		50.9180833 	-47.022258		-1000		-1000		20.8195		20.7502		20.3485		-1000		-1000		0.108824	0.150313	0.156271		
VDESJ0330-4025		52.6163333 	-40.421222		-1000		-1000		20.4463		-1000		20.0449		-1000		-1000		0.052711	-1000		0.117168		
VDESJ0408-5632		62.080125  	-56.541338		-1000		-1000		19.8519		-1000		19.6841		-1000		-1000		0.029861	-1000		0.073266		
VDESJ0410-4414		62.5134582996	-44.244638		-1000		-1000		20.6921		-1000		20.1701		-1000		-1000		0.075025	-1000		0.137838		
VDESJ0420-4453		65.04725   	-44.889944		-1000		-1000		20.5504		-1000		19.9928		-1000		-1000		0.055901	-1000		0.100805		
VDESJ0454-4448		73.50745   	-44.808640		-1000		-1000		20.1971		-1000		20.0772		-1000		-1000		0.040816	-1000		0.110717		
VDESJ2131-4359		322.792875 	-43.984027		-1000		-1000		21.2669		-1000		20.6195		-1000		-1000		0.136868	-1000		0.193745		
VDESJ2211-6320		332.7525   	-63.348833		-1000		-1000		21.2716		-1000		21.0677		-1000		-1000		0.126666	-1000		0.348324		
VDESJ2250-5015		342.508375 	-50.261708		-1000		-1000		19.1663		18.9598		18.9449		-1000		-1000		0.027578	0.031104	0.041831		
CFHQSJ0033-0125		8.2975	   	-1.4235833		-1000		-1000		21.406		21.3218		20.7865		-1000		-1000		0.189515	0.264906	0.168865		
CFHQSJ0102-0218		15.710999  	-2.3027499		-1000		-1e+09		21.6473		22.6456		22.5119		-1000		-1e+09		0.349543	1.24065		1.54465				
CFHQSJ0210-0456		32.554958  	-4.9391388		-1000		-1000		22.3316		22.612		21.1051		-1000		-1000		0.351583	0.566269	0.227516		
CFHQSJ0216-0455		34.115875  	-4.9261387		24.5991		26.6418		-1e+09		-1e+09		-1e+09		0.072544	0.828466	-1e+09		-1e+09		-1e+09		
CFHQSJ0221-0802		35.344625  	-8.0476388		-1000		-1000		22.1023		-1000		21.0364		-1000		-1000		0.178284	-1000		0.200961		
CFHQSJ0227-0605		36.930375  	-6.0917222		22.2103		22.0918		21.9283		21.9447		21.4867		0.082237	0.151424	0.136283	0.209255	0.184642		
CFHQSJ1059-0906		164.8692   	-9.1056666		-1000		21.6997		20.3452		21.7347		20.8331		-1000		0.319767	0.103771	0.581143	0.365261		
CFHQSJ1509-1749		227.424079998	-17.824111		-1000		19.7952		19.7458		-1000		19.4865		-1000		0.031323	0.03971		-1000		0.076862		
CFHQSJ2100-1715		315.22758  	-17.256249		-1000		23.323		21.1611		-1000		21.1043		-1000		1.37618		0.286949	-1000		0.550015		
CFHQSJ2318-0246		349.51166  	-2.7761111		-1000		22.7599		22.1491		21.0807		20.3866		-1000		0.976984	0.572927	0.277245	0.233077		
CFHQSJ2329-0301		352.2845   	-3.0329999		-1000		21.1419		22.2019		20.9639		20.9464		-1000		0.268863	0.676721	0.302898	0.373539		
CFHQSJ2329-0403		352.31025  	-4.0566944		-1000		25.0024		23.1083		-1e+09		22.4071		-1000		6.69078		1.25675		-1e+09		1.18566		
FIRSTJ1427+3312		216.91079  	33.2116659		-1000		-1000		-1000		-1000		-1000		-1000		-1000		-1000		-1000		-1000		
SDSSJ0221-0342B		35.3025416005	-3.7145	  		19.404		-1000		19.5239		19.1301		19.1008		0.008158	-1000		0.022416	0.023164	0.023904		
VDESJ02165-5226		34.161875  	-52.439055		-1000		-1000		21.2238		-1000		20.6358		-1000		-1000		0.162722	-1000		0.194466		
SDWISEJ0025-0145	6.3618333  	-1.7590306		-1000		18.0268		17.9464		17.7178		17.5892		-1000		0.014261	0.013751	0.019219	0.01761		
SDWISEJ0115-0253	18.9427916003	-2.8867333		-1000		19.6678		19.6158		19.435		19.467		-1000		0.037416	0.037204	0.048352	0.064981		
SDWISEJ0131-0321	22.8639166003	-3.3500527		-1000		17.8442		17.6459		17.3564		17.3555		-1000		0.010375	0.008571	0.009443	0.015374		
SDWISEJ1601-1828	240.2964999	-18.476411		-1000		-1000		19.0822		-1000		18.5998		-1000		-1000		0.036538	-1000		0.042346		
SDWISEJ2207-0416	331.792166603	-4.2823	  		-1000		18.6563		18.7896		18.2716		18.1361		-1000		0.020255	0.025132	0.023609	0.026353		
SDWISEJ2226-0618	336.551708303	-6.3020249		-1000		18.6373		18.696		18.4457		18.3469		-1000		0.017965	0.022697	0.028863	0.030038		
SHELLQsJ0202-0251	30.7425417 	-2.8648889		-1000		-1000		22.6114		21.4811		21.1975		-1000		-1000		0.480528	0.254108	0.270172		
SHELLQsJ0206-0255	31.5466667003	-2.9271667		-1000		-1000		21.0968		21.1553		20.7584		-1000		-1000		0.104752	0.165836	0.145611		
SHELLQsJ0211-0203	32.9355417 	-2.0510832		-1000		-1000		23.2487		21.4814		22.5103		-1000		-1000		0.829644	0.274807	0.77258		
SHELLQsJ0213-0626	33.3205832996	-6.4375556		-1000		-1000		22.0605		24.4756		21.4649		-1000		-1000		0.23826		3.24696		0.281805		
SHELLQsJ0217-0208	34.3399583 	-2.1479444		-1000		-1000		24.2728		22.4699		22.3706		-1000		-1000		3.07889		1.01431		0.97907		
SHELLQsJ0220-0432	35.1238333 	-4.5344444		23.2897		23.5286		23.3867		23.3482		22.9565		0.20584		0.050945	0.066915	0.098209	0.104759		
SHELLQsJ0235-0532	38.92675   	-5.5448889		-1000		-1000		-1e+09		23.6556		22.5631		-1000		-1000		-1e+09		1.64812		0.878681		
SHELLQsJ0834+0211	128.503666703	2.19636110		-1000		-1000		23.1476		21.8687		21.903		-1000		-1000		1.2228		0.455501	0.908691		
SHELLQsJ0844-0052	131.1316666	-0.8818333		23.3427		23.772		23.0537		23.3739		22.4899		0.346504	1.07946		0.629424	2.14109		0.893071		
SHELLQsJ0844-0132	131.035875 	-1.5379167		24.1325		23.4855		23.0393		22.8092		-1e+09		0.515474	0.564391	0.462365	1.00149		-1e+09		
SHELLQsJ0853+0139	133.4535   	1.6530556 		23.4894		23.6557		23.8616		22.4403		-1e+09		0.280974	0.655517	1.0847		0.627114	-1e+09		
SHELLQsJ0857+0056	134.4105416	0.93686109		24.6083		23.8412		23.8111		25.8001		23.2623		0.588486	1.02544		0.919334	6.99168		1.16866		
SHELLQsJ0858+0000	134.5562917	0.0158611 		21.7221		-1000		21.2957		20.9886		20.9488		0.047664	-1000		0.130832	0.105946	0.142316		
SHELLQsJ0902+0155	135.728625 	1.9196944 		24.2383		25.9623		22.9069		23.3342		-1e+09		0.445293	4.84416		0.406374	1.0647		-1e+09		
SHELLQsJ0903+0211	135.8111666	2.1911944 		23.8853		23.6452		23.9341		22.8477		24.6193		0.302808	0.49687		0.85263		0.686847	3.30959		
SHELLQsJ0905+0300	136.4360416	3.0163333 		23.8087		-1e+09		22.1842		21.3649		21.9504		0.538732	-1e+09		0.466389	0.311837	0.544996		
SHELLQsJ0911+0152	137.809458302	1.87205560		-1e+09		-1e+09		-1e+09		24.2805		-1e+09		-1e+09		-1e+09		-1e+09		1.66296		-1e+09		
SHELLQsJ0918+0139	139.6382083	1.65647219		23.817		23.1385		23.1511		-1000		-1000		0.259667	0.305226	0.670264	-1000		-1000		
SHELLQsJ0921+0007	140.3356667	0.1230278 		22.1367		21.2932		21.0914		-1000		20.3949		0.094886	0.100149	0.123516	-1000		0.103077		
SHELLQsJ1146+0124	176.70175  	1.4055833 		-1000		-1e+09		22.5033		-1e+09		-1000		-1000		-1e+09		0.314985	-1e+09		-1000		
SHELLQsJ1146-0005	176.745375 	-0.0938056		-1e+09		25.2742		23.4565		22.3199		22.6937		-1e+09		4.18531		0.619389	0.585418	0.630852		
SHELLQsJ1146-0154	176.636083302	-1.9106389		23.1972		-1000		22.3023		-1e+09		23.0652		0.308131	-1000		0.415949	-1e+09		0.992367		
SHELLQsJ1201+0133	180.262583302	1.5656667 		-1000		-1000		23.7672		22.5011		22.405		-1000		-1000		1.37532		0.497062	0.571125		
SHELLQsJ1208-0200	182.2467917	-2.0096667		22.5483		22.2759		21.939		22.7583		21.4154		0.116124	0.171708	0.175466	1.2545		0.199671		
SHELLQsJ1209-0006	182.3499583	-0.1129167		24.8425		-1e+09		23.8021		-1000		-1e+09		0.837997	-1e+09		0.749336	-1000		-1e+09		
SHELLQsJ1219+0050	184.77225  	0.84375	  		-1000		-1000		22.0703		-1000		-1000		-1000		-1000		0.327022	-1000		-1000		
SHELLQsJ1400-0011	210.1199583	-0.1976388		24.171		23.6781		22.348		-1e+09		23.5305		0.632566	0.739849	0.287432	-1e+09		3.40893		
SHELLQsJ1400-0125	210.1249583	-1.4225	  		23.4412		22.7836		22.6969		22.2687		22.1179		0.270766	0.300766	0.298625	0.399633	0.41593		
SHELLQsJ1406-0116	211.6213333	-1.2697778		23.0588		22.097		21.8137		21.9319		21.7753		0.1261		0.108694	0.097828	0.234002	0.221697		
SHELLQsJ1406-0144	211.695333302	-1.7340556		23.8953		-1e+09		22.6713		22.5997		22.6011		0.332082	-1e+09		0.260375	0.510522	0.624952		
SHELLQsJ1414+0130	213.66475  	1.51013889		22.748		23.1111		23.9389		24.0824		23.8178		0.134708	0.391474	0.959899	3.04451		2.42698		
SHELLQsJ1416+0015	214.0529583	0.2628333 		-1e+09		24.1534		24.1348		-1000		-1000		-1e+09		1.23775		1.1399		-1000		-1000		
SHELLQsJ1416+0147	214.220875 	1.7839444 		23.557		23.8725		23.2417		22.3189		-1e+09		0.271175	0.752955	0.487681	0.502502	-1e+09		
SHELLQsJ1417+0117	214.369458302	1.2867778 		24.4007		23.4602		23.7178		21.9093		-1e+09		0.589144	0.512464	0.739754	0.326018	-1e+09		
SHELLQsJ1422+0011	215.5009583	0.18416670		24.5896		-1000		22.6579		-1000		25.7726		0.877529	-1000		0.511949	-1000		10.3407		
SHELLQsJ1423-0018	215.882125 	-0.3025277		24.1276		-1e+09		24.8472		23.4898		23.8241		0.500189	-1e+09		2.2973		1.80062		2.42921		
SHELLQsJ1425-0015	216.323833302	-0.2613611		22.8933		23.8614		23.4547		23.8723		22.1163		0.155353	0.815974	0.673543	2.15354		0.469411		
SHELLQsJ1429-0002	217.292583302	-0.0353889		-1e+09		27.1226		-1e+09		-1e+09		-1e+09		-1e+09		22.9341		-1e+09		-1e+09		-1e+09		
SHELLQsJ1429-0104	217.2628333	-1.0787222		-1e+09		-1e+09		-1e+09		23.8167		23.0409		-1e+09		-1e+09		-1e+09		2.01726		1.073		
SHELLQsJ1440-0107	220.005416698	-1.1172778		-1e+09		22.9705		24.8546		23.2736		22.4115		-1e+09		0.417649	2.09133		0.833998	0.496242		
SHELLQsJ2201+0155	330.383625 	1.92472219		-1000		-1000		23.0102		-1000		-1000		-1000		-1000		0.511463	-1000		-1000		
SHELLQsJ2231-0035	337.9537083	-0.5965278		-1000		-1000		22.8537		22.3728		22.9121		-1000		-1000		0.427085	0.591111	0.831465		
SHELLQsJ2304+0045	346.0957083	0.7515	  		-1000		-1000		22.7215		22.705		22.0269		-1000		-1000		0.394431	0.78915		0.421432		
VIMOS2911001793.0	334.82175  	1.0469167 		-1000		-1000		25.4008		21.8273		22.39939	-1000		-1000		3.53533		0.417479	0.63571		
PSOJ004.3936+17.0862	4.3936135  	17.0863045		-1000		-1000		20.7434		-1000		20.2849		-1000		-1000		0.080699	-1000		0.091551		
PSOJ023.0071-02.2675	23.0071	   	-2.26753  		-1000		20.1967		20.1595		19.8863		19.6976		-1000		0.112875	0.118133	0.169737	0.140151		
PSOJ029.5172-29.0886	29.5172599997	-29.08868 		19.2793		19.2111		19.1758		19.124		18.9581		0.011427	0.011954	0.021448	0.042557	0.039157		
PSOJ037.9706-28.8389	37.970657  	-28.838911		20.7367		20.9907		21.0901		-1000		20.5117		0.036876	0.084796	0.114513	-1000		0.153699		
PSOJ042.6690-02.9174	42.6690900004	-2.91745  		-1000		-1000		20.2049		-1000		20.3812		-1000		-1000		0.055411	-1000		0.163319		
PSOJ045.1840-22.5408	45.1840820004	-22.540885		-1000		-1000		19.6845		-1000		19.1131		-1000		-1000		0.032812	-1000		0.052369		
PSOJ065.4085-26.9543	65.408537  	-26.954335		-1000		-1000		19.3712		-1000		19.2242		-1000		-1000		0.021533	-1000		0.048009		
PSOJ071.4507-02.3332	71.45075   	-2.3332900		-1000		-1000		18.986		-1000		18.9058		-1000		-1000		0.03023		-1000		0.052581		
PSOJ075.9356-07.5061	75.93566   	-7.5061300		-1000		-1000		20.5198		-1000		20.471		-1000		-1000		0.136904	-1000		0.261413		
PSOJ135.8704-13.8336	135.870456803	-13.833686		-1000		-1000		21.0934		-1000		20.9088		-1000		-1000		0.201865	-1000		0.385181		
PSOJ157.9070-02.6599	157.9070364	-2.6599072		20.1893		20.2431		20.263		20.0911		19.8248		0.020801	0.039861	0.033885	0.070917	0.060083		
PSOJ159.2257-02.5438	159.225791 	-2.5438734		20.2347		-1000		20.0877		19.9478		19.5678		0.019136	-1000		0.029456	0.047509	0.045443		
PSOJ167.6415-13.4960	167.641565998	-13.495999		-1000		20.8908		20.5895		21.7287		20.2275		-1000		0.144198	0.123343	0.523225	0.197926		
PSOJ174.7920-12.2845	174.7920407	-12.284549		-1000		20.5377		20.1984		20.3973		19.6362		-1000		0.103293	0.087111	0.159558	0.111474		
PSOJ175.4091-20.2654	175.409184302	-20.265458		-1000		20.1991		19.9415		-1000		19.6453		-1000		0.059542	0.078015	-1000		0.132747		
PSOJ178.5594-12.1881	178.5594134	-12.188189		-1000		21.1959		20.3404		20.4227		20.2697		-1000		0.201809	0.102135	0.224435	0.213888		
PSOJ183.2991-12.7676	183.299189998	-12.767624		-1000		19.2292		19.0742		19.1027		19.0994		-1000		0.028639	0.026165	0.035047	0.066338		
PSOJ184.3389+01.5284	184.3389334	1.5284636 		21.0848		21.216		21.1053		21.0819		20.7118		0.030585	0.077853	0.104305	0.120037	0.119477		
PSOJ187.1047-02.5609	187.104789998	-2.5609033		21.0237		20.912		20.8793		20.6783		20.4257		0.034033	0.057443	0.054668	0.102424	0.099245		
PSOJ209.2058-26.7083	209.205856 	-26.708396		-1000		19.4229		19.4354		-1000		19.1528		-1000		0.027349	0.041334	-1000		0.074785		
PSOJ210.8722-12.0094	210.872220003	-12.009482		-1000		20.7075		20.3412		20.6802		21.3357		-1000		0.122577	0.099995	0.257293	0.498425		
PSOJ212.2974-15.9865	212.297433697	-15.986571		-1000		22.2304		20.6342		21.2903		20.5259		-1000		0.658685	0.186165	0.443147	0.306337		
PSOJ213.3629-22.5617	213.36299  	-22.561737		-1000		19.7145		19.8056		-1000		19.3777		-1000		0.042984	0.06457		-1000		0.094756		
PSOJ213.7329-13.4803	213.7329225	-13.480354		-1000		20.6644		21.0081		20.5013		20.2964		-1000		0.121977	0.184276	0.159537	0.174488		
PSOJ215.1514-16.0417	215.151429998	-16.041735		-1000		19.2424		18.8221		18.6811		18.6299		-1000		0.031551	0.023106	0.03097		0.042247		
PSOJ217.0891-16.0453	217.089132802	-16.045360		-1000		20.0203		19.7141		19.7292		19.3745		-1000		0.054545	0.046124	0.065423	0.076159		
PSOJ217.9185-07.4120	217.9185333	-7.4120744		-1000		20.3259		19.8515		19.8433		19.8223		-1000		0.079707	0.054118	0.091421	0.11162		
PSOJ231.6576-20.8335	231.6576708	-20.833516		-1000		-1000		19.5996		-1000		19.5321		-1000		-1000		0.049744	-1000		0.091739		
PSOJ238.8510-06.8976	238.8510335	-6.8976629		-1000		20.2103		20.4205		20.5136		20.7028		-1000		0.081407	0.128415	0.275975	0.30551		
PSOJ239.7124-07.4026	239.712460902	-7.4026641		-1000		19.5572		19.3743		19.2559		18.982		-1000		0.040722	0.038702	0.058323	0.058812		
PSOJ242.4397-12.9816	242.439710002	-12.981697		-1000		-1000		19.7069		-1000		19.4636		-1000		-1000		0.067868	-1000		0.205653		
PSOJ245.0636-00.1978	245.063676598	-0.1978599		-1000		20.7887		20.7952		24.5278		21.2039		-1000		0.182446	0.195115	8.67996		0.585903		
PSOJ308.0416-21.2339	308.0416401	-21.233975		-1000		20.3059		20.1824		-1000		19.3132		-1000		0.052517	0.071429	-1000		0.074736		
PSOJ308.4829-27.6485	308.48297  	-27.6485  		-1000		19.6375		19.7945		19.7698		19.6323		-1000		0.063712	0.070897	0.089537	0.111812		
PSOJ319.6040-10.9326	319.604029997	-10.93262 		-1000		19.8405		19.8912		-1000		19.8124		-1000		0.034363	0.051879	-1000		0.123654		
PSOJ320.8703-24.3604	320.870329997	-24.3604  		-1000		20.2294		19.8071		-1000		19.5515		-1000		0.047619	0.046679	-1000		0.0889		
PSOJ328.7339-09.5076	328.7339966	-9.5076274		-1000		20.392		20.192		-1000		19.9992		-1000		0.073794	0.098433	-1000		0.190257		
PSOJ340.2041-18.6621	340.204170003	-18.66217 		-1000		19.9429		21.826		-1000		19.5775		-1000		0.048125	0.425856	-1000		0.128144		
PSOJ359.1352-06.3831	359.1352149	-6.3831264		-1000		20.0694		19.964		19.7554		19.4051		-1000		0.06983		0.070735	0.08411		0.078839		
ATLASJ025.6821-33.4627	25.6821971997	-33.46263 19.5172	19.1365		19.101		-1000		18.7545		0.008029	0.010779	0.007404	-1000		0.022233		
ATLASJ029.9915-36.5658	29.9915479 	-36.565723		-1000		-1000		19.4814		-1000		19.2296		-1000		-1000		0.019755	-1000		0.044849		
ATLASJ158.6938-14.4211	158.6938   	-14.4211  		-1000		19.2763		19.2727		19.1888		18.6796		-1000		0.052355	0.059964	0.077283	0.071054		
ATLASJ332.8017-32.1036	332.8007083	-32.103555		23.8964		-1e+09		25.2703		-1000		-1000		0.415021	-1e+09		3.12902		-1000		-1000				
