## Objects with >5.0 magnitude errors, across all five ZYJHK/Ks-bands


Z-band
# na  desig      ra        dec        redshift Z       errZ    Y       errY    J       errJ     H      errH     K       errK    unW1mag unW1err unW1snr unW2mag unW2err unW2snr w3mpro w3sig w3snr w4mpro w4sig w4snr
  VIK J0109-3047 17.471379 -30.790642 6.79     27.8225 20.7137 21.2468 0.09917 21.2779 0.102752 21.134 0.139823 -1000.0 -1000.0 17.9607 0.1096  9.4161  -99.999 -9.99   -99.999 -9.99  -9.99 -9.9  -9.99  -9.99 -9.9 


Y-band
# na      desig      ra          dec          redshift Z          errZ       Y          errY       J         errJ      H          errH       K          errK       unW1mag unW1err unW1snr unW2mag unW2err unW2snr w3mpro w3sig w3snr w4mpro w4sig w4snr
  SHELLQs J0844-0052 131.1316666  -0.8818333  6.25     -999.99999 -999.99999 28.91128 353.10153 25.43772   12.554456  -999.99999 -999.99999 -999.99999 -999.99999 -99.999 -9.99   -99.999 -99.999 -9.99   -99.999 -9.99  -9.99 -9.9  -9.99  -9.99 -9.9 
  SHELLQs J0902+0155 135.728625   1.91969444  6.01     24.2383    0.44529    25.9623  4.84416   22.9069    0.406374   23.3342    1.0647     -1.0E9     -1.0E9     -99.999 -9.99   -99.999 -99.999 -9.99   -99.999 -9.99  -9.99 -9.9  -9.99  -9.99 -9.9 
  SHELLQs J1146-0005 176.745375   -0.0938056  6.3      -1.0E9     -1.0E9     25.2742  4.18531   23.4565    0.619389   22.3199    0.585418   22.6937    0.630852   -99.999 -9.99   -99.999 -99.999 -9.99   -99.999 -9.99  -9.99 -9.9  -9.99  -9.99 -9.9 
  SHELLQs J1219+0050 184.77225    0.84375     6.01     -999.99999 -999.99999 25.23681 11.28852  21.206644  0.243602   21.717892  0.55845    20.574286  0.266481   -99.999 -9.99   -99.999 -99.999 -9.99   -99.999 -9.99  -9.99 -9.9  -9.99  -9.99 -9.9 
  SHELLQs J1429-0002 217.29258333 -0.03538889 6.04     -1.0E9     -1.0E9     27.1226  22.9341   -1.0E9     -1.0E9     -1.0E9     -1.0E9     -1.0E9     -1.0E9     -99.999 -9.99   -99.999 -99.999 -9.99   -99.999 -9.99  -9.99 -9.9  -9.99  -9.99 -9.9 
  SHELLQs J2255+0251 343.9085     2.8573889   6.34     -999.99999 -999.99999 27.35337 63.67306  -999.99999 -999.99999 21.473616  0.411124   -999.99999 -999.99999 17.8215 0.1103  9.3547  -99.999 -9.99   -99.999 -9.99  -9.99 -9.9  -9.99  -9.99 -9.9 
  CFHQS   J2329-0403 352.31025    -4.0566944  5.9      -999.99999 -999.99999 25.0024  6.69078   23.1083    1.25675    -1.0E9     -1.0E9     22.4071    1.18566    -99.999 -9.99   -99.999 -99.999 -9.99   -99.999 -9.99  -9.99 -9.9  -9.99  -9.99 -9.9 


J-band
# na      desig      ra          dec          redshift Z          errZ       Y          errY       J         errJ      H          errH       K          errK       unW1mag unW1err unW1snr unW2mag unW2err unW2snr w3mpro w3sig w3snr w4mpro w4sig w4snr
  SHELLQs J0844-0052 131.1316666 -0.8818333   6.25     -999.99999 -999.99999 28.91128   353.10153  25.43772  12.554456 -999.99999 -999.99999 -999.99999 -999.99999 -99.999 -9.99   -99.999 -99.999 -9.99   -99.999 -9.99  -9.99 -9.9  -9.99  -9.99 -9.9 
  SHELLQs J0911+0152 137.8094583 1.8720556    6.07     -999.99999 -999.99999 -999.99999 -999.99999 25.232147 8.481326  -999.99999 -999.99999 21.323423  0.446054   -99.999 -9.99   -99.999 -99.999 -9.99   -99.999 -9.99  -9.99 -9.9  -9.99  -9.99 -9.9 
  SDSS    J1000+0234 150.2145833 2.5826333    5.3      -999.99999 -999.99999 27.05733   2.77418    30.257797 57.243446 29.153927  75.57138   -999.99999 -999.99999 -99.999 -9.99   -99.999 -99.999 -9.99   -99.999 -9.99  -9.99 -9.9  -9.99  -9.99 -9.9 
  SHELLQs J1422+0011 215.5009583 0.1841667    5.89     -999.99999 -999.99999 -999.99999 -999.99999 26.249235 18.899021 -999.99999 -999.99999 -999.99999 -999.99999 -99.999 -9.99   -99.999 -99.999 -9.99   -99.999 -9.99  -9.99 -9.9  -9.99  -9.99 -9.9 
  SHELLQs J1550+4318 237.503875  43.3007778   5.84     -999.99999 -999.99999 -999.99999 -999.99999 24.654394 7.931942  -999.99999 -999.99999 -999.99999 -999.99999 -99.999 -9.99   -99.999 -99.999 -9.99   -99.999 -9.99  -9.99 -9.9  -9.99  -9.99 -9.9 
  VIK     J2318-3113 349.5       -31.21666667 6.51     -1.0E9     -1.0E9     -1.0E9     -1.0E9     25.933    6.32552   23.5741    1.53031    -1.0E9     -1.0E9     -99.999 -9.99   -99.999 -99.999 -9.99   -99.999 -9.99  -9.99 -9.9  -9.99  -9.99 -9.9 


H-band
# na      desig             ra           dec         redshift Z          errZ       Y          errY       J          errJ       H         errH      K          errK       unW1mag unW1err unW1snr unW2mag unW2err unW2snr w3mpro w3sig w3snr w4mpro w4sig w4snr
  SHELLQs J0857+0056        134.4105416  0.93686111  6.35     24.6083    0.58849    23.8412    1.02544    23.8111    0.919334   25.8001   6.99168   23.2623    1.16866    -99.999 -9.99   -99.999 -99.999 -9.99   -99.999 -9.99  -9.99 -9.9  -9.99  -9.99 -9.9 
  SHELLQs J0918+0139        139.6382083  1.6564722   6.19     -999.99999 -999.99999 22.63049   0.64368    -999.99999 -999.99999 25.858183 19.397446 21.983412  0.771966   -99.999 -9.99   -99.999 -99.999 -9.99   -99.999 -9.99  -9.99 -9.9  -9.99  -9.99 -9.9 
  SDSS    J1000+0234        150.2145833  2.5826333   5.3      -999.99999 -999.99999 27.05733   2.77418    30.257797  57.243446  29.153927 75.57138  -999.99999 -999.99999 -99.999 -9.99   -99.999 -99.999 -9.99   -99.999 -9.99  -9.99 -9.9  -9.99  -9.99 -9.9 
  SDSS    J1000+0234        150.21458333 2.58263333  5.3      -999.99999 -999.99999 26.3527    0.33107    26.9776    0.62756    29.0018   7.58539   26.5409    1.12801    -99.999 -9.99   -99.999 -99.999 -9.99   -99.999 -9.99  -9.99 -9.9  -9.99  -9.99 -9.9 
  SHELLQs J1417+0117        214.3694583  1.2867778   6.02     -999.99999 -999.99999 -999.99999 -999.99999 -999.99999 -999.99999 24.288553 5.571688  23.05891   2.204939   -99.999 -9.99   -99.999 -99.999 -9.99   -99.999 -9.99  -9.99 -9.9  -9.99  -9.99 -9.9 
  SHELLQs J1429-0104        217.2628333  -1.0787222  6.8      -999.99999 -999.99999 22.68734   0.82694    23.39225   1.787058   27.61784  102.44953 -999.99999 -999.99999 -99.999 -9.99   -99.999 -99.999 -9.99   -99.999 -9.99  -9.99 -9.9  -9.99  -9.99 -9.9 
  PSO     J245.0636-00.1978 245.0636766  -0.19786005 5.68     -999.99999 -999.99999 20.7887    0.18245    20.7952    0.195115   24.5278   8.67996   21.2039    0.585903   18.1202 0.125   8.1927  -99.999 -9.99   -99.999 -9.99  -9.99 -9.9  -9.99  -9.99 -9.9 
  SHELLQs J2201+0155        330.383625   1.9247222   6.16     -999.99999 -999.99999 24.98643   1.0683     25.307573  1.030311   24.050255 8.481997  -999.99999 -999.99999 -99.999 -9.99   -99.999 -99.999 -9.99   -99.999 -9.99  -9.99 -9.9  -9.99  -9.99 -9.9 
  HSC     J2216-0016        334.1852917  -0.2805833  6.1      -999.99999 -999.99999 22.12994   0.51059    22.824768  0.12298    23.838448 5.319516  22.39026   0.105327   -99.999 -9.99   -99.999 -99.999 -9.99   -99.999 -9.99  -9.99 -9.9  -9.99  -9.99 -9.9 
  SHELLQs J2252+0225        343.0226667  2.4255278   6.12     -999.99999 -999.99999 22.39778   0.76596    -999.99999 -999.99999 24.221796 6.550653  -999.99999 -999.99999 -99.999 -9.99   -99.999 -99.999 -9.99   -99.999 -9.99  -9.99 -9.9  -9.99  -9.99 -9.9 


Ks/K-band
# na      desig      ra          dec        redshift Z          errZ       Y          errY       J         errJ     H          errH       K         errK      unW1mag unW1err unW1snr unW2mag unW2err unW2snr w3mpro w3sig w3snr w4mpro w4sig w4snr
  SDSS    J0301+0020 45.3208749  0.34055556 5.5      -999.99999 -999.99999 -999.99999 -999.99999 22.9738   0.823641 -1.0E9     -1.0E9     24.7125   8.02265   -99.999 -9.99   -99.999 -99.999 -9.99   -99.999 -9.99  -9.99 -9.9  -9.99  -9.99 -9.9 
  SHELLQs J1422+0011 215.5009583 0.1841667  5.89     24.5896    0.87753    -999.99999 -999.99999 22.6579   0.511949 -999.99999 -999.99999 25.7726   10.3407   -99.999 -9.99   -99.999 -99.999 -9.99   -99.999 -9.99  -9.99 -9.9  -9.99  -9.99 -9.9 
  SHELLQs J2223+0326 335.789625  3.4389722  6.05     -999.99999 -999.99999 21.56012   0.3208     20.883804 0.228368 21.095701  0.548828   23.860237 5.785132  18.2904 0.1511  6.6953  16.9593 0.1799  5.5499  -9.99  -9.99 -9.9  -9.99  -9.99 -9.9 
  SHELLQs J2231-0035 337.9537083 -0.5965278 5.87     -999.99999 -999.99999 -999.99999 -999.99999 23.497517 0.415462 -999.99999 -999.99999 26.149826 17.003006 -99.999 -9.99   -99.999 -99.999 -9.99   -99.999 -9.99  -9.99 -9.9  -9.99  -9.99 -9.9 
  CFHQS   J2242+0334 340.65645   3.5726666  5.88     -999.99999 -999.99999 22.59942   0.72877    21.72129  0.447459 22.446423  0.916993   24.012804 5.260868  -99.999 -9.99   -99.999 -99.999 -9.99   -99.999 -9.99  -9.99 -9.9  -9.99  -9.99 -9.9 




