                 CFHQSJ0216-0455,     +34.1158750,      -4.9261388,   5,        522
                 CFHQSJ0216-0455,     +34.1158750,      -4.9261388,   3,        354
                 CFHQSJ0216-0455,     +34.1158750,      -4.9261388,   4,        221
                  SDSSJ1000+0234,    +150.2145833,      +2.5826333,   3,         87
                 CFHQSJ0216-0455,     +34.1158750,      -4.9261388,   2,         70
                  SDSSJ0959+0227,    +149.7837500,      +2.4520444,   3,         67
                  SDSSJ0959+0227,    +149.7837500,      +2.4520444,   6,         28
                  SDSSJ2216+0013,    +334.1834167,      +0.2300278,   2,         24
                  SDSSJ2216+0013,    +334.1834167,      +0.2300278,   3,         23
                  SDSSJ1000+0234,    +150.2145833,      +2.5826333,   2,         22
                  SDSSJ0959+0227,    +149.7837500,      +2.4520444,   9,         22
                  SDSSJ0836+0054,    +129.1827665,      +0.9147934,   3,         22
                  SDSSJ1000+0234,    +150.2145833,      +2.5826333,   9,         21
               SHELLQsJ1146+0124,    +176.7017500,      +1.4055833,   5,         20
                  SDSSJ2216+0013,    +334.1834167,      +0.2300278,   5,         20
                  SDSSJ1000+0234,    +150.2145833,      +2.5826333,  10,         20
                   VIKJ1148+0056,    +177.1382500,      +0.9450722,   5,         20
                  SDSSJ1050+5804,    +162.6519480,     +58.0735236,   3,         19
                  SDSSJ0959+0227,    +149.7837500,      +2.4520444,  10,         18
                  SDSSJ0959+0227,    +149.7837500,      +2.4520444,   5,         18
               SHELLQsJ1146+0124,    +176.7017500,      +1.4055833,   3,         17
                   VIKJ1148+0056,    +177.1382500,      +0.9450722,   3,         17
               SHELLQsJ1004+0239,    +151.0056667,      +2.6585278,   3,         16
               ELAIS1091000446.0,    +240.9544583,     +55.1756389,   5,         16
                 CFHQSJ0216-0455,     +34.1158750,      -4.9261388,   9,         16
                  SDSSJ2211+0011,    +332.9208750,      +0.1885833,   3,         16
                  SDSSJ1053+5804,    +163.3457870,     +58.0700362,   3,         16
               ELAIS1091000446.0,    +240.9544583,     +55.1756389,   3,         15
                  SDSSJ2220-0101,    +335.0770400,      -1.0296911,   3,         15
                  SDSSJ1034+5722,    +158.5597083,     +57.3743611,   3,         15
                  SDSSJ1000+0234,    +150.2145833,      +2.5826333,   6,         15
               SHELLQsJ1004+0239,    +151.0056667,      +2.6585278,   5,         14
                  SDSSJ2212-0042,    +333.2145417,      -0.7085278,   5,         14
                  SDSSJ1000+0234,    +150.2145833,      +2.5826333,   5,         14
                   MMTJ2215-0009,    +333.8342500,      -0.1523333,   5,         14
                   MMTJ2213+0034,    +333.2719167,      +0.5688333,   3,         14
                   HSCJ2216-0016,    +334.1852917,      -0.2805833,   5,         14
               SHELLQsJ2201+0155,    +330.3836250,      +1.9247222,   3,         13
                 SDSSJ0221-0342B,     +35.3025416,      -3.7145000,   5,         13
                 SDSSJ0221-0342B,     +35.3025416,      -3.7145000,   3,         13
                 CFHQSJ0216-0455,     +34.1158750,      -4.9261388,  10,         13
                  SDSSJ2220-0101,    +335.0770400,      -1.0296911,   5,         13
                  SDSSJ2212-0042,    +333.2145417,      -0.7085278,   3,         13
                  SDSSJ2211+0011,    +332.9208750,      +0.1885833,   5,         13
                  SDSSJ0959+0227,    +149.7837500,      +2.4520444,   4,         13
                  MMTJ0221-0342A,     +35.3013333,      -3.7087778,   5,         13
                  MMTJ0221-0342A,     +35.3013333,      -3.7087778,   3,         13
                   MMTJ2215-0009,    +333.8342500,      -0.1523333,   3,         13
                   MMTJ2213+0034,    +333.2719167,      +0.5688333,   5,         13
                   MMTJ2213+0034,    +333.2719167,      +0.5688333,   4,         13
                   MMTJ2202+0131,    +330.6383333,      +1.5223056,   3,         13
               SHELLQsJ1004+0239,    +151.0056667,      +2.6585278,   4,         12
                  SDSSJ1053+5804,    +163.3457870,     +58.0700362,   5,         12
                  SDSSJ1034+5722,    +158.5597083,     +57.3743611,   5,         12
                  SDSSJ0959+0227,    +149.7837500,      +2.4520444,   2,         12
                  SDSSJ0836+0054,    +129.1827665,      +0.9147934,   1,         12
                   HSCJ2216-0016,    +334.1852917,      -0.2805833,   3,         12
                 NDWFSJ1425+3254,    +216.3180505,     +32.9026503,   5,         11
                  SDSSJ0338+0021,     +54.6221249,      +0.3656388,   3,         11
                   MMTJ2215-0009,    +333.8342500,      -0.1523333,   4,         11
                 FIRSTJ1427+3312,    +216.9107900,     +33.2116660,   5,         10
                  SDSSJ1429+3304,    +217.4082083,     +33.0711667,   5,         10
                  SDSSJ1050+5804,    +162.6519480,     +58.0735236,   5,         10
            PSOJ213.7329-13.4803,    +213.7329225,     -13.4803543,   1,          9
               SHELLQsJ2210+0304,    +332.6135000,      +3.0745833,   3,          9
                 CFHQSJ0216-0455,     +34.1158750,      -4.9261388,   6,          9
                  SDSSJ0836+0054,    +129.1827665,      +0.9147934,   2,          9
                   MMTJ2202+0131,    +330.6383333,      +1.5223056,   2,          9
            PSOJ210.8297+09.0474,    +210.8297035,      +9.0474981,   3,          8
               SHELLQsJ1146+0124,    +176.7017500,      +1.4055833,   4,          8
                  SDSSJ1154+2333,    +178.5829944,     +23.5659084,   3,          8
                  SDSSJ1053+5804,    +163.3457870,     +58.0700362,   2,          8
                  SDSSJ1050+5804,    +162.6519480,     +58.0735236,   2,          8
                  SDSSJ1000+0234,    +150.2145833,      +2.5826333,   4,          8
                   VIKJ1148+0056,    +177.1382500,      +0.9450722,   4,          8
               SHELLQsJ2231-0035,    +337.9537083,      -0.5965278,   3,          7
               SHELLQsJ2210+0304,    +332.6135000,      +3.0745833,   2,          7
                SDWISEJ2201+0302,    +330.2776249,      +3.0354750,   3,          7
                  SDSSJ1154+2333,    +178.5829944,     +23.5659084,   5,          7
                   IMSJ2210+0243,    +332.6541250,      +2.7204722,   3,          7
                  SDSSJ0841+2905,    +130.3313231,     +29.0845966,   3,          6
                   IMSJ2206+0201,    +331.6450417,      +2.0267500,   2,          6
               SHELLQsJ2201+0155,    +330.3836250,      +1.9247222,   2,          5
               SHELLQsJ0905+0300,    +136.4360416,      +3.0163333,   4,          5
               SHELLQsJ0905+0300,    +136.4360416,      +3.0163333,   3,          5
                SDWISEJ2201+0302,    +330.2776249,      +3.0354750,   2,          5
                   MMTJ1357+5305,    +209.4472500,     +53.0951389,   3,          5
                   IMSJ2210+0243,    +332.6541250,      +2.7204722,   2,          5
                   IMSJ2206+0201,    +331.6450417,      +2.0267500,   3,          5
                   IMSJ2204+0012,    +331.0746667,      +1.1957778,   3,          5
                   IMSJ1401+5143,    +210.4581667,     +51.7195278,   2,          5
               SHELLQsJ1400-0011,    +210.1199583,      -0.1976389,   3,          4
               SHELLQsJ0957+0053,    +149.4182917,      +0.8926667,   3,          4
               SHELLQsJ0857+0056,    +134.4105416,      +0.9368611,   3,          4
                  SDSSJ2212-0042,    +333.2145417,      -0.7085278,   4,          4
                  SDSSJ2119-0040,    +319.9662083,      -0.6722500,   5,          4
                  SDSSJ1626+2858,    +246.6216700,     +28.9826600,   4,          4
                  SDSSJ1626+2858,    +246.6216700,     +28.9826600,   3,          4
                  SDSSJ1626+2751,    +246.6104204,     +27.8590266,   3,          4
                  SDSSJ1623+3112,    +245.8825602,     +31.2001475,   3,          4
                  SDSSJ1411+1217,    +212.7970333,     +12.2936897,   3,          4
                  SDSSJ0957+0610,    +149.2819880,      +6.1832069,   3,          4
                   MMTJ1414+5732,    +213.6315417,     +57.5428056,   3,          4
                   MMTJ1414+5446,    +213.6950833,     +54.7755000,   3,          4
                   MMTJ1408+5300,    +212.0955000,     +53.0058056,   3,          4
                   MMTJ1357+5305,    +209.4472500,     +53.0951389,   2,          4
                   MMTJ0215-0529,     +33.8469583,      -5.4960556,   3,          4
                   IMSJ1401+5143,    +210.4581667,     +51.7195278,   3,          4
            PSOJ261.0364+19.0286,    +261.0364292,     +19.0286444,   3,          3
            PSOJ210.4472+27.8263,    +210.4472342,     +27.8263983,   3,          3
            PSOJ060.5529+24.8567,     +60.5528945,     +24.8567857,   5,          3
               SHELLQsJ1423-0018,    +215.8821250,      -0.3025278,   5,          3
               SHELLQsJ1423-0018,    +215.8821250,      -0.3025278,   4,          3
               SHELLQsJ1423-0018,    +215.8821250,      -0.3025278,   3,          3
               SHELLQsJ1422+0011,    +215.5009583,      +0.1841667,   3,          3
               SHELLQsJ1416+0015,    +214.0529583,      +0.2628333,   3,          3
               SHELLQsJ1209-0006,    +182.3499583,      -0.1129167,   3,          3
               SHELLQsJ0902+0155,    +135.7286250,      +1.9196944,   4,          3
               SHELLQsJ0902+0155,    +135.7286250,      +1.9196944,   3,          3
                SDWISEJ0306+1853,     +46.6771250,     +18.8877361,   3,          3
                 NDWFSJ1425+3254,    +216.3180505,     +32.9026503,   2,          3
                 FIRSTJ1427+3312,    +216.9107900,     +33.2116660,   2,          3
                  ULASJ1609+3041,    +242.4052913,     +30.6966052,   3,          3
                  ULASJ1243+2529,    +190.9200541,     +25.4899697,   5,          3
                  ULASJ1243+2529,    +190.9200541,     +25.4899697,   3,          3
                  ULASJ1243+2529,    +190.9200541,     +25.4899697,   2,          3
                  ULASJ1207+0630,    +181.9059988,      +6.5028433,   3,          3
                  ULASJ0828+2633,    +127.0558622,     +26.5654140,   3,          3
                  ULASJ0148+0600,     +27.1568128,      +6.0055734,   3,          3
                  SDUVJ1134+0828,    +173.5592917,      +8.4814722,   3,          3
                  SDSSJ2220-0101,    +335.0770400,      -1.0296911,   4,          3
                  SDSSJ2220-0101,    +335.0770400,      -1.0296911,   2,          3
                  SDSSJ2118-0003,    +319.5530416,      -0.0640833,   5,          3
                  SDSSJ1623+3112,    +245.8825602,     +31.2001475,   5,          3
                  SDSSJ1623+3112,    +245.8825602,     +31.2001475,   4,          3
                  SDSSJ1623+3112,    +245.8825602,     +31.2001475,   2,          3
                  SDSSJ1429+3304,    +217.4082083,     +33.0711667,   2,          3
                  SDSSJ1411+1217,    +212.7970333,     +12.2936897,   2,          3
                  SDSSJ1204-0021,    +181.1738947,      -0.3637859,   3,          3
                  SDSSJ1123-0044,    +170.7964583,      -0.7385111,   3,          3
                  SDSSJ1122+1342,    +170.7085131,     +13.7101246,   5,          3
                  SDSSJ1122+1342,    +170.7085131,     +13.7101246,   4,          3
                  SDSSJ0841+2905,    +130.3313231,     +29.0845966,   4,          3
                   MMTJ1419+5553,    +214.9853750,     +55.8878333,   3,          3
                   MMTJ1414+5446,    +213.6950833,     +54.7755000,   5,          3
                   MMTJ1408+5300,    +212.0955000,     +53.0058056,   5,          3
                   MMTJ0215-0529,     +33.8469583,      -5.4960556,   2,          3
                   IMSJ2210+0243,    +332.6541250,      +2.7204722,   5,          3
                   IMSJ2210+0243,    +332.6541250,      +2.7204722,   4,          3
                   HSCJ1207-0005,    +181.9755833,      -0.0981389,   3,          3
            PSOJ338.2298+29.5089,    +338.2297707,     +29.5089760,   3,          2
            PSOJ261.0364+19.0286,    +261.0364292,     +19.0286444,   5,          2
            PSOJ210.4472+27.8263,    +210.4472342,     +27.8263983,   5,          2
            PSOJ210.4472+27.8263,    +210.4472342,     +27.8263983,   4,          2
            PSOJ210.4472+27.8263,    +210.4472342,     +27.8263983,   2,          2
            PSOJ187.1047-02.5609,    +187.1047900,      -2.5609033,   5,          2
            PSOJ187.1047-02.5609,    +187.1047900,      -2.5609033,   4,          2
            PSOJ187.1047-02.5609,    +187.1047900,      -2.5609033,   3,          2
            PSOJ187.1047-02.5609,    +187.1047900,      -2.5609033,   2,          2
            PSOJ172.1770+26.8866,    +172.1770011,     +26.8866654,   3,          2
            PSOJ007.0273+04.9571,      +7.0273329,      +4.9571232,   5,          2
            PSOJ007.0273+04.9571,      +7.0273329,      +4.9571232,   4,          2
            PSOJ007.0273+04.9571,      +7.0273329,      +4.9571232,   3,          2
            PSOJ007.0273+04.9571,      +7.0273329,      +4.9571232,   2,          2
               VIMOS2911001793.0,    +334.8217500,      +1.0469167,   3,          2
               SHELLQsJ1429-0104,    +217.2628333,      -1.0787222,   3,          2
               SHELLQsJ1429-0002,    +217.2925833,      -0.0353889,   5,          2
               SHELLQsJ1429-0002,    +217.2925833,      -0.0353889,   4,          2
               SHELLQsJ1429-0002,    +217.2925833,      -0.0353889,   3,          2
               SHELLQsJ1429-0002,    +217.2925833,      -0.0353889,   2,          2
               SHELLQsJ1425-0015,    +216.3238333,      -0.2613611,   5,          2
               SHELLQsJ1425-0015,    +216.3238333,      -0.2613611,   4,          2
               SHELLQsJ1423-0018,    +215.8821250,      -0.3025278,   2,          2
               SHELLQsJ1422+0011,    +215.5009583,      +0.1841667,   5,          2
               SHELLQsJ1422+0011,    +215.5009583,      +0.1841667,   4,          2
               SHELLQsJ1422+0011,    +215.5009583,      +0.1841667,   2,          2
               SHELLQsJ1416+0015,    +214.0529583,      +0.2628333,   5,          2
               SHELLQsJ1416+0015,    +214.0529583,      +0.2628333,   4,          2
               SHELLQsJ1416+0015,    +214.0529583,      +0.2628333,   2,          2
               SHELLQsJ1414+0130,    +213.6647500,      +1.5101389,   3,          2
               SHELLQsJ1406-0116,    +211.6213333,      -1.2697778,   3,          2
               SHELLQsJ1400-0125,    +210.1249583,      -1.4225000,   3,          2
               SHELLQsJ1400-0011,    +210.1199583,      -0.1976389,   5,          2
               SHELLQsJ1400-0011,    +210.1199583,      -0.1976389,   2,          2
               SHELLQsJ1219+0050,    +184.7722500,      +0.8437500,   3,          2
               SHELLQsJ1146-0154,    +176.6360833,      -1.9106389,   3,          2
               SHELLQsJ1146-0005,    +176.7453750,      -0.0938056,   3,          2
               SHELLQsJ0957+0053,    +149.4182917,      +0.8926667,   5,          2
               SHELLQsJ0957+0053,    +149.4182917,      +0.8926667,   4,          2
               SHELLQsJ0957+0053,    +149.4182917,      +0.8926667,   2,          2
               SHELLQsJ0921+0007,    +140.3356667,      +0.1230278,   3,          2
               SHELLQsJ0918+0139,    +139.6382083,      +1.6564722,   3,          2
               SHELLQsJ0911+0152,    +137.8094583,      +1.8720556,   3,          2
               SHELLQsJ0903+0211,    +135.8111666,      +2.1911944,   3,          2
               SHELLQsJ0858+0000,    +134.5562917,      +0.0158611,   3,          2
               SHELLQsJ0857+0056,    +134.4105416,      +0.9368611,   5,          2
               SHELLQsJ0857+0056,    +134.4105416,      +0.9368611,   4,          2
               SHELLQsJ0857+0056,    +134.4105416,      +0.9368611,   2,          2
               SHELLQsJ0853+0139,    +133.4535000,      +1.6530556,   3,          2
               SHELLQsJ0844-0132,    +131.0358750,      -1.5379167,   3,          2
               SHELLQsJ0844-0052,    +131.1316666,      -0.8818333,   3,          2
               SHELLQsJ0834+0211,    +128.5036667,      +2.1963611,   3,          2
                SDWISEJ2225+0330,    +336.3099166,      +3.5034722,   5,          2
                SDWISEJ2225+0330,    +336.3099166,      +3.5034722,   4,          2
                SDWISEJ2225+0330,    +336.3099166,      +3.5034722,   3,          2
                SDWISEJ2225+0330,    +336.3099166,      +3.5034722,   2,          2
                SDWISEJ1752+5036,    +268.1837500,     +50.6091805,   3,          2
                SDWISEJ1601-1828,    +240.2964999,     -18.4764111,   5,          2
                SDWISEJ0747+1153,    +116.9549166,     +11.8979055,   3,          2
                SDWISEJ0306+1853,     +46.6771250,     +18.8877361,   1,          2
                SDWISEJ0025-0145,      +6.3618333,      -1.7590306,   4,          2
                 CFHQSJ1641+3755,    +250.3405347,     +37.9222629,   3,          2
                 CFHQSJ1429+5447,    +217.4673700,     +54.7882490,   3,          2
                 CFHQSJ0210-0456,     +32.5549580,      -4.9391388,   3,          2
                  ULASJ1342+0928,    +205.5337500,      +9.4773889,   3,          2
                  ULASJ1319+0950,    +199.7970850,      +9.8476434,   3,          2
                  ULASJ1243+2529,    +190.9200541,     +25.4899697,   4,          2
                  ULASJ1207+0630,    +181.9059988,      +6.5028433,   2,          2
                  ULASJ1148+0702,    +177.0137037,      +7.0356349,   3,          2
                  ULASJ1148+0702,    +177.0137037,      +7.0356349,   2,          2
                  ULASJ1120+0641,    +170.0061600,      +6.6900833,   5,          2
                  ULASJ1120+0641,    +170.0061600,      +6.6900833,   4,          2
                  ULASJ1120+0641,    +170.0061600,      +6.6900833,   3,          2
                  ULASJ1120+0641,    +170.0061600,      +6.6900833,   2,          2
                  ULASJ0828+2633,    +127.0558622,     +26.5654140,   2,          2
                  ULASJ0148+0600,     +27.1568128,      +6.0055734,   1,          2
                  SDUVJ2330+0957,    +352.5362917,      +9.9621389,   5,          2
                  SDUVJ2330+0957,    +352.5362917,      +9.9621389,   4,          2
                  SDUVJ2330+0957,    +352.5362917,      +9.9621389,   3,          2
                  SDUVJ2330+0957,    +352.5362917,      +9.9621389,   2,          2
                  SDUVJ1527+0641,    +231.8035833,      +6.6894167,   3,          2
                  SDUVJ1513+0854,    +228.4151667,      +8.9018056,   3,          2
                  SDUVJ1147-0109,    +176.7767083,      -1.1661667,   3,          2
                  SDUVJ1147-0109,    +176.7767083,      -1.1661667,   2,          2
                  SDUVJ1134+0828,    +173.5592917,      +8.4814722,   4,          2
                  SDUVJ1134+0828,    +173.5592917,      +8.4814722,   2,          2
                  SDUVJ1133+1603,    +173.2865833,     +16.0654722,   3,          2
                  SDUVJ1022+0801,    +155.5079583,      +8.0228333,   5,          2
                  SDUVJ1022+0801,    +155.5079583,      +8.0228333,   4,          2
                  SDUVJ1022+0801,    +155.5079583,      +8.0228333,   3,          2
                  SDUVJ1022+0801,    +155.5079583,      +8.0228333,   2,          2
                  SDUVJ1006-0310,    +151.5608750,      -3.1751111,   3,          2
                  SDUVJ0957+1016,    +149.3008333,     +10.2718056,   3,          2
                  SDUVJ0829+2506,    +127.3879166,     +25.1126667,   3,          2
                  SDSSJ2334-0010,    +353.7293749,      -0.1728055,   3,          2
                  SDSSJ2228+0110,    +337.1814100,      +1.1756111,   4,          2
                  SDSSJ2228+0110,    +337.1814100,      +1.1756111,   3,          2
                  SDSSJ2228+0110,    +337.1814100,      +1.1756111,   2,          2
                  SDSSJ1630+4012,    +247.6412639,     +40.2026929,   3,          2
                  SDSSJ1626+2858,    +246.6216700,     +28.9826600,   5,          2
                  SDSSJ1626+2858,    +246.6216700,     +28.9826600,   2,          2
                  SDSSJ1626+2751,    +246.6104204,     +27.8590266,   5,          2
                  SDSSJ1626+2751,    +246.6104204,     +27.8590266,   4,          2
                  SDSSJ1626+2751,    +246.6104204,     +27.8590266,   2,          2
                  SDSSJ1602+4228,    +240.7249088,     +42.4735952,   3,          2
                  SDSSJ1524+0816,    +231.0170833,      +8.2775833,   5,          2
                  SDSSJ1524+0816,    +231.0170833,      +8.2775833,   3,          2
                  SDSSJ1423+1303,    +215.8580071,     +13.0501956,   3,          2
                  SDSSJ1411+1217,    +212.7970333,     +12.2936897,   5,          2
                  SDSSJ1411+1217,    +212.7970333,     +12.2936897,   4,          2
                  SDSSJ1340+3926,    +205.0626338,     +39.4418596,   3,          2
                  SDSSJ1340+2813,    +205.1676667,     +28.2244889,   5,          2
                  SDSSJ1334+1220,    +203.5523482,     +12.3390862,   3,          2
                  SDSSJ1250+3130,    +192.7163615,     +31.5060828,   5,          2
                  SDSSJ1250+3130,    +192.7163615,     +31.5060828,   4,          2
                  SDSSJ1250+3130,    +192.7163615,     +31.5060828,   3,          2
                  SDSSJ1250+3130,    +192.7163615,     +31.5060828,   2,          2
                  SDSSJ1236+4657,    +189.0252080,     +46.9569805,   3,          2
                  SDSSJ1233+0622,    +188.3894733,      +6.3761650,   3,          2
                  SDSSJ1208+0010,    +182.0992500,      +0.1743611,   3,          2
                  SDSSJ1202+3235,    +180.5324218,     +32.5941100,   3,          2
                  SDSSJ1123-0044,    +170.7964583,      -0.7385111,   4,          2
                  SDSSJ1123-0044,    +170.7964583,      -0.7385111,   2,          2
                  SDSSJ1122+1342,    +170.7085131,     +13.7101246,   3,          2
                  SDSSJ1048+4637,    +162.1877710,     +46.6218184,   3,          2
                  SDSSJ1044-0125,    +161.1376700,      -1.4172777,   5,          2
                  SDSSJ1044-0125,    +161.1376700,      -1.4172777,   4,          2
                  SDSSJ1044-0125,    +161.1376700,      -1.4172777,   3,          2
                  SDSSJ1044-0125,    +161.1376700,      -1.4172777,   2,          2
                  SDSSJ1030+0524,    +157.6129585,      +5.4152946,   5,          2
                  SDSSJ1030+0524,    +157.6129585,      +5.4152946,   4,          2
                  SDSSJ1030+0524,    +157.6129585,      +5.4152946,   3,          2
                  SDSSJ1030+0524,    +157.6129585,      +5.4152946,   2,          2
                  SDSSJ1028+0746,    +157.1393988,      +7.7719322,   5,          2
                  SDSSJ1028+0746,    +157.1393988,      +7.7719322,   4,          2
                  SDSSJ1028+0746,    +157.1393988,      +7.7719322,   3,          2
                  SDSSJ1028+0746,    +157.1393988,      +7.7719322,   2,          2
                  SDSSJ0957+0610,    +149.2819880,      +6.1832069,   5,          2
                  SDSSJ0957+0610,    +149.2819880,      +6.1832069,   4,          2
                  SDSSJ0957+0610,    +149.2819880,      +6.1832069,   2,          2
                  SDSSJ0957+0519,    +149.3661115,      +5.3181323,   3,          2
                  SDSSJ0902+0851,    +135.6906706,      +8.8544229,   3,          2
                  SDSSJ0854+2056,    +133.6265512,     +20.9474547,   5,          2
                  SDSSJ0846+0800,    +131.6160038,      +8.0143655,   3,          2
                  SDSSJ0841+2905,    +130.3313231,     +29.0845966,   5,          2
                  SDSSJ0835+0537,    +128.9765132,      +5.6314046,   3,          2
                  SDSSJ0824+1302,    +126.2250634,     +13.0380490,   3,          2
                  SDSSJ0741+2520,    +115.4780000,     +25.3415694,   3,          2
                  SDSSJ0353+0104,     +58.4572136,      +1.0679614,   3,          2
                  SDSSJ0341-0048,     +55.4243750,      -0.8035444,   5,          2
                  SDSSJ0341-0048,     +55.4243750,      -0.8035444,   4,          2
                  SDSSJ0341-0048,     +55.4243750,      -0.8035444,   3,          2
                  SDSSJ0301+0020,     +45.3208749,      +0.3405556,   3,          2
                  SDSSJ0239-0045,     +39.8760000,      -0.7514999,   5,          2
                  SDSSJ0239-0045,     +39.8760000,      -0.7514999,   4,          2
                  SDSSJ0239-0045,     +39.8760000,      -0.7514999,   3,          2
                  SDSSJ0100+2802,     +15.0542635,     +28.0405320,   3,          2
                  DELSJ1316+1028,    +199.0339160,     +10.4757777,   3,          2
                   VIKJ1215+0023,    +183.8202986,      +0.3901834,   4,          2
                   VIKJ1152+0055,    +178.0886300,      +0.9268583,   3,          2
                   MMTJ1437+5151,    +219.4855833,     +51.8541944,   3,          2
                   MMTJ1419+5553,    +214.9853750,     +55.8878333,   2,          2
                   MMTJ1414+5732,    +213.6315417,     +57.5428056,   5,          2
                   MMTJ1414+5732,    +213.6315417,     +57.5428056,   4,          2
                   IMSJ0850-0506,    +132.6173333,      -5.1019167,   3,          2
                   IMSJ0850-0506,    +132.6173333,      -5.1019167,   2,          2
                   HSCJ1207-0005,    +181.9755833,      -0.0981389,   5,          2
                   HSCJ1207-0005,    +181.9755833,      -0.0981389,   4,          2
                   HSCJ1205-0000,    +181.2712417,      -0.0077694,   5,          2
                   HSCJ1205-0000,    +181.2712417,      -0.0077694,   3,          2
                   HSCJ1205-0000,    +181.2712417,      -0.0077694,   2,          2
                   HSCJ1202-0057,    +180.6932083,      -0.9504722,   3,          2
                   HSCJ0859+0022,    +134.7799583,      +0.3821944,   3,          2
            PSOJ357.8289+06.4019,    +357.8289911,      +6.4019219,   5,          1
            PSOJ357.8289+06.4019,    +357.8289911,      +6.4019219,   4,          1
            PSOJ357.8289+06.4019,    +357.8289911,      +6.4019219,   3,          1
            PSOJ357.8289+06.4019,    +357.8289911,      +6.4019219,   2,          1
            PSOJ333.9859+26.1081,    +333.9859789,     +26.1081684,   3,          1
            PSOJ323.1382+12.2986,    +323.1382958,     +12.2986833,   3,          1
            PSOJ308.0416-21.2339,    +308.0416401,     -21.2339750,   5,          1
            PSOJ308.0416-21.2339,    +308.0416401,     -21.2339750,   4,          1
            PSOJ308.0416-21.2339,    +308.0416401,     -21.2339750,   3,          1
            PSOJ308.0416-21.2339,    +308.0416401,     -21.2339750,   2,          1
            PSOJ267.0021+22.7812,    +267.0021100,     +22.7812107,   3,          1
            PSOJ261.0364+19.0286,    +261.0364292,     +19.0286444,   4,          1
            PSOJ247.2970+24.1277,    +247.2970667,     +24.1277056,   3,          1
            PSOJ236.2912+16.6088,    +236.2912415,     +16.6088634,   3,          1
            PSOJ235.9450+17.0079,    +235.9450668,     +17.0079059,   3,          1
            PSOJ228.6871+21.2388,    +228.6871163,     +21.2388264,   3,          1
            PSOJ213.7329-13.4803,    +213.7329225,     -13.4803543,   5,          1
            PSOJ213.7329-13.4803,    +213.7329225,     -13.4803543,   4,          1
            PSOJ213.7329-13.4803,    +213.7329225,     -13.4803543,   3,          1
            PSOJ213.7329-13.4803,    +213.7329225,     -13.4803543,   2,          1
            PSOJ210.8297+09.0474,    +210.8297035,      +9.0474981,   5,          1
            PSOJ210.8297+09.0474,    +210.8297035,      +9.0474981,   4,          1
            PSOJ210.8297+09.0474,    +210.8297035,      +9.0474981,   2,          1
            PSOJ210.7277+40.4008,    +210.7277720,     +40.4008853,   3,          1
            PSOJ201.9222+57.5440,    +201.9221762,     +57.5439928,   3,          1
            PSOJ197.7198+25.5351,    +197.7198013,     +25.5351885,   5,          1
            PSOJ197.7198+25.5351,    +197.7198013,     +25.5351885,   4,          1
            PSOJ197.7198+25.5351,    +197.7198013,     +25.5351885,   3,          1
            PSOJ197.7198+25.5351,    +197.7198013,     +25.5351885,   2,          1
            PSOJ194.1290+25.5476,    +194.1290326,     +25.5476238,   5,          1
            PSOJ194.1290+25.5476,    +194.1290326,     +25.5476238,   4,          1
            PSOJ194.1290+25.5476,    +194.1290326,     +25.5476238,   3,          1
            PSOJ194.1290+25.5476,    +194.1290326,     +25.5476238,   2,          1
            PSOJ187.1047-02.5609,    +187.1047900,      -2.5609033,   1,          1
            PSOJ184.3389+01.5284,    +184.3389334,      +1.5284636,   4,          1
            PSOJ184.3389+01.5284,    +184.3389334,      +1.5284636,   2,          1
            PSOJ183.1124+05.0926,    +183.1124208,      +5.0926361,   5,          1
            PSOJ183.1124+05.0926,    +183.1124208,      +5.0926361,   4,          1
            PSOJ183.1124+05.0926,    +183.1124208,      +5.0926361,   2,          1
            PSOJ167.4726+56.9521,    +167.4726271,     +56.9521143,   3,          1
            PSOJ159.2257-02.5438,    +159.2257910,      -2.5438734,   5,          1
            PSOJ159.2257-02.5438,    +159.2257910,      -2.5438734,   4,          1
            PSOJ159.2257-02.5438,    +159.2257910,      -2.5438734,   3,          1
            PSOJ159.2257-02.5438,    +159.2257910,      -2.5438734,   2,          1
            PSOJ157.9070-02.6599,    +157.9070364,      -2.6599073,   5,          1
            PSOJ157.9070-02.6599,    +157.9070364,      -2.6599073,   4,          1
            PSOJ157.9070-02.6599,    +157.9070364,      -2.6599073,   3,          1
            PSOJ157.9070-02.6599,    +157.9070364,      -2.6599073,   2,          1
            PSOJ135.3860+16.2518,    +135.3860431,     +16.2518985,   3,          1
            PSOJ127.2817+03.0657,    +127.2817406,      +3.0657009,   5,          1
            PSOJ127.2817+03.0657,    +127.2817406,      +3.0657009,   4,          1
            PSOJ127.2817+03.0657,    +127.2817406,      +3.0657009,   3,          1
            PSOJ127.2817+03.0657,    +127.2817406,      +3.0657009,   2,          1
            PSOJ108.4429+08.9257,    +108.4429416,      +8.9257369,   3,          1
            PSOJ071.4507-02.3332,     +71.4507500,      -2.3332900,   3,          1
            PSOJ060.5529+24.8567,     +60.5528945,     +24.8567857,   4,          1
            PSOJ060.5529+24.8567,     +60.5528945,     +24.8567857,   3,          1
            PSOJ060.5529+24.8567,     +60.5528945,     +24.8567857,   2,          1
            PSOJ060.5529+24.8567,     +60.5528945,     +24.8567857,   1,          1
            PSOJ040.0159+17.5458,     +40.0159141,     +17.5458092,   3,          1
            PSOJ036.5078+03.0498,     +36.5078068,      +3.0498383,   5,          1
            PSOJ036.5078+03.0498,     +36.5078068,      +3.0498383,   4,          1
            PSOJ036.5078+03.0498,     +36.5078068,      +3.0498383,   3,          1
            PSOJ036.5078+03.0498,     +36.5078068,      +3.0498383,   2,          1
            PSOJ011.3899+09.0325,     +11.3898667,      +9.0324889,   5,          1
            PSOJ011.3899+09.0325,     +11.3898667,      +9.0324889,   4,          1
            PSOJ011.3899+09.0325,     +11.3898667,      +9.0324889,   2,          1
            PSOJ006.1240+39.2219,      +6.1240417,     +39.2219306,   3,          1
            PSOJ004.3936+17.0862,      +4.3936135,     +17.0863045,   3,          1
            PSOJ002.3786+32.8702,      +2.3787018,     +32.8702618,   3,          1
            PSOJ000.3401+26.8358,      +0.3401135,     +26.8358814,   3,          1
               VIMOS2911001793.0,    +334.8217500,      +1.0469167,   5,          1
               VIMOS2911001793.0,    +334.8217500,      +1.0469167,   4,          1
               VIMOS2911001793.0,    +334.8217500,      +1.0469167,   2,          1
               SHELLQsJ2255+0251,    +343.9085000,      +2.8573889,   5,          1
               SHELLQsJ2255+0251,    +343.9085000,      +2.8573889,   4,          1
               SHELLQsJ2255+0251,    +343.9085000,      +2.8573889,   3,          1
               SHELLQsJ2255+0251,    +343.9085000,      +2.8573889,   2,          1
               SHELLQsJ2252+0225,    +343.0226667,      +2.4255278,   5,          1
               SHELLQsJ2252+0225,    +343.0226667,      +2.4255278,   4,          1
               SHELLQsJ2252+0225,    +343.0226667,      +2.4255278,   3,          1
               SHELLQsJ2252+0225,    +343.0226667,      +2.4255278,   2,          1
               SHELLQsJ2239+0207,    +339.9477917,      +2.1298611,   5,          1
               SHELLQsJ2239+0207,    +339.9477917,      +2.1298611,   4,          1
               SHELLQsJ2239+0207,    +339.9477917,      +2.1298611,   3,          1
               SHELLQsJ2239+0207,    +339.9477917,      +2.1298611,   2,          1
               SHELLQsJ2231-0035,    +337.9537083,      -0.5965278,   5,          1
               SHELLQsJ2228+0152,    +337.1987917,      +1.8779167,   5,          1
               SHELLQsJ2228+0152,    +337.1987917,      +1.8779167,   4,          1
               SHELLQsJ2228+0152,    +337.1987917,      +1.8779167,   3,          1
               SHELLQsJ2228+0152,    +337.1987917,      +1.8779167,   2,          1
               SHELLQsJ2223+0326,    +335.7896250,      +3.4389722,   5,          1
               SHELLQsJ2223+0326,    +335.7896250,      +3.4389722,   4,          1
               SHELLQsJ2223+0326,    +335.7896250,      +3.4389722,   3,          1
               SHELLQsJ2223+0326,    +335.7896250,      +3.4389722,   2,          1
               SHELLQsJ2210+0304,    +332.6135000,      +3.0745833,   5,          1
               SHELLQsJ2210+0304,    +332.6135000,      +3.0745833,   4,          1
               SHELLQsJ2201+0155,    +330.3836250,      +1.9247222,   5,          1
               SHELLQsJ2201+0155,    +330.3836250,      +1.9247222,   4,          1
               SHELLQsJ1550+4318,    +237.5038750,     +43.3007778,   3,          1
               SHELLQsJ1545+4232,    +236.2734167,     +42.5365556,   3,          1
               SHELLQsJ1429-0104,    +217.2628333,      -1.0787222,   5,          1
               SHELLQsJ1429-0104,    +217.2628333,      -1.0787222,   4,          1
               SHELLQsJ1429-0104,    +217.2628333,      -1.0787222,   2,          1
               SHELLQsJ1425-0015,    +216.3238333,      -0.2613611,   3,          1
               SHELLQsJ1425-0015,    +216.3238333,      -0.2613611,   2,          1
               SHELLQsJ1417+0117,    +214.3694583,      +1.2867778,   5,          1
               SHELLQsJ1417+0117,    +214.3694583,      +1.2867778,   4,          1
               SHELLQsJ1417+0117,    +214.3694583,      +1.2867778,   3,          1
               SHELLQsJ1417+0117,    +214.3694583,      +1.2867778,   2,          1
               SHELLQsJ1416+0147,    +214.2208750,      +1.7839444,   5,          1
               SHELLQsJ1416+0147,    +214.2208750,      +1.7839444,   4,          1
               SHELLQsJ1416+0147,    +214.2208750,      +1.7839444,   3,          1
               SHELLQsJ1416+0147,    +214.2208750,      +1.7839444,   2,          1
               SHELLQsJ1414+0130,    +213.6647500,      +1.5101389,   5,          1
               SHELLQsJ1414+0130,    +213.6647500,      +1.5101389,   4,          1
               SHELLQsJ1414+0130,    +213.6647500,      +1.5101389,   2,          1
               SHELLQsJ1406-0116,    +211.6213333,      -1.2697778,   5,          1
               SHELLQsJ1406-0116,    +211.6213333,      -1.2697778,   4,          1
               SHELLQsJ1406-0116,    +211.6213333,      -1.2697778,   2,          1
               SHELLQsJ1400-0125,    +210.1249583,      -1.4225000,   5,          1
               SHELLQsJ1400-0125,    +210.1249583,      -1.4225000,   4,          1
               SHELLQsJ1400-0125,    +210.1249583,      -1.4225000,   2,          1
               SHELLQsJ1400-0011,    +210.1199583,      -0.1976389,   4,          1
               SHELLQsJ1219+0050,    +184.7722500,      +0.8437500,   5,          1
               SHELLQsJ1219+0050,    +184.7722500,      +0.8437500,   4,          1
               SHELLQsJ1219+0050,    +184.7722500,      +0.8437500,   2,          1
               SHELLQsJ1209-0006,    +182.3499583,      -0.1129167,   5,          1
               SHELLQsJ1209-0006,    +182.3499583,      -0.1129167,   4,          1
               SHELLQsJ1209-0006,    +182.3499583,      -0.1129167,   2,          1
               SHELLQsJ1208-0200,    +182.2467917,      -2.0096667,   5,          1
               SHELLQsJ1208-0200,    +182.2467917,      -2.0096667,   4,          1
               SHELLQsJ1208-0200,    +182.2467917,      -2.0096667,   3,          1
               SHELLQsJ1208-0200,    +182.2467917,      -2.0096667,   2,          1
               SHELLQsJ1146-0154,    +176.6360833,      -1.9106389,   5,          1
               SHELLQsJ1146-0154,    +176.6360833,      -1.9106389,   4,          1
               SHELLQsJ1146-0005,    +176.7453750,      -0.0938056,   5,          1
               SHELLQsJ1146-0005,    +176.7453750,      -0.0938056,   4,          1
               SHELLQsJ1146-0005,    +176.7453750,      -0.0938056,   2,          1
               SHELLQsJ1146+0124,    +176.7017500,      +1.4055833,   2,          1
               SHELLQsJ1004+0239,    +151.0056667,      +2.6585278,   2,          1
               SHELLQsJ0923+0402,    +140.9463333,      +4.0484444,   5,          1
               SHELLQsJ0923+0402,    +140.9463333,      +4.0484444,   4,          1
               SHELLQsJ0923+0402,    +140.9463333,      +4.0484444,   3,          1
               SHELLQsJ0923+0402,    +140.9463333,      +4.0484444,   2,          1
               SHELLQsJ0921+0007,    +140.3356667,      +0.1230278,   5,          1
               SHELLQsJ0921+0007,    +140.3356667,      +0.1230278,   4,          1
               SHELLQsJ0921+0007,    +140.3356667,      +0.1230278,   2,          1
               SHELLQsJ0918+0139,    +139.6382083,      +1.6564722,   5,          1
               SHELLQsJ0918+0139,    +139.6382083,      +1.6564722,   4,          1
               SHELLQsJ0918+0139,    +139.6382083,      +1.6564722,   2,          1
               SHELLQsJ0911+0152,    +137.8094583,      +1.8720556,   5,          1
               SHELLQsJ0911+0152,    +137.8094583,      +1.8720556,   4,          1
               SHELLQsJ0911+0152,    +137.8094583,      +1.8720556,   2,          1
               SHELLQsJ0909+0440,    +137.3395833,      +4.6785833,   5,          1
               SHELLQsJ0909+0440,    +137.3395833,      +4.6785833,   4,          1
               SHELLQsJ0909+0440,    +137.3395833,      +4.6785833,   3,          1
               SHELLQsJ0909+0440,    +137.3395833,      +4.6785833,   2,          1
               SHELLQsJ0905+0300,    +136.4360416,      +3.0163333,   5,          1
               SHELLQsJ0905+0300,    +136.4360416,      +3.0163333,   2,          1
               SHELLQsJ0903+0211,    +135.8111666,      +2.1911944,   5,          1
               SHELLQsJ0903+0211,    +135.8111666,      +2.1911944,   4,          1
               SHELLQsJ0903+0211,    +135.8111666,      +2.1911944,   2,          1
               SHELLQsJ0902+0155,    +135.7286250,      +1.9196944,   5,          1
               SHELLQsJ0902+0155,    +135.7286250,      +1.9196944,   2,          1
               SHELLQsJ0858+0000,    +134.5562917,      +0.0158611,   5,          1
               SHELLQsJ0858+0000,    +134.5562917,      +0.0158611,   4,          1
               SHELLQsJ0858+0000,    +134.5562917,      +0.0158611,   2,          1
               SHELLQsJ0853+0139,    +133.4535000,      +1.6530556,   5,          1
               SHELLQsJ0853+0139,    +133.4535000,      +1.6530556,   4,          1
               SHELLQsJ0853+0139,    +133.4535000,      +1.6530556,   2,          1
               SHELLQsJ0844-0132,    +131.0358750,      -1.5379167,   5,          1
               SHELLQsJ0844-0132,    +131.0358750,      -1.5379167,   4,          1
               SHELLQsJ0844-0132,    +131.0358750,      -1.5379167,   2,          1
               SHELLQsJ0844-0052,    +131.1316666,      -0.8818333,   5,          1
               SHELLQsJ0844-0052,    +131.1316666,      -0.8818333,   4,          1
               SHELLQsJ0844-0052,    +131.1316666,      -0.8818333,   2,          1
               SHELLQsJ0834+0211,    +128.5036667,      +2.1963611,   5,          1
               SHELLQsJ0834+0211,    +128.5036667,      +2.1963611,   4,          1
               SHELLQsJ0834+0211,    +128.5036667,      +2.1963611,   2,          1
                SDWISEJ2344+1653,    +356.1395833,     +16.8879111,   3,          1
                SDWISEJ2329+3003,    +352.4137500,     +30.0641055,   3,          1
                SDWISEJ2202+1509,    +330.6115416,     +15.1645500,   3,          1
                SDWISEJ2201+0302,    +330.2776249,      +3.0354750,   5,          1
                SDWISEJ2201+0302,    +330.2776249,      +3.0354750,   4,          1
                SDWISEJ1659+3239,    +254.9626250,     +32.6579527,   3,          1
                SDWISEJ1656+4541,    +254.1477499,     +45.6870972,   3,          1
                SDWISEJ1623+4705,    +245.8136666,     +47.0999722,   3,          1
                SDWISEJ1601-1828,    +240.2964999,     -18.4764111,   4,          1
                SDWISEJ1332+2208,    +203.2393749,     +22.1433083,   3,          1
                SDWISEJ0812+0440,    +123.2034166,      +4.6823722,   3,          1
                SDWISEJ0241+0435,     +40.4705000,      +4.5981833,   5,          1
                SDWISEJ0241+0435,     +40.4705000,      +4.5981833,   4,          1
                SDWISEJ0241+0435,     +40.4705000,      +4.5981833,   3,          1
                SDWISEJ0241+0435,     +40.4705000,      +4.5981833,   2,          1
                SDWISEJ0216+2304,     +34.1006666,     +23.0692972,   3,          1
                SDWISEJ0155+0415,     +28.8886666,      +4.2518725,   5,          1
                SDWISEJ0155+0415,     +28.8886666,      +4.2518725,   4,          1
                SDWISEJ0155+0415,     +28.8886666,      +4.2518725,   3,          1
                SDWISEJ0155+0415,     +28.8886666,      +4.2518725,   2,          1
                SDWISEJ0131-0321,     +22.8639166,      -3.3500527,   3,          1
                SDWISEJ0115-0253,     +18.9427916,      -2.8867333,   5,          1
                SDWISEJ0115-0253,     +18.9427916,      -2.8867333,   4,          1
                SDWISEJ0115-0253,     +18.9427916,      -2.8867333,   3,          1
                SDWISEJ0115-0253,     +18.9427916,      -2.8867333,   2,          1
                SDWISEJ0115-0253,     +18.9427916,      -2.8867333,   1,          1
                SDWISEJ0031+0710,      +7.8577500,      +7.1769222,   5,          1
                SDWISEJ0031+0710,      +7.8577500,      +7.1769222,   4,          1
                SDWISEJ0031+0710,      +7.8577500,      +7.1769222,   3,          1
                SDWISEJ0031+0710,      +7.8577500,      +7.1769222,   2,          1
                SDWISEJ0008+3616,      +2.2142917,     +36.2704138,   3,          1
                 NDWFSJ1425+3254,    +216.3180505,     +32.9026503,   3,          1
                 FIRSTJ1427+3312,    +216.9107900,     +33.2116660,   3,          1
                 CFHQSJ2242+0334,    +340.6564500,      +3.5726666,   5,          1
                 CFHQSJ2242+0334,    +340.6564500,      +3.5726666,   4,          1
                 CFHQSJ2242+0334,    +340.6564500,      +3.5726666,   3,          1
                 CFHQSJ2242+0334,    +340.6564500,      +3.5726666,   2,          1
                 CFHQSJ1641+3755,    +250.3405347,     +37.9222629,   5,          1
                 CFHQSJ1641+3755,    +250.3405347,     +37.9222629,   4,          1
                 CFHQSJ1641+3755,    +250.3405347,     +37.9222629,   1,          1
                 CFHQSJ1429+5447,    +217.4673700,     +54.7882490,   2,          1
                 CFHQSJ0136+0226,     +24.0132080,      +2.4349166,   5,          1
                 CFHQSJ0136+0226,     +24.0132080,      +2.4349166,   4,          1
                 CFHQSJ0136+0226,     +24.0132080,      +2.4349166,   3,          1
                 CFHQSJ0136+0226,     +24.0132080,      +2.4349166,   2,          1
                 CFHQSJ0055+0146,     +13.7621250,      +1.7717500,   5,          1
                 CFHQSJ0055+0146,     +13.7621250,      +1.7717500,   4,          1
                 CFHQSJ0055+0146,     +13.7621250,      +1.7717500,   3,          1
                 CFHQSJ0055+0146,     +13.7621250,      +1.7717500,   2,          1
                 CFHQSJ0050+3445,     +12.5277710,     +34.7560148,   3,          1
                  ULASJ1609+3041,    +242.4052913,     +30.6966052,   5,          1
                  ULASJ1609+3041,    +242.4052913,     +30.6966052,   4,          1
                  ULASJ1609+3041,    +242.4052913,     +30.6966052,   2,          1
                  ULASJ1342+0928,    +205.5337500,      +9.4773889,   5,          1
                  ULASJ1342+0928,    +205.5337500,      +9.4773889,   4,          1
                  ULASJ1342+0928,    +205.5337500,      +9.4773889,   2,          1
                  ULASJ1319+0950,    +199.7970850,      +9.8476434,   5,          1
                  ULASJ1319+0950,    +199.7970850,      +9.8476434,   4,          1
                  ULASJ1319+0950,    +199.7970850,      +9.8476434,   2,          1
                  ULASJ1243+2529,    +190.9200541,     +25.4899697,   1,          1
                  ULASJ1207+0630,    +181.9059988,      +6.5028433,   5,          1
                  ULASJ1207+0630,    +181.9059988,      +6.5028433,   4,          1
                  ULASJ1148+0702,    +177.0137037,      +7.0356349,   5,          1
                  ULASJ1148+0702,    +177.0137037,      +7.0356349,   4,          1
                  ULASJ0828+2633,    +127.0558622,     +26.5654140,   5,          1
                  ULASJ0828+2633,    +127.0558622,     +26.5654140,   4,          1
                  ULASJ0203+0012,     +30.8849155,      +0.2081304,   5,          1
                  ULASJ0203+0012,     +30.8849155,      +0.2081304,   4,          1
                  ULASJ0203+0012,     +30.8849155,      +0.2081304,   3,          1
                  ULASJ0203+0012,     +30.8849155,      +0.2081304,   2,          1
                  ULASJ0148+0600,     +27.1568128,      +6.0055734,   5,          1
                  ULASJ0148+0600,     +27.1568128,      +6.0055734,   4,          1
                  ULASJ0148+0600,     +27.1568128,      +6.0055734,   2,          1
                  SDUVJ1527+0641,    +231.8035833,      +6.6894167,   5,          1
                  SDUVJ1527+0641,    +231.8035833,      +6.6894167,   4,          1
                  SDUVJ1527+0641,    +231.8035833,      +6.6894167,   2,          1
                  SDUVJ1513+0854,    +228.4151667,      +8.9018056,   5,          1
                  SDUVJ1513+0854,    +228.4151667,      +8.9018056,   4,          1
                  SDUVJ1513+0854,    +228.4151667,      +8.9018056,   2,          1
                  SDUVJ1335-0328,    +203.9843333,      -3.4772778,   5,          1
                  SDUVJ1335-0328,    +203.9843333,      -3.4772778,   4,          1
                  SDUVJ1335-0328,    +203.9843333,      -3.4772778,   3,          1
                  SDUVJ1335-0328,    +203.9843333,      -3.4772778,   2,          1
                  SDUVJ1317-0239,    +199.3365833,      -2.6536111,   5,          1
                  SDUVJ1317-0239,    +199.3365833,      -2.6536111,   4,          1
                  SDUVJ1317-0239,    +199.3365833,      -2.6536111,   3,          1
                  SDUVJ1317-0239,    +199.3365833,      -2.6536111,   2,          1
                  SDUVJ1149+0748,    +177.4435417,      +7.8140556,   5,          1
                  SDUVJ1149+0748,    +177.4435417,      +7.8140556,   4,          1
                  SDUVJ1149+0748,    +177.4435417,      +7.8140556,   3,          1
                  SDUVJ1149+0748,    +177.4435417,      +7.8140556,   2,          1
                  SDUVJ1147-0109,    +176.7767083,      -1.1661667,   5,          1
                  SDUVJ1147-0109,    +176.7767083,      -1.1661667,   4,          1
                  SDUVJ1134+0828,    +173.5592917,      +8.4814722,   5,          1
                  SDUVJ1133+1603,    +173.2865833,     +16.0654722,   5,          1
                  SDUVJ1133+1603,    +173.2865833,     +16.0654722,   4,          1
                  SDUVJ1133+1603,    +173.2865833,     +16.0654722,   2,          1
                  SDUVJ1006-0310,    +151.5608750,      -3.1751111,   5,          1
                  SDUVJ1006-0310,    +151.5608750,      -3.1751111,   4,          1
                  SDUVJ1006-0310,    +151.5608750,      -3.1751111,   2,          1
                  SDUVJ0957+1016,    +149.3008333,     +10.2718056,   5,          1
                  SDUVJ0957+1016,    +149.3008333,     +10.2718056,   4,          1
                  SDUVJ0957+1016,    +149.3008333,     +10.2718056,   2,          1
                  SDUVJ0829+2506,    +127.3879166,     +25.1126667,   5,          1
                  SDUVJ0829+2506,    +127.3879166,     +25.1126667,   4,          1
                  SDUVJ0829+2506,    +127.3879166,     +25.1126667,   2,          1
                  SDUVJ0113+0559,     +18.4739583,      +5.9975278,   5,          1
                  SDUVJ0113+0559,     +18.4739583,      +5.9975278,   4,          1
                  SDUVJ0113+0559,     +18.4739583,      +5.9975278,   3,          1
                  SDUVJ0113+0559,     +18.4739583,      +5.9975278,   2,          1
                  SDUVJ0108+0711,     +17.0274999,      +7.1890556,   5,          1
                  SDUVJ0108+0711,     +17.0274999,      +7.1890556,   4,          1
                  SDUVJ0108+0711,     +17.0274999,      +7.1890556,   3,          1
                  SDUVJ0108+0711,     +17.0274999,      +7.1890556,   2,          1
                  SDSSJ2356+0023,    +359.2149100,      +0.3925833,   5,          1
                  SDSSJ2356+0023,    +359.2149100,      +0.3925833,   4,          1
                  SDSSJ2356+0023,    +359.2149100,      +0.3925833,   3,          1
                  SDSSJ2356+0023,    +359.2149100,      +0.3925833,   2,          1
                  SDSSJ2334-0010,    +353.7293749,      -0.1728055,   5,          1
                  SDSSJ2334-0010,    +353.7293749,      -0.1728055,   4,          1
                  SDSSJ2334-0010,    +353.7293749,      -0.1728055,   2,          1
                  SDSSJ2317+2244,    +349.4093750,     +22.7360083,   3,          1
                  SDSSJ2312+0100,    +348.0684999,      +1.0143055,   5,          1
                  SDSSJ2312+0100,    +348.0684999,      +1.0143055,   4,          1
                  SDSSJ2312+0100,    +348.0684999,      +1.0143055,   3,          1
                  SDSSJ2312+0100,    +348.0684999,      +1.0143055,   2,          1
                  SDSSJ2310+1855,    +347.6620586,     +18.9222017,   3,          1
                  SDSSJ2307+0031,    +346.8972900,      +0.5303888,   5,          1
                  SDSSJ2307+0031,    +346.8972900,      +0.5303888,   4,          1
                  SDSSJ2307+0031,    +346.8972900,      +0.5303888,   3,          1
                  SDSSJ2307+0031,    +346.8972900,      +0.5303888,   2,          1
                  SDSSJ2245+0024,    +341.3511249,      +0.4039444,   5,          1
                  SDSSJ2245+0024,    +341.3511249,      +0.4039444,   4,          1
                  SDSSJ2245+0024,    +341.3511249,      +0.4039444,   3,          1
                  SDSSJ2245+0024,    +341.3511249,      +0.4039444,   2,          1
                  SDSSJ2239+0030,    +339.7814999,      +0.5062777,   4,          1
                  SDSSJ2239+0030,    +339.7814999,      +0.5062777,   3,          1
                  SDSSJ2239+0030,    +339.7814999,      +0.5062777,   2,          1
                  SDSSJ2238-0027,    +339.7091666,      -0.4505000,   5,          1
                  SDSSJ2238-0027,    +339.7091666,      -0.4505000,   4,          1
                  SDSSJ2238-0027,    +339.7091666,      -0.4505000,   3,          1
                  SDSSJ2238-0027,    +339.7091666,      -0.4505000,   2,          1
                  SDSSJ2233-0107,    +338.3651666,      -1.1178888,   5,          1
                  SDSSJ2233-0107,    +338.3651666,      -1.1178888,   4,          1
                  SDSSJ2228+0110,    +337.1814100,      +1.1756111,   5,          1
                  SDSSJ2216+0013,    +334.1834167,      +0.2300278,   6,          1
                  SDSSJ2216+0013,    +334.1834167,      +0.2300278,   4,          1
                  SDSSJ2212-0042,    +333.2145417,      -0.7085278,   2,          1
                  SDSSJ2211+0011,    +332.9208750,      +0.1885833,   4,          1
                  SDSSJ2211+0011,    +332.9208750,      +0.1885833,   2,          1
                  SDSSJ2147+0107,    +326.9808700,      +1.1320277,   5,          1
                  SDSSJ2147+0107,    +326.9808700,      +1.1320277,   4,          1
                  SDSSJ2147+0107,    +326.9808700,      +1.1320277,   3,          1
                  SDSSJ2147+0107,    +326.9808700,      +1.1320277,   2,          1
                  SDSSJ2119-0040,    +319.9662083,      -0.6722500,   4,          1
                  SDSSJ2119-0040,    +319.9662083,      -0.6722500,   3,          1
                  SDSSJ2119-0040,    +319.9662083,      -0.6722500,   2,          1
                  SDSSJ2119+1029,    +319.8680000,     +10.4851667,   3,          1
                  SDSSJ2054-0005,    +313.5270400,      -0.0874444,   5,          1
                  SDSSJ2054-0005,    +313.5270400,      -0.0874444,   4,          1
                  SDSSJ2054-0005,    +313.5270400,      -0.0874444,   3,          1
                  SDSSJ2054-0005,    +313.5270400,      -0.0874444,   2,          1
                  SDSSJ2053+0047,    +313.3407000,      +0.7852222,   5,          1
                  SDSSJ2053+0047,    +313.3407000,      +0.7852222,   4,          1
                  SDSSJ2053+0047,    +313.3407000,      +0.7852222,   3,          1
                  SDSSJ2053+0047,    +313.3407000,      +0.7852222,   2,          1
                  SDSSJ1659+2709,    +254.7588333,     +27.1597750,   3,          1
                  SDSSJ1650+1617,    +252.6760830,     +16.2893055,   3,          1
                  SDSSJ1630+4012,    +247.6412639,     +40.2026929,   5,          1
                  SDSSJ1630+4012,    +247.6412639,     +40.2026929,   4,          1
                  SDSSJ1630+4012,    +247.6412639,     +40.2026929,   2,          1
                  SDSSJ1621+5155,    +245.2538300,     +51.9302200,   3,          1
                  SDSSJ1614+4640,    +243.6047083,     +46.6747056,   3,          1
                  SDSSJ1614+2059,    +243.6960000,     +20.9841583,   3,          1
                  SDSSJ1614+0114,    +243.6473330,      +1.2457750,   3,          1
                  SDSSJ1602+4228,    +240.7249088,     +42.4735952,   5,          1
                  SDSSJ1602+4228,    +240.7249088,     +42.4735952,   4,          1
                  SDSSJ1602+4228,    +240.7249088,     +42.4735952,   2,          1
                  SDSSJ1524+0816,    +231.0170833,      +8.2775833,   4,          1
                  SDSSJ1524+0816,    +231.0170833,      +8.2775833,   2,          1
                  SDSSJ1523+3347,    +230.9404190,     +33.7999564,   3,          1
                  SDSSJ1510+5148,    +227.6470542,     +51.8114154,   3,          1
                  SDSSJ1443+3623,    +220.9611144,     +36.3875378,   3,          1
                  SDSSJ1437+2323,    +219.4659379,     +23.3870416,   3,          1
                  SDSSJ1436+5007,    +219.0489157,     +50.1186544,   3,          1
                  SDSSJ1436+2132,    +219.0208457,     +21.5442366,   3,          1
                  SDSSJ1429+3304,    +217.4082083,     +33.0711667,   3,          1
                  SDSSJ1427+3522,    +216.8737083,     +35.3691611,   3,          1
                  SDSSJ1423+1303,    +215.8580071,     +13.0501956,   5,          1
                  SDSSJ1423+1303,    +215.8580071,     +13.0501956,   4,          1
                  SDSSJ1423+1303,    +215.8580071,     +13.0501956,   2,          1
                  SDSSJ1345+2329,    +206.3609268,     +23.4970482,   5,          1
                  SDSSJ1345+2329,    +206.3609268,     +23.4970482,   4,          1
                  SDSSJ1345+2329,    +206.3609268,     +23.4970482,   3,          1
                  SDSSJ1345+2329,    +206.3609268,     +23.4970482,   2,          1
                  SDSSJ1341+4611,    +205.4227500,     +46.1861944,   3,          1
                  SDSSJ1341+3510,    +205.4750816,     +35.1682539,   5,          1
                  SDSSJ1341+3510,    +205.4750816,     +35.1682539,   4,          1
                  SDSSJ1341+3510,    +205.4750816,     +35.1682539,   3,          1
                  SDSSJ1341+3510,    +205.4750816,     +35.1682539,   2,          1
                  SDSSJ1340+2813,    +205.1676667,     +28.2244889,   4,          1
                  SDSSJ1340+2813,    +205.1676667,     +28.2244889,   3,          1
                  SDSSJ1340+2813,    +205.1676667,     +28.2244889,   2,          1
                  SDSSJ1337+4155,    +204.3700420,     +41.9277372,   3,          1
                  SDSSJ1335+3533,    +203.9617127,     +35.5543943,   5,          1
                  SDSSJ1335+3533,    +203.9617127,     +35.5543943,   4,          1
                  SDSSJ1335+3533,    +203.9617127,     +35.5543943,   3,          1
                  SDSSJ1335+3533,    +203.9617127,     +35.5543943,   2,          1
                  SDSSJ1334+1220,    +203.5523482,     +12.3390862,   5,          1
                  SDSSJ1334+1220,    +203.5523482,     +12.3390862,   4,          1
                  SDSSJ1334+1220,    +203.5523482,     +12.3390862,   2,          1
                  SDSSJ1314+5432,    +198.6683740,     +54.5436694,   3,          1
                  SDSSJ1306+0356,    +196.5344701,      +3.9406556,   5,          1
                  SDSSJ1306+0356,    +196.5344701,      +3.9406556,   4,          1
                  SDSSJ1306+0356,    +196.5344701,      +3.9406556,   3,          1
                  SDSSJ1306+0356,    +196.5344701,      +3.9406556,   2,          1
                  SDSSJ1242+5213,    +190.6996629,     +52.2185332,   3,          1
                  SDSSJ1233+0622,    +188.3894733,      +6.3761650,   5,          1
                  SDSSJ1233+0622,    +188.3894733,      +6.3761650,   4,          1
                  SDSSJ1233+0622,    +188.3894733,      +6.3761650,   2,          1
                  SDSSJ1222+1958,    +185.6581819,     +19.9785907,   3,          1
                  SDSSJ1221+4445,    +185.4434197,     +44.7577911,   3,          1
                  SDSSJ1218+1807,    +184.5466240,     +18.1307055,   3,          1
                  SDSSJ1209+1831,    +182.4697093,     +18.5297808,   3,          1
                  SDSSJ1208+0010,    +182.0992500,      +0.1743611,   5,          1
                  SDSSJ1208+0010,    +182.0992500,      +0.1743611,   4,          1
                  SDSSJ1208+0010,    +182.0992500,      +0.1743611,   2,          1
                  SDSSJ1204-0021,    +181.1738947,      -0.3637859,   5,          1
                  SDSSJ1204-0021,    +181.1738947,      -0.3637859,   4,          1
                  SDSSJ1204-0021,    +181.1738947,      -0.3637859,   2,          1
                  SDSSJ1202+3235,    +180.5324218,     +32.5941100,   4,          1
                  SDSSJ1157+0637,    +179.4516096,      +6.6199816,   5,          1
                  SDSSJ1157+0637,    +179.4516096,      +6.6199816,   4,          1
                  SDSSJ1157+0637,    +179.4516096,      +6.6199816,   3,          1
                  SDSSJ1157+0637,    +179.4516096,      +6.6199816,   2,          1
                  SDSSJ1154+2333,    +178.5829944,     +23.5659084,   4,          1
                  SDSSJ1154+1341,    +178.6030599,     +13.6960522,   5,          1
                  SDSSJ1154+1341,    +178.6030599,     +13.6960522,   4,          1
                  SDSSJ1154+1341,    +178.6030599,     +13.6960522,   3,          1
                  SDSSJ1154+1341,    +178.6030599,     +13.6960522,   2,          1
                  SDSSJ1148+5251,    +177.0693757,     +52.8639986,   5,          1
                  SDSSJ1148+5251,    +177.0693757,     +52.8639986,   4,          1
                  SDSSJ1148+5251,    +177.0693757,     +52.8639986,   3,          1
                  SDSSJ1148+5251,    +177.0693757,     +52.8639986,   2,          1
                  SDSSJ1148+3020,    +177.1090253,     +30.3386968,   3,          1
                  SDSSJ1146+4037,    +176.7408000,     +40.6190700,   3,          1
                  SDSSJ1143+3808,    +175.9097797,     +38.1413398,   3,          1
                  SDSSJ1137+3549,    +174.3238678,     +35.8324586,   3,          1
                  SDSSJ1132+1209,    +173.1937500,     +12.1504722,   5,          1
                  SDSSJ1132+1209,    +173.1937500,     +12.1504722,   4,          1
                  SDSSJ1132+1209,    +173.1937500,     +12.1504722,   3,          1
                  SDSSJ1132+1209,    +173.1937500,     +12.1504722,   2,          1
                  SDSSJ1128+5759,    +172.2410328,     +57.9860676,   3,          1
                  SDSSJ1126+1734,    +171.6582060,     +17.5829312,   3,          1
                  SDSSJ1125+4448,    +171.3171439,     +44.8124751,   3,          1
                  SDSSJ1123-0044,    +170.7964583,      -0.7385111,   5,          1
                  SDSSJ1122+1342,    +170.7085131,     +13.7101246,   2,          1
                  SDSSJ1119+3452,    +169.8360000,     +34.8800300,   3,          1
                  SDSSJ1101+0531,    +165.3931661,      +5.5260737,   5,          1
                  SDSSJ1101+0531,    +165.3931661,      +5.5260737,   4,          1
                  SDSSJ1101+0531,    +165.3931661,      +5.5260737,   3,          1
                  SDSSJ1101+0531,    +165.3931661,      +5.5260737,   2,          1
                  SDSSJ1054+4637,    +163.5221660,     +46.6250694,   3,          1
                  SDSSJ1054+1633,    +163.6892965,     +16.5603856,   3,          1
                  SDSSJ1048+4637,    +162.1877710,     +46.6218184,   5,          1
                  SDSSJ1048+4637,    +162.1877710,     +46.6218184,   4,          1
                  SDSSJ1048+4637,    +162.1877710,     +46.6218184,   2,          1
                  SDSSJ1048+3339,    +162.1530410,     +33.6632388,   3,          1
                  SDSSJ1043+1010,    +160.8966374,     +10.1762712,   5,          1
                  SDSSJ1043+1010,    +160.8966374,     +10.1762712,   4,          1
                  SDSSJ1043+1010,    +160.8966374,     +10.1762712,   3,          1
                  SDSSJ1043+1010,    +160.8966374,     +10.1762712,   2,          1
                  SDSSJ1034+2033,    +158.5777050,     +20.5500594,   3,          1
                  SDSSJ1026+2542,    +156.5984527,     +25.7165128,   3,          1
                  SDSSJ1022+2252,    +155.5418621,     +22.8737350,   3,          1
                  SDSSJ1013+4240,    +153.4013916,     +42.6740006,   3,          1
                  SDSSJ1000+2103,    +150.1823993,     +21.0574094,   3,          1
                  SDSSJ0958+3524,    +149.5584510,     +35.4135633,   3,          1
                  SDSSJ0957+0519,    +149.3661115,      +5.3181323,   5,          1
                  SDSSJ0957+0519,    +149.3661115,      +5.3181323,   4,          1
                  SDSSJ0957+0519,    +149.3661115,      +5.3181323,   2,          1
                  SDSSJ0948+2106,    +147.2306816,     +21.1087694,   3,          1
                  SDSSJ0932+1222,    +143.2073307,     +12.3682803,   3,          1
                  SDSSJ0927+2001,    +141.8409198,     +20.0232334,   3,          1
                  SDSSJ0923+3009,    +140.9032672,     +30.1637729,   3,          1
                  SDSSJ0922+2653,    +140.5700563,     +26.8997376,   3,          1
                  SDSSJ0915+4924,    +138.9318420,     +49.4046241,   3,          1
                  SDSSJ0913+5919,    +138.3189634,     +59.3226888,   3,          1
                  SDSSJ0902+0851,    +135.6906706,      +8.8544229,   5,          1
                  SDSSJ0902+0851,    +135.6906706,      +8.8544229,   4,          1
                  SDSSJ0902+0851,    +135.6906706,      +8.8544229,   2,          1
                  SDSSJ0854+2056,    +133.6265512,     +20.9474547,   4,          1
                  SDSSJ0854+2056,    +133.6265512,     +20.9474547,   3,          1
                  SDSSJ0854+2056,    +133.6265512,     +20.9474547,   2,          1
                  SDSSJ0854+2056,    +133.6265512,     +20.9474547,   1,          1
                  SDSSJ0850+3246,    +132.7010255,     +32.7799831,   5,          1
                  SDSSJ0850+3246,    +132.7010255,     +32.7799831,   4,          1
                  SDSSJ0850+3246,    +132.7010255,     +32.7799831,   3,          1
                  SDSSJ0846+0800,    +131.6160038,      +8.0143655,   5,          1
                  SDSSJ0846+0800,    +131.6160038,      +8.0143655,   4,          1
                  SDSSJ0846+0800,    +131.6160038,      +8.0143655,   2,          1
                  SDSSJ0842+1218,    +130.6226384,     +12.3140508,   5,          1
                  SDSSJ0842+1218,    +130.6226384,     +12.3140508,   3,          1
                  SDSSJ0841+2905,    +130.3313231,     +29.0845966,   2,          1
                  SDSSJ0840+5624,    +130.1462615,     +56.4056176,   3,          1
                  SDSSJ0836+0054,    +129.1827665,      +0.9147934,   5,          1
                  SDSSJ0836+0054,    +129.1827665,      +0.9147934,   4,          1
                  SDSSJ0835+3217,    +128.8573333,     +32.2979444,   3,          1
                  SDSSJ0835+0537,    +128.9765132,      +5.6314046,   5,          1
                  SDSSJ0835+0537,    +128.9765132,      +5.6314046,   4,          1
                  SDSSJ0835+0537,    +128.9765132,      +5.6314046,   2,          1
                  SDSSJ0833+2726,    +128.3235833,     +27.4413889,   5,          1
                  SDSSJ0833+2726,    +128.3235833,     +27.4413889,   4,          1
                  SDSSJ0833+2726,    +128.3235833,     +27.4413889,   3,          1
                  SDSSJ0833+2726,    +128.3235833,     +27.4413889,   2,          1
                  SDSSJ0818+1722,    +124.6141845,     +17.3811127,   3,          1
                  SDSSJ0756+4104,    +119.0755812,     +41.0690592,   3,          1
                  SDSSJ0741+2520,    +115.4780000,     +25.3415694,   5,          1
                  SDSSJ0741+2520,    +115.4780000,     +25.3415694,   4,          1
                  SDSSJ0741+2520,    +115.4780000,     +25.3415694,   2,          1
                  SDSSJ0731+4459,    +112.7630300,     +44.9970700,   3,          1
                  SDSSJ0353+0104,     +58.4572136,      +1.0679614,   5,          1
                  SDSSJ0353+0104,     +58.4572136,      +1.0679614,   4,          1
                  SDSSJ0353+0104,     +58.4572136,      +1.0679614,   2,          1
                  SDSSJ0349+0034,     +57.4974999,      +0.5676388,   5,          1
                  SDSSJ0349+0034,     +57.4974999,      +0.5676388,   4,          1
                  SDSSJ0349+0034,     +57.4974999,      +0.5676388,   3,          1
                  SDSSJ0349+0034,     +57.4974999,      +0.5676388,   2,          1
                  SDSSJ0341-0048,     +55.4243750,      -0.8035444,   2,          1
                  SDSSJ0338+0021,     +54.6221249,      +0.3656388,   5,          1
                  SDSSJ0338+0021,     +54.6221249,      +0.3656388,   4,          1
                  SDSSJ0338+0021,     +54.6221249,      +0.3656388,   2,          1
                  SDSSJ0321+0029,     +50.4794583,      +0.4948335,   4,          1
                  SDSSJ0321+0029,     +50.4794583,      +0.4948335,   3,          1
                  SDSSJ0321+0029,     +50.4794583,      +0.4948335,   2,          1
                  SDSSJ0301+0020,     +45.3208749,      +0.3405556,   5,          1
                  SDSSJ0301+0020,     +45.3208749,      +0.3405556,   4,          1
                  SDSSJ0301+0020,     +45.3208749,      +0.3405556,   2,          1
                  SDSSJ0239-0045,     +39.8760000,      -0.7514999,   2,          1
                  SDSSJ0230+0046,     +37.5094583,      +0.7796667,   5,          1
                  SDSSJ0230+0046,     +37.5094583,      +0.7796667,   4,          1
                  SDSSJ0230+0046,     +37.5094583,      +0.7796667,   3,          1
                  SDSSJ0230+0046,     +37.5094583,      +0.7796667,   2,          1
                  SDSSJ0218-0027,     +34.5878333,      -0.4626946,   5,          1
                  SDSSJ0218-0027,     +34.5878333,      -0.4626946,   4,          1
                  SDSSJ0218-0027,     +34.5878333,      -0.4626946,   3,          1
                  SDSSJ0218-0027,     +34.5878333,      -0.4626946,   2,          1
                  SDSSJ0210+0003,     +32.7361249,      +0.0513056,   5,          1
                  SDSSJ0210+0003,     +32.7361249,      +0.0513056,   4,          1
                  SDSSJ0210+0003,     +32.7361249,      +0.0513056,   3,          1
                  SDSSJ0210+0003,     +32.7361249,      +0.0513056,   2,          1
                  SDSSJ0157+3001,     +29.4393750,     +30.0196333,   3,          1
                  SDSSJ0133+0106,     +23.3618333,      +1.1104722,   5,          1
                  SDSSJ0133+0106,     +23.3618333,      +1.1104722,   4,          1
                  SDSSJ0133+0106,     +23.3618333,      +1.1104722,   3,          1
                  SDSSJ0133+0106,     +23.3618333,      +1.1104722,   2,          1
                  SDSSJ0129-0035,     +22.4937910,      -0.5943611,   4,          1
                  SDSSJ0129-0035,     +22.4937910,      -0.5943611,   3,          1
                  SDSSJ0129-0035,     +22.4937910,      -0.5943611,   2,          1
                  SDSSJ0129-0028,     +22.2810000,      -0.4793055,   4,          1
                  SDSSJ0129-0028,     +22.2810000,      -0.4793055,   3,          1
                  SDSSJ0129-0028,     +22.2810000,      -0.4793055,   2,          1
                  SDSSJ0120+2147,     +20.2247080,     +21.7850555,   3,          1
                  SDSSJ0114+3238,     +18.7296250,     +32.6378694,   3,          1
                  SDSSJ0108-0100,     +17.1248333,      -1.0043333,   5,          1
                  SDSSJ0108-0100,     +17.1248333,      -1.0043333,   4,          1
                  SDSSJ0108-0100,     +17.1248333,      -1.0043333,   3,          1
                  SDSSJ0108-0100,     +17.1248333,      -1.0043333,   2,          1
                  SDSSJ0100+2802,     +15.0542635,     +28.0405320,   4,          1
                  SDSSJ0056+2241,     +14.2334990,     +22.6867111,   3,          1
                  SDSSJ0054-0109,     +13.5892499,      -1.1560000,   5,          1
                  SDSSJ0054-0109,     +13.5892499,      -1.1560000,   4,          1
                  SDSSJ0054-0109,     +13.5892499,      -1.1560000,   3,          1
                  SDSSJ0054-0109,     +13.5892499,      -1.1560000,   2,          1
                  SDSSJ0034+3759,      +8.5597920,     +37.9983333,   3,          1
                  SDSSJ0012+3632,      +3.1369990,     +36.5378055,   3,          1
                  SDSSJ0002+2550,      +0.6641173,     +25.8430442,   3,          1
                  DELSJ1559+2212,    +239.7878750,     +22.2048417,   3,          1
                  DELSJ1535+1943,    +233.8869580,     +19.7222500,   3,          1
                  DELSJ1316+1028,    +199.0339160,     +10.4757777,   5,          1
                  DELSJ1316+1028,    +199.0339160,     +10.4757777,   4,          1
                  DELSJ1316+1028,    +199.0339160,     +10.4757777,   2,          1
                  DELSJ1216+4519,    +184.1149160,     +45.3196388,   3,          1
                  DELSJ1135+5011,    +173.7872080,     +50.1924999,   3,          1
                  DELSJ1104+2134,    +166.0899580,     +21.5746666,   3,          1
                  DELSJ1048-0109,    +162.0829167,      -1.1611694,   5,          1
                  DELSJ1048-0109,    +162.0829167,      -1.1611694,   4,          1
                  DELSJ1048-0109,    +162.0829167,      -1.1611694,   3,          1
                  DELSJ1048-0109,    +162.0829167,      -1.1611694,   2,          1
                  DELSJ0910-0414,    +137.7272080,      -4.2352222,   3,          1
                  DELSJ0910+1656,    +137.5567910,     +16.9416111,   3,          1
                  DELSJ0837+4929,    +129.4076660,     +49.4834444,   3,          1
                  DELSJ0829+4117,    +127.3832080,     +41.2945555,   3,          1
                  DELSJ0803+3138,    +120.7725830,     +31.6428333,   3,          1
                  DELSJ0706+2921,    +106.6099580,     +29.3515277,   3,          1
                   VIKJ1215+0023,    +183.8202986,      +0.3901834,   5,          1
                   VIKJ1215+0023,    +183.8202986,      +0.3901834,   3,          1
                   VIKJ1215+0023,    +183.8202986,      +0.3901834,   2,          1
                   VIKJ1152+0055,    +178.0886300,      +0.9268583,   5,          1
                   VIKJ1152+0055,    +178.0886300,      +0.9268583,   4,          1
                   VIKJ1152+0055,    +178.0886300,      +0.9268583,   2,          1
                   VIKJ1148+0056,    +177.1382500,      +0.9450722,   2,          1
                   UHSJ0439+1634,     +69.9461660,     +16.5710277,   3,          1
                   MMTJ2215-0009,    +333.8342500,      -0.1523333,   2,          1
                   MMTJ2213+0034,    +333.2719167,      +0.5688333,   2,          1
                   MMTJ2202+0131,    +330.6383333,      +1.5223056,   5,          1
                   MMTJ2202+0131,    +330.6383333,      +1.5223056,   4,          1
                   MMTJ1437+5151,    +219.4855833,     +51.8541944,   2,          1
                   MMTJ1414+5732,    +213.6315417,     +57.5428056,   2,          1
                   MMTJ1414+5446,    +213.6950833,     +54.7755000,   2,          1
                   MMTJ1414+5115,    +213.5181667,     +51.2599444,   3,          1
                   IMSJ2206+0201,    +331.6450417,      +2.0267500,   5,          1
                   IMSJ2206+0201,    +331.6450417,      +2.0267500,   4,          1
                   IMSJ2204+0012,    +331.0746667,      +1.1957778,   5,          1
                   IMSJ2204+0012,    +331.0746667,      +1.1957778,   4,          1
                   IMSJ2204+0012,    +331.0746667,      +1.1957778,   2,          1
                   HSCJ2236+0032,    +339.1857500,      +0.5491389,   5,          1
                   HSCJ2236+0032,    +339.1857500,      +0.5491389,   4,          1
                   HSCJ2236+0032,    +339.1857500,      +0.5491389,   3,          1
                   HSCJ2236+0032,    +339.1857500,      +0.5491389,   2,          1
                   HSCJ2232+0012,    +338.0501250,      +0.2106667,   5,          1
                   HSCJ2232+0012,    +338.0501250,      +0.2106667,   4,          1
                   HSCJ2232+0012,    +338.0501250,      +0.2106667,   3,          1
                   HSCJ2232+0012,    +338.0501250,      +0.2106667,   2,          1
                   HSCJ2228+0128,    +337.1159583,      +1.4693056,   5,          1
                   HSCJ2228+0128,    +337.1159583,      +1.4693056,   4,          1
                   HSCJ2228+0128,    +337.1159583,      +1.4693056,   3,          1
                   HSCJ2228+0128,    +337.1159583,      +1.4693056,   2,          1
                   HSCJ2216-0016,    +334.1852917,      -0.2805833,   4,          1
                   HSCJ2216-0016,    +334.1852917,      -0.2805833,   2,          1
                   HSCJ1207-0005,    +181.9755833,      -0.0981389,   2,          1
                   HSCJ1205-0000,    +181.2712417,      -0.0077694,   4,          1
                   HSCJ1202-0057,    +180.6932083,      -0.9504722,   5,          1
                   HSCJ1202-0057,    +180.6932083,      -0.9504722,   4,          1
                   HSCJ1202-0057,    +180.6932083,      -0.9504722,   2,          1
                   HSCJ0859+0022,    +134.7799583,      +0.3821944,   5,          1
                   HSCJ0859+0022,    +134.7799583,      +0.3821944,   4,          1
                   HSCJ0859+0022,    +134.7799583,      +0.3821944,   2,          1
                    RDJ1148+5253,    +177.0675400,     +52.8942500,   5,          1
                    RDJ1148+5253,    +177.0675400,     +52.8942500,   4,          1
                    RDJ1148+5253,    +177.0675400,     +52.8942500,   3,          1
                    RDJ1148+5253,    +177.0675400,     +52.8942500,   2,          1
# wserv1000MapRemeasurement as remeas, Filter as f, Multiframe as m,
# wserv1000MapRemeasurement */ WHERE qso.qsoID=ma.objectID and 
# the multiframeID, which allows us to link to the image metadate in   
# remeas.catalogueID=mfs.catalogueID and  
# qsoName,ra,dec,filterID,nEpochs
# qsoName,ra,dec,filterID,nEpochs
# qso.qsoName,qso.ra,qso.dec,remeas.filterID   /* Group by qso name and 
# mfs.multiframeID=m.multiframeID and f.filterID=m.filterID    /* Join 
# ma.apertureID=remeas.apertureID and 
# filter to get the counts as a function of QSO and filterID */ ORDER 
# all the tables correctly MapFrameStatus links the catalogueID to   
# SELECT qso.qsoName,qso.ra,qso.dec,remeas.filterID,COUNT(*) as nEpochs 
# Results of Query: Database WSERV1000v20181217 07/02/19 16:50
# Multiframe to get the observation time (mjdObs) */ GROUP BY 
# MapFrameStatus as mfs    /* Main tables for query. 
# MapApertureIDshighzQsoMap joins   finalQsoCatalogue to 
# Column Headers at start of file AND below
# BY qso.ra,remeas.filterID
# */ FROM finalQsoCatalogue as qso, MapApertureIDshighzQsoMap as ma, 
#   /* Select name, filterID and counts of observations in each filter 
#
#
