# na        desig		ra             dec           redshift	Z	     errZ	  Y		errY	      J	            errJ	  H		errH	      K		    errK	  unW1mag   unW1err   unW1snr    unW2mag   unW2err   unW2snr	w3mpro   w3sig   w3snr   w4mpro   w4sig   w4snr  
  PSO       J002.1073-06.4345 	 2.10739       -6.43456      5.93    	-999.99999   -999.99999   -999.99999    -999.99999    -999.99999   -999.99999     -999.99999    -999.99999    -999.99999    -999.99999    16.8020   0.0445    23.8931    15.9620   0.0784    13.3491    11.892   0.00    1.5     8.759    0.00    0.2  
  SDSS	    J0017-1000        	 4.3111666    -10.01539722   5.01	-999.99999   -999.99999   -999.99999    -999.99999    -999.99999   -999.99999     -999.99999    -999.99999    -999.99999    -999.99999    15.9757   0.0217    49.5990    15.3142   0.0449    23.6724    12.026   0.33    3.2   	 8.520    0.00    1.2   
  PSO       J004.8140-24.2991 	 4.81408      -24.29916      5.68    	-999.99999   -999.99999   -999.99999    -999.99999    -999.99999   -999.99999     -999.99999    -999.99999    -999.99999    -999.99999    16.3205   0.0284    37.7921    15.6784   0.0608    17.3672    12.123   0.34    3.2     8.820    0.00    0.5
  PSO       J009.3573-08.1190 	 9.35732902    -8.1190174    5.72  	-999.99999   -999.99999   -999.99999    -999.99999    -999.99999   -999.99999     -999.99999    -999.99999    -999.99999    -999.99999    16.8205   0.0421    25.2833    16.2038   0.0952    10.9154    12.197   0.00    0.9     8.361    0.00    1.2  
  SDWISE    J0116+0538        	19.0595833      5.6382499    5.33 	-999.99999   -999.99999   -999.99999    -999.99999    -999.99999   -999.99999     -999.99999    -999.99999    -999.99999    -999.99999    16.3537   0.0307    34.8490    15.6439   0.0607    17.4053    12.234   0.36    3.0     8.836    0.00    0.6   
  SDWISE    J0251+0333        	42.8388749      3.5548388    5.00	-999.99999   -999.99999   -999.99999    -999.99999    -999.99999   -999.99999     -999.99999    -999.99999    -999.99999    -999.99999	  15.6994   0.0167    64.4479    14.9963   0.0323    33.1072    11.815   0.24    4.5     9.202    0.00    -0.2  
  CFHQS     J0316-1340        	49.207791     -13.675638     5.99   	-999.99999   -999.99999   -999.99999    -999.99999    -999.99999   -999.99999     -999.99999    -999.99999    -999.99999    -999.99999    -99.999   -9.990    -99.999    -99.999   -9.990    -99.999	-9.990   -9.99   -9.9    -9.99 	  -9.99   -9.9
  VDES      J0319-1008        	49.9235833    -10.1461111    6.83    	-999.99999   -999.99999   -999.99999    -999.99999    -999.99999   -999.99999     -999.99999    -999.99999    -999.99999    -999.99999    17.1023   0.0507    20.9334    16.0957   0.0788    13.2901    12.124   0.00    0.9     8.900    0.00    -0.9 
  PSO       J065.5041-19.4579 	65.50414653   -19.45796853   6.12    	-999.99999   -999.99999   -999.99999    -999.99999    -999.99999   -999.99999     -999.99999    -999.99999    -999.99999    -999.99999    16.0220   0.0210    51.1906    15.0467   0.0319    33.5141    12.070   0.31    3.5     8.894    0.43    2.5  
  PSO       J071.0322-04.5591 	71.03221433    -4.5591868    5.89   	-999.99999   -999.99999   -999.99999    -999.99999    -999.99999   -999.99999     -999.99999    -999.99999    -999.99999    -999.99999    17.3541   0.0624    16.9150    16.7159   0.1327    7.6931    	-9.990   -9.99   -9.9  	 -9.99    -9.99   -9.9
  PSO       J089.9394-15.5833 	89.93944458   -15.5833895    6.05    	-999.99999   -999.99999   -999.99999    -999.99999    -999.99999   -999.99999     -999.99999    -999.99999    -999.99999    -999.99999    15.5151   0.0141    76.7374    14.5213   0.0204    52.6870    12.067   0.28    3.9   	 9.030    0.00    0.3 
  SDSS      J0810+5105         122.7263086     51.094473     5.82    	-999.99999   -999.99999   -999.99999    -999.99999    -999.99999   -999.99999     -999.99999    -999.99999    -999.99999    -999.99999    16.8969   0.0442    24.0909    16.1582   0.0845    12.3525    12.362   0.00    0.7     8.995    0.00    0.1   
  DELS      J0839+3900         129.945333      39.0031944    6.91	-999.99999   -999.99999   -999.99999    -999.99999    -999.99999   -999.99999     -999.99999    -999.99999    -999.99999    -999.99999    16.4210   0.0312    34.2581    15.6984   0.0609    17.3271    12.247   0.00    0.6    8.586    0.00    0.7  
  SDSS      J0917+3830         139.49149069    38.51115496   5.11  	-999.99999   -999.99999   -999.99999    -999.99999    -999.99999   -999.99999     -999.99999    -999.99999    -999.99999    -999.99999    17.5866   0.0782    13.3933    16.8581   0.1558    6.4795    	12.636   0.00    -0.4    8.788    0.00    -0.8  
  SDSS      J1208+2110         182.21944502 	21.17610232  5.06    	-999.99999   -999.99999   -999.99999    -999.99999    -999.99999   -999.99999     -999.99999    -999.99999    -999.99999    -999.99999    16.0732   0.0220    48.9259    15.4256   0.0458    23.1909    12.348    0.00    0.6    8.505    0.00    0.7  
  PSO       J187.3050+04.3243  187.3050336      4.32437446   5.89 	-999.99999   -999.99999   -999.99999    -999.99999    -999.99999   -999.99999     -999.99999    -999.99999    -999.99999    -999.99999    -99.999   -9.99     -99.999    -99.999   -9.99     -99.999    -9.99    -9.99   -9.9    -9.99    -9.99   -9.9    
  SDSS      J1500+2816         225.153499      28.2675083    5.55   	-999.99999   -999.99999   -999.99999    -999.99999    -999.99999   -999.99999     -999.99999    -999.99999    -999.99999    -999.99999 	  16.4081   0.0246    43.6529    15.6213   0.0443    24.0120    12.394   0.24    4.5     8.955    0.00    1.2      
  SDWISE    J1523+5916         230.7620833     59.2758444    5.11   	-999.99999   -999.99999   -999.99999    -999.99999    -999.99999   -999.99999     -999.99999    -999.99999    -999.99999    -999.99999	  16.3464   0.0217    49.5110    15.3611   0.0296    36.2314    12.104   0.18    5.9     8.991    0.29    3.8     
  SDSS 	    J1534+1327         233.74898973    13.45039414   5.04  	-999.99999   -999.99999   -999.99999    -999.99999    -999.99999   -999.99999     -999.99999    -999.99999    -999.99999    -999.99999 	  16.0398   0.0201    53.6367    15.3071   0.0377    28.3009    12.802   0.41    2.7     9.362    0.48    2.2    
  SDSS      J1610+4117         242.56966544    41.29827146   5.01 	-999.99999   -999.99999   -999.99999    -999.99999    -999.99999   -999.99999     -999.99999    -999.99999    -999.99999    -999.99999    16.5833   0.0255    42.0502    16.0677   0.0582    18.1461    12.634   0.00    1.6     9.455    0.00    0.8    
  CFHQS     J2229+1457         337.25687    	14.952499    6.15  	-999.99999   -999.99999   -999.99999    -999.99999    -999.99999   -999.99999     -999.99999    -999.99999    -999.99999    -999.99999    -99.9990  -9.99     -99.999	 -99.999   -9.99     -99.999    -9.99 	 -9.99   -9.9    -9.99	  -9.99   -9.9  
  SDSS      J2325+2628         351.3093508     26.47995309   5.77   	-999.99999   -999.99999   -999.99999    -999.99999    -999.99999   -999.99999     -999.99999    -999.99999    -999.99999    -999.99999    16.1378   0.0221    48.7409    15.4868   0.0454    23.4137    12.588   0.51    2.1   	 8.968    0.48    2.3
  SUV       J2358+0634         359.60016666    6.57705555    5.32 	-999.99999   -999.99999   -999.99999    -999.99999    -999.99999   -999.99999     -999.99999    -999.99999    -999.99999    -999.99999    16.3287   0.0296    36.1965    15.3755   0.0469    22.6356    12.113   0.38    2.9     9.113    0.00    0.0   
