qsoName,mjdObs,filterID,aperMag3AverAB,aperMag3Err,ppErrBits
               SHELLQsJ0220-0432,  +55213.1050924,   1,    +23.465496,     +0.593961,          0
               SHELLQsJ0220-0432,  +55215.1138772,   1,    +22.919752,     +0.446553,          0
               SHELLQsJ0220-0432,  +55215.1171328,   1,    +23.577911,     +0.800741,          0
               SHELLQsJ0220-0432,  +56953.2228090,   2,    +24.048710,     +1.456487,          0
               SHELLQsJ0220-0432,  +56519.2631572,   2,    +23.034729,     +0.584180,          0
               SHELLQsJ0220-0432,  +56268.1544948,   2,    +23.304895,     +0.774117,          0
               SHELLQsJ0220-0432,  +56178.3066055,   2,    +23.571688,     +0.822626,          0
               SHELLQsJ0220-0432,  +57297.2892866,   2,    +23.243011,     +0.921341,          0
               SHELLQsJ0220-0432,  +55867.1958099,   2,    +27.734290,    +37.769066,          0
               SHELLQsJ0220-0432,  +56953.2295464,   2,    +24.592646,     +2.411619,          0
               SHELLQsJ0220-0432,  +56987.1566268,   2,    +22.891762,     +0.492297,          0
               SHELLQsJ0220-0432,  +56894.2982795,   2,    +22.721361,     +0.330392,          0
               SHELLQsJ0220-0432,  +56960.2651833,   2,    +23.640150,     +0.957311,          0
               SHELLQsJ0220-0432,  +56519.3226908,   2, -9.999995E008, -9.999995E008,          0
               SHELLQsJ0220-0432,  +56299.0853197,   2,    +23.789768,     +1.232322,          0
               SHELLQsJ0220-0432,  +57317.1668733,   2,    +22.897030,     +0.891927,          0
               SHELLQsJ0220-0432,  +55897.1098603,   2,    +23.067553,     +0.618230,          0
               SHELLQsJ0220-0432,  +56519.2975131,   2,    +23.236643,     +0.679443,          0
               SHELLQsJ0220-0432,  +56251.0859637,   2,    +22.662092,     +0.360072,          0
               SHELLQsJ0220-0432,  +56659.0930737,   2,    +22.672197,     +0.432987,          0
               SHELLQsJ0220-0432,  +55855.2696081,   2,    +23.739796,     +0.873184,          0
               SHELLQsJ0220-0432,  +57004.0787498,   2,    +22.766544,     +0.504622,          0
               SHELLQsJ0220-0432,  +56649.0806505,   2,    +23.374607,     +0.874624,          0
               SHELLQsJ0220-0432,  +56961.2573130,   2,    +23.359447,     +0.746587,          0
               SHELLQsJ0220-0432,  +56869.3671844,   2,    +24.099700,     +1.789811,          0
               SHELLQsJ0220-0432,  +55855.3237537,   2,    +23.348747,     +0.812583,          0
               SHELLQsJ0220-0432,  +56955.2531223,   2,    +23.442259,     +0.891460,          0
               SHELLQsJ0220-0432,  +56519.2564287,   2,    +22.801054,     +0.473479,          0
               SHELLQsJ0220-0432,  +56923.2831006,   2,    +23.157412,     +0.693759,          0
               SHELLQsJ0220-0432,  +56875.3123551,   2,    +23.907818,     +1.463840,          0
               SHELLQsJ0220-0432,  +56269.1362922,   2,    +22.764658,     +0.434580,          0
               SHELLQsJ0220-0432,  +56267.1363002,   2,    +24.295015,     +1.918752,          0
               SHELLQsJ0220-0432,  +56903.3539807,   2,    +24.639791,     +2.838516,          0
               SHELLQsJ0220-0432,  +56929.2805190,   2,    +23.111382,     +0.656644,          0
               SHELLQsJ0220-0432,  +56509.3636279,   2,    +26.900543,    +20.388706,          0
               SHELLQsJ0220-0432,  +56251.1677398,   2,    +23.612793,     +0.939973,          0
               SHELLQsJ0220-0432,  +56921.2546515,   2,    +23.529339,     +0.716288,          0
               SHELLQsJ0220-0432,  +56903.3122833,   2,    +22.639189,     +0.414606,          0
               SHELLQsJ0220-0432,  +57008.1274247,   2,    +23.484617,     +1.101215,          0
               SHELLQsJ0220-0432,  +56979.1834136,   2,    +23.265196,     +0.742504,          0
               SHELLQsJ0220-0432,  +55855.3168973,   2,    +23.809570,     +1.162898,          0
               SHELLQsJ0220-0432,  +55893.2144009,   2, -9.999995E008, -9.999995E008,          0
               SHELLQsJ0220-0432,  +56991.1005122,   2,    +24.837358,     +3.415182,          0
               SHELLQsJ0220-0432,  +55213.0865946,   2, -9.999995E008, -9.999995E008,          0
               SHELLQsJ0220-0432,  +56252.1453807,   2,    +22.459845,     +0.360476,          0
               SHELLQsJ0220-0432,  +56922.2851272,   2,    +23.631416,     +0.956426,          0
               SHELLQsJ0220-0432,  +56178.3134566,   2,    +24.343250,     +1.731120,          0
               SHELLQsJ0220-0432,  +56518.3876954,   2,    +23.553268,     +0.772355,          0
               SHELLQsJ0220-0432,  +56951.2545137,   2,    +23.275265,     +0.794002,          0
               SHELLQsJ0220-0432,  +56267.1430424,   2,    +25.707241,     +7.276337,          0
               SHELLQsJ0220-0432,  +56867.3452024,   2,    +23.179625,     +0.676723,          0
               SHELLQsJ0220-0432,  +56252.0628462,   2, -9.999995E008, -9.999995E008,          0
               SHELLQsJ0220-0432,  +56251.1744442,   2,    +23.407879,     +0.779291,          0
               SHELLQsJ0220-0432,  +56961.1335987,   2,    +23.354467,     +0.758873,          0
               SHELLQsJ0220-0432,  +56954.2832652,   2,    +24.863575,     +3.528717,          0
               SHELLQsJ0220-0432,  +56518.3050746,   2,    +22.838282,     +0.491684,          0
               SHELLQsJ0220-0432,  +56515.3477751,   2,    +23.259930,     +0.771240,          0
               SHELLQsJ0220-0432,  +56991.1072467,   2,    +23.272846,     +0.801406,          0
               SHELLQsJ0220-0432,  +56991.0661290,   2,    +23.129951,     +0.763859,          0
               SHELLQsJ0220-0432,  +56252.1104183,   2,    +22.791105,     +0.542017,          0
               SHELLQsJ0220-0432,  +55854.2706410,   2,    +28.009590,    +56.591927,          0
               SHELLQsJ0220-0432,  +56961.1269313,   2, -9.999995E008, -9.999995E008,          0
               SHELLQsJ0220-0432,  +56625.1321254,   2,    +23.401133,     +0.720262,          0
               SHELLQsJ0220-0432,  +56509.3705016,   2, -9.999995E008, -9.999995E008,          0
               SHELLQsJ0220-0432,  +55884.2015321,   2,    +23.146616,     +0.686390,          0
               SHELLQsJ0220-0432,  +55884.2083366,   2,    +23.869045,     +1.381389,          0
               SHELLQsJ0220-0432,  +56991.0593946,   2, -9.999995E008, -9.999995E008,          0
               SHELLQsJ0220-0432,  +56867.3805099,   2,    +24.061510,     +1.394458,          0
               SHELLQsJ0220-0432,  +56925.1834705,   2,    +23.705805,     +0.898090,          0
               SHELLQsJ0220-0432,  +55855.2764561,   2,    +22.921375,     +0.408500,          0
               SHELLQsJ0220-0432,  +55867.2856985,   2,    +25.271950,     +4.689486,          0
               SHELLQsJ0220-0432,  +56991.1439874,   2, -9.999995E008, -9.999995E008,          0
               SHELLQsJ0220-0432,  +56961.2220992,   2,    +23.147522,     +0.514304,          0
               SHELLQsJ0220-0432,  +56867.3386093,   2,    +23.990211,     +1.433933,          0
               SHELLQsJ0220-0432,  +56987.1499446,   2,    +24.754158,     +2.882432,          0
               SHELLQsJ0220-0432,  +56634.1307525,   2,    +24.157814,     +1.548921,          0
               SHELLQsJ0220-0432,  +56250.1392454,   2,    +23.317942,     +0.691180,          0
               SHELLQsJ0220-0432,  +55867.1890749,   2,    +22.651330,     +0.357493,          0
               SHELLQsJ0220-0432,  +56210.2527582,   2,    +23.192066,     +0.555494,          0
               SHELLQsJ0220-0432,  +56979.1767593,   2,    +23.939657,     +1.333974,          0
               SHELLQsJ0220-0432,  +57009.1393046,   2,    +24.468521,     +1.902503,          0
               SHELLQsJ0220-0432,  +56250.1460858,   2,    +23.608072,     +0.930473,          0
               SHELLQsJ0220-0432,  +56627.1168461,   2,    +24.537146,     +2.398913,          0
               SHELLQsJ0220-0432,  +56955.2464873,   2,    +22.960495,     +0.588377,          0
               SHELLQsJ0220-0432,  +56252.1930671,   2,    +23.764526,     +1.195689,          0
               SHELLQsJ0220-0432,  +56269.1430687,   2,    +22.833757,     +0.466059,          0
               SHELLQsJ0220-0432,  +55891.1976653,   2,    +23.737547,     +1.306263,          0
               SHELLQsJ0220-0432,  +56634.1718599,   2,    +24.875170,     +3.419256,          0
               SHELLQsJ0220-0432,  +56634.0830121,   2,    +23.101564,     +0.594427,          0
               SHELLQsJ0220-0432,  +57363.1129794,   2,    +22.494670,     +0.408615,          0
               SHELLQsJ0220-0432,  +56991.1912565,   2,    +22.477678,     +0.476065,          0
               SHELLQsJ0220-0432,  +56955.2933472,   2,    +22.566422,     +0.453110,          0
               SHELLQsJ0220-0432,  +57306.2647279,   2,    +22.539160,     +0.506272,          0
               SHELLQsJ0220-0432,  +56625.1389257,   2, -9.999995E008, -9.999995E008,          0
               SHELLQsJ0220-0432,  +56299.0919631,   2,    +22.812515,     +0.490329,          0
               SHELLQsJ0220-0432,  +56252.0694874,   2,    +23.942303,     +1.527580,          0
               SHELLQsJ0220-0432,  +57005.1075345,   2,    +25.690083,     +7.021675,          0
               SHELLQsJ0220-0432,  +56961.1683726,   2,    +23.651250,     +0.906253,          0
               SHELLQsJ0220-0432,  +55893.2211288,   2,    +23.897371,     +1.438793,          0
               SHELLQsJ0220-0432,  +56252.1864210,   2,    +25.816336,     +7.707379,          0
               SHELLQsJ0220-0432,  +56515.3410854,   2,    +23.406702,     +0.841294,          0
               SHELLQsJ0220-0432,  +55867.1081390,   2,    +23.496288,     +0.857634,          0
               SHELLQsJ0220-0432,  +56925.1909587,   2,    +23.563604,     +0.727923,          0
               SHELLQsJ0220-0432,  +55891.2043924,   2,    +23.369303,     +0.891775,          0
               SHELLQsJ0220-0432,  +55883.2352311,   2,    +24.095220,     +1.744698,          0
               SHELLQsJ0220-0432,  +56951.2477359,   2,    +27.813818,    +52.300484,          0
               SHELLQsJ0220-0432,  +57372.1513048,   2,    +23.450127,     +1.044692,          0
               SHELLQsJ0220-0432,  +57004.0854938,   2, -9.999995E008, -9.999995E008,          0
               SHELLQsJ0220-0432,  +56304.0883950,   2,    +23.042550,     +0.591652,          0
               SHELLQsJ0220-0432,  +57009.1325977,   2,    +24.333933,     +1.710728,          0
               SHELLQsJ0220-0432,  +57331.1085785,   2,    +23.632700,     +1.382419,          0
               SHELLQsJ0220-0432,  +56867.3870788,   2,    +23.303352,     +0.680546,          0
               SHELLQsJ0220-0432,  +56252.1521864,   2,    +25.352877,     +5.106460,          0
               SHELLQsJ0220-0432,  +56903.3471820,   2,    +23.177406,     +0.721300,          0
               SHELLQsJ0220-0432,  +56961.1749910,   2,    +23.061817,     +0.524754,          0
               SHELLQsJ0220-0432,  +56627.0740595,   2,    +24.195202,     +1.966142,          0
               SHELLQsJ0220-0432,  +56991.1846336,   2,    +24.407381,     +2.764083,          0
               SHELLQsJ0220-0432,  +56925.2286610,   2,    +24.111109,     +1.310264,          0
               SHELLQsJ0220-0432,  +57306.2604923,   2,    +24.285805,     +2.222403,          0
               SHELLQsJ0220-0432,  +56210.2594841,   2,    +23.172451,     +0.538055,          0
               SHELLQsJ0220-0432,  +55883.2421017,   2,    +23.266657,     +0.849221,          0
               SHELLQsJ0220-0432,  +56875.3190409,   2,    +22.772568,     +0.485567,          0
               SHELLQsJ0220-0432,  +56954.2899983,   2,    +22.945192,     +0.621210,          0
               SHELLQsJ0220-0432,  +56961.2639100,   2,    +23.671587,     +0.964003,          0
               SHELLQsJ0220-0432,  +57372.1472556,   2, -9.999995E008, -9.999995E008,          0
               SHELLQsJ0220-0432,  +56634.0897965,   2,    +23.368740,     +0.718925,          0
               SHELLQsJ0220-0432,  +56649.0874127,   2, -9.999995E008, -9.999995E008,          0
               SHELLQsJ0220-0432,  +56929.2879776,   2,    +23.014797,     +0.578742,          0
               SHELLQsJ0220-0432,  +56519.3041557,   2,    +25.001537,     +3.484445,          0
               SHELLQsJ0220-0432,  +57297.2851456,   2,    +22.453604,     +0.500978,          0
               SHELLQsJ0220-0432,  +57331.1043865,   2,    +22.397903,     +0.428427,          0
               SHELLQsJ0220-0432,  +56955.2867009,   2,    +24.955538,     +3.801515,          0
               SHELLQsJ0220-0432,  +55897.1168038,   2,    +23.233950,     +0.647263,          0
               SHELLQsJ0220-0432,  +57006.1004437,   2,    +24.145214,     +1.758040,          0
               SHELLQsJ0220-0432,  +56518.3464732,   2,    +23.117390,     +0.529904,          0
               SHELLQsJ0220-0432,  +56921.3408958,   2,    +27.274595,    +23.898418,          0
               SHELLQsJ0220-0432,  +56960.2717707,   2,    +23.031467,     +0.553254,          0
               SHELLQsJ0220-0432,  +56921.3483968,   2,    +23.188460,     +0.559743,          0
               SHELLQsJ0220-0432,  +55867.1484213,   2,    +22.854368,     +0.460404,          0
               SHELLQsJ0220-0432,  +55867.1552027,   2,    +22.669561,     +0.394526,          0
               SHELLQsJ0220-0432,  +57005.1141432,   2,    +23.317100,     +0.761725,          0
               SHELLQsJ0220-0432,  +56627.1099946,   2,    +23.284754,     +0.704990,          0
               SHELLQsJ0220-0432,  +56251.0927893,   2,    +24.691948,     +2.423245,          0
               SHELLQsJ0220-0432,  +55854.2774170,   2, -9.999995E008, -9.999995E008,          0
               SHELLQsJ0220-0432,  +56518.3943639,   2,    +27.629713,    +32.922302,          0
               SHELLQsJ0220-0432,  +56991.1506750,   2,    +24.413794,     +2.406239,          0
               SHELLQsJ0220-0432,  +56894.3398949,   2,    +23.224860,     +0.603170,          0
               SHELLQsJ0220-0432,  +56922.2776411,   2,    +24.765745,     +2.766964,          0
               SHELLQsJ0220-0432,  +56903.3056233,   2,    +24.304472,     +1.939767,          0
               SHELLQsJ0220-0432,  +56304.0951029,   2,    +22.852660,     +0.524231,          0
               SHELLQsJ0220-0432,  +56519.3293214,   2,    +23.210993,     +0.688296,          0
               SHELLQsJ0220-0432,  +56518.3117462,   2,    +22.836690,     +0.466115,          0
               SHELLQsJ0220-0432,  +57006.0938250,   2,    +24.052427,     +1.684681,          0
               SHELLQsJ0220-0432,  +57363.1086589,   2,    +23.028608,     +0.647978,          0
               SHELLQsJ0220-0432,  +56922.3366451,   2,    +23.628572,     +1.007201,          0
               SHELLQsJ0220-0432,  +56634.1240172,   2,    +23.525574,     +0.884725,          0
               SHELLQsJ0220-0432,  +56923.2906401,   2,    +23.213276,     +0.919160,          0
               SHELLQsJ0220-0432,  +56894.3049514,   2,    +23.276930,     +0.528456,          0
               SHELLQsJ0220-0432,  +56961.2154560,   2,    +23.473772,     +0.692470,          0
               SHELLQsJ0220-0432,  +56921.2380075,   2, -9.999995E008, -9.999995E008,          0
               SHELLQsJ0220-0432,  +56252.1037279,   2,    +23.702621,     +1.175175,          0
               SHELLQsJ0220-0432,  +56634.1651417,   2,    +23.033289,     +0.622873,          0
               SHELLQsJ0220-0432,  +57008.1207642,   2,    +22.791440,     +0.592728,          0
               SHELLQsJ0220-0432,  +55867.2790360,   2,    +24.397276,     +2.166627,          0
               SHELLQsJ0220-0432,  +56921.2938150,   2,    +23.334805,     +0.610899,          0
               SHELLQsJ0220-0432,  +57317.1710160,   2,    +23.363022,     +1.327715,          0
               SHELLQsJ0220-0432,  +56268.1612360,   2,    +24.477606,     +2.112091,          0
               SHELLQsJ0220-0432,  +56869.3606158,   2,    +24.176027,     +1.956762,          0
               SHELLQsJ0220-0432,  +56659.0862680,   2,    +24.018000,     +1.394202,          0
               SHELLQsJ0220-0432,  +56922.3441368,   2,    +23.195536,     +0.718090,          0
               SHELLQsJ0220-0432,  +56925.2361692,   2,    +27.615143,    +33.139717,          0
               SHELLQsJ0220-0432,  +55867.1148064,   2,    +24.206032,     +1.650098,          0
               SHELLQsJ0220-0432,  +56518.3531524,   2,    +23.388233,     +0.668217,          0
               SHELLQsJ0220-0432,  +56921.3013223,   2,    +23.192923,     +0.514073,          0
               SHELLQsJ0220-0432,  +56894.3466224,   2,    +23.341145,     +0.695642,          0
               SHELLQsJ0220-0432,  +56237.2099568,   3,    +23.762032,     +1.612443,          0
               SHELLQsJ0220-0432,  +57304.3008395,   3,    +23.127600,     +0.692052,          0
               SHELLQsJ0220-0432,  +56212.1543996,   3,    +23.598133,     +1.106777,          0
               SHELLQsJ0220-0432,  +56238.2216983,   3,    +23.933828,     +1.347251,          0
               SHELLQsJ0220-0432,  +56519.3706432,   3,    +24.316206,     +2.227031,          0
               SHELLQsJ0220-0432,  +56535.2513409,   3,    +23.250153,     +0.693134,          0
               SHELLQsJ0220-0432,  +56532.2674853,   3,    +22.859337,     +0.587093,          0
               SHELLQsJ0220-0432,  +55838.2585994,   3,    +23.103180,     +0.577504,          0
               SHELLQsJ0220-0432,  +56242.2350258,   3,    +22.496609,     +0.353016,          0
               SHELLQsJ0220-0432,  +55171.2098639,   3, -9.999995E008, -9.999995E008,          0
               SHELLQsJ0220-0432,  +56269.0930074,   3,    +22.986914,     +0.642439,          0
               SHELLQsJ0220-0432,  +56244.2382811,   3,    +22.941946,     +0.704012,          0
               SHELLQsJ0220-0432,  +56250.2271897,   3, -9.999995E008, -9.999995E008,          0
               SHELLQsJ0220-0432,  +57362.1759378,   3,    +24.506826,     +3.331186,          0
               SHELLQsJ0220-0432,  +57304.2967796,   3,    +23.207418,     +0.749294,          0
               SHELLQsJ0220-0432,  +56243.2298529,   3, -9.999995E008, -9.999995E008,          0
               SHELLQsJ0220-0432,  +56221.1857556,   3,    +23.311213,     +0.611443,          0
               SHELLQsJ0220-0432,  +56521.3724962,   3,    +24.857937,     +4.131518,          0
               SHELLQsJ0220-0432,  +55171.2118316,   3, -9.999995E008, -9.999995E008,          0
               SHELLQsJ0220-0432,  +56520.3234569,   3,    +23.416029,     +0.907373,          0
               SHELLQsJ0220-0432,  +55884.2501009,   3,    +25.760862,    +11.150246,          0
               SHELLQsJ0220-0432,  +56238.2151012,   3,    +23.739223,     +1.131876,          0
               SHELLQsJ0220-0432,  +56515.3032969,   3,    +22.770983,     +0.501752,          0
               SHELLQsJ0220-0432,  +56522.3810793,   3,    +22.967380,     +0.548589,          0
               SHELLQsJ0220-0432,  +56244.2315921,   3,    +23.139982,     +0.807150,          0
               SHELLQsJ0220-0432,  +55927.1367159,   3,    +27.350536,    +35.374610,          0
               SHELLQsJ0220-0432,  +57312.1370908,   3, -9.999995E008, -9.999995E008,          0
               SHELLQsJ0220-0432,  +55217.0685945,   3,    +22.296438,     +0.757673,          0
               SHELLQsJ0220-0432,  +57330.1550785,   3,    +22.624275,     +0.693621,          0
               SHELLQsJ0220-0432,  +56520.3710978,   3,    +25.954620,     +8.557352,          0
               SHELLQsJ0220-0432,  +57312.1411782,   3,    +22.417973,     +0.733172,          0
               SHELLQsJ0220-0432,  +56241.2505862,   3,    +23.087265,     +0.567368,          0
               SHELLQsJ0220-0432,  +56241.0808739,   3,    +24.547672,     +2.450441,          0
               SHELLQsJ0220-0432,  +56247.1870334,   3,    +24.756912,     +3.150368,          0
               SHELLQsJ0220-0432,  +55888.1312264,   3,    +22.818768,     +0.682345,          0
               SHELLQsJ0220-0432,  +56222.2771083,   3,    +22.948677,     +0.556018,          0
               SHELLQsJ0220-0432,  +56236.1377664,   3,    +23.945894,     +1.309120,          0
               SHELLQsJ0220-0432,  +56249.0965517,   3,    +23.160992,     +0.610561,          0
               SHELLQsJ0220-0432,  +56240.0872480,   3,    +25.475021,     +5.933175,          0
               SHELLQsJ0220-0432,  +56268.1099254,   3,    +23.327650,     +0.868756,          0
               SHELLQsJ0220-0432,  +56532.2608418,   3,    +22.726027,     +0.513898,          0
               SHELLQsJ0220-0432,  +55855.2284708,   3,    +23.080935,     +0.554856,          0
               SHELLQsJ0220-0432,  +56221.1924258,   3,    +23.397135,     +0.643463,          0
               SHELLQsJ0220-0432,  +55888.1243941,   3,    +22.482710,     +0.552077,          0
               SHELLQsJ0220-0432,  +56533.2456419,   3,    +24.960094,     +3.589956,          0
               SHELLQsJ0220-0432,  +56239.1076329,   3,    +23.201996,     +0.695420,          0
               SHELLQsJ0220-0432,  +55927.1299109,   3,    +25.673506,     +7.233124,          0
               SHELLQsJ0220-0432,  +56535.2446590,   3,    +22.881440,     +0.505538,          0
               SHELLQsJ0220-0432,  +55895.2348446,   3,    +22.507820,     +0.586708,          0
               SHELLQsJ0220-0432,  +55855.1460052,   3,    +23.216600,     +0.686341,          0
               SHELLQsJ0220-0432,  +57330.1508701,   3,    +23.901867,     +2.074571,          0
               SHELLQsJ0220-0432,  +57373.1706262,   3,    +23.215897,     +1.083032,          0
               SHELLQsJ0220-0432,  +56236.0905189,   3,    +23.546700,     +0.995064,          0
               SHELLQsJ0220-0432,  +56239.1143703,   3,    +22.999935,     +0.572216,          0
               SHELLQsJ0220-0432,  +56250.2204582,   3,    +23.256329,     +0.789095,          0
               SHELLQsJ0220-0432,  +56221.1105968,   3,    +23.725742,     +1.122908,          0
               SHELLQsJ0220-0432,  +55215.0708043,   3,    +23.931616,     +3.206830,          0
               SHELLQsJ0220-0432,  +57362.1800291,   3,    +23.401602,     +1.278725,          0
               SHELLQsJ0220-0432,  +55862.1959703,   3,    +23.693330,     +1.021671,          0
               SHELLQsJ0220-0432,  +56224.3135658,   3,    +23.501842,     +0.958231,          0
               SHELLQsJ0220-0432,  +56247.1803527,   3,    +23.963015,     +1.557280,          0
               SHELLQsJ0220-0432,  +56224.3203193,   3,    +23.894064,     +1.335273,          0
               SHELLQsJ0220-0432,  +56236.1310787,   3,    +23.015202,     +0.572029,          0
               SHELLQsJ0220-0432,  +56221.1039904,   3,    +22.929153,     +0.585704,          0
               SHELLQsJ0220-0432,  +55855.2352988,   3,    +23.145227,     +0.582315,          0
               SHELLQsJ0220-0432,  +56241.2438273,   3,    +23.071482,     +0.565312,          0
               SHELLQsJ0220-0432,  +56238.2630020,   3,    +23.420387,     +0.808224,          0
               SHELLQsJ0220-0432,  +55213.0733529,   3,    +21.810284,     +0.381385,          0
               SHELLQsJ0220-0432,  +56268.1167486,   3,    +23.024720,     +0.681701,          0
               SHELLQsJ0220-0432,  +55171.2137782,   3,    +22.759695,     +1.459688,          0
               SHELLQsJ0220-0432,  +56222.2839312,   3,    +23.893840,     +1.309463,          0
               SHELLQsJ0220-0432,  +56236.0971426,   3,    +23.432770,     +0.875494,          0
               SHELLQsJ0220-0432,  +56221.1515672,   3,    +23.711512,     +0.914188,          0
               SHELLQsJ0220-0432,  +56242.2417062,   3,    +22.904505,     +0.517099,          0
               SHELLQsJ0220-0432,  +57297.2601254,   3,    +23.469189,     +1.069371,          0
               SHELLQsJ0220-0432,  +56237.2032737,   3, -9.999995E008, -9.999995E008,          0
               SHELLQsJ0220-0432,  +55838.2516056,   3,    +23.840520,     +1.153629,          0
               SHELLQsJ0220-0432,  +55855.1528093,   3,    +22.748981,     +0.429132,          0
               SHELLQsJ0220-0432,  +55855.1939061,   3,    +24.142921,     +1.505461,          0
               SHELLQsJ0220-0432,  +56221.1447332,   3,    +22.958843,     +0.476603,          0
               SHELLQsJ0220-0432,  +56521.3656758,   3,    +23.975462,     +1.837943,          0
               SHELLQsJ0220-0432,  +56243.2365258,   3,    +22.688470,     +0.545995,          0
               SHELLQsJ0220-0432,  +56520.3644314,   3,    +22.756840,     +0.475195,          0
               SHELLQsJ0220-0432,  +56519.3638185,   3,    +23.052195,     +0.664032,          0
               SHELLQsJ0220-0432,  +56240.0939047,   3,    +25.038310,     +3.816471,          0
               SHELLQsJ0220-0432,  +55837.2732433,   3,    +23.284315,     +0.633892,          0
               SHELLQsJ0220-0432,  +56533.2622170,   3, -9.999995E008, -9.999995E008,          0
               SHELLQsJ0220-0432,  +56212.1477158,   3,    +23.114296,     +0.729653,          0
               SHELLQsJ0220-0432,  +56241.0875559,   3,    +23.915367,     +1.340417,          0
               SHELLQsJ0220-0432,  +55884.2433202,   3,    +22.828476,     +0.595838,          0
               SHELLQsJ0220-0432,  +56522.3878851,   3,    +24.703564,     +2.610698,          0
               SHELLQsJ0220-0432,  +56249.1031818,   3,    +23.777477,     +1.048188,          0
               SHELLQsJ0220-0432,  +56250.1048862,   3,    +22.950502,     +0.585486,          0
               SHELLQsJ0220-0432,  +55895.2415759,   3, -9.999995E008, -9.999995E008,          0
               SHELLQsJ0220-0432,  +56515.2967661,   3,    +23.202784,     +0.721943,          0
               SHELLQsJ0220-0432,  +56238.2563475,   3,    +23.352325,     +0.821628,          0
               SHELLQsJ0220-0432,  +55855.1871000,   3,    +23.856040,     +1.146726,          0
               SHELLQsJ0220-0432,  +55217.0700075,   3,    +22.948792,     +1.393053,          0
               SHELLQsJ0220-0432,  +56269.0862819,   3,    +23.610416,     +1.227250,          0
               SHELLQsJ0220-0432,  +56250.0980891,   3,    +23.213585,     +0.754195,          0
               SHELLQsJ0220-0432,  +55837.2664572,   3,    +23.076836,     +0.543503,          0
               SHELLQsJ0220-0432,  +57373.1746732,   3,    +22.434692,     +0.512914,          0
               SHELLQsJ0220-0432,  +57297.2641470,   3,    +23.690664,     +1.247880,          0
               SHELLQsJ0220-0432,  +55862.2027513,   3,    +24.288618,     +1.683071,          0
               SHELLQsJ0220-0432,  +56520.3302345,   3,    +23.321196,     +0.834570,          0
               SHELLQsJ0220-0432,  +56234.2092292,   4,    +23.182960,     +0.710127,          0
               SHELLQsJ0220-0432,  +56196.3114558,   4,    +23.050879,     +0.650779,          0
               SHELLQsJ0220-0432,  +56234.1758545,   4,    +23.745651,     +1.427565,          0
               SHELLQsJ0220-0432,  +56190.2828709,   4,    +23.179104,     +0.822340,          0
               SHELLQsJ0220-0432,  +56235.2160977,   4,    +22.681177,     +0.607082,          0
               SHELLQsJ0220-0432,  +55217.0585757,   4, -9.999995E008, -9.999995E008,          0
               SHELLQsJ0220-0432,  +56234.1299139,   4,    +29.047060,   +178.957060,          0
               SHELLQsJ0220-0432,  +56187.3148240,   4,    +22.511253,     +0.511902,          0
               SHELLQsJ0220-0432,  +56195.3093318,   4,    +22.810999,     +0.624344,          0
               SHELLQsJ0220-0432,  +56226.2180213,   4,    +22.898846,     +0.677061,          0
               SHELLQsJ0220-0432,  +56167.3439274,   4,    +23.295097,     +1.105403,          0
               SHELLQsJ0220-0432,  +56167.2972258,   4,    +23.334460,     +1.052363,          0
               SHELLQsJ0220-0432,  +56170.2240631,   4,    +22.770845,     +0.822860,          0
               SHELLQsJ0220-0432,  +56222.1621087,   4,    +23.086002,     +0.918085,          0
               SHELLQsJ0220-0432,  +55217.0561911,   4, -9.999995E008, -9.999995E008,          0
               SHELLQsJ0220-0432,  +56187.3214390,   4,    +24.091694,     +2.225584,          0
               SHELLQsJ0220-0432,  +56236.1784836,   4,    +24.088280,     +2.773788,          0
               SHELLQsJ0220-0432,  +56192.3058389,   4,    +23.451185,     +0.916346,          0
               SHELLQsJ0220-0432,  +56167.2459258,   4,    +23.080532,     +0.757803,          0
               SHELLQsJ0220-0432,  +55171.2183796,   4, -9.999995E008, -9.999995E008,          0
               SHELLQsJ0220-0432,  +56195.2693736,   4,    +23.852486,     +1.572592,          0
               SHELLQsJ0220-0432,  +56225.2461345,   4,    +23.287231,     +1.091187,          0
               SHELLQsJ0220-0432,  +56224.2341989,   4,    +22.805735,     +0.615401,          0
               SHELLQsJ0220-0432,  +56236.2121935,   4,    +23.765802,     +1.600205,          0
               SHELLQsJ0220-0432,  +56251.1336597,   4,    +24.895280,     +5.017950,          0
               SHELLQsJ0220-0432,  +56250.0577519,   4,    +25.411997,     +7.440963,          0
               SHELLQsJ0220-0432,  +56191.2965044,   4,    +23.734991,     +1.350275,          0
               SHELLQsJ0220-0432,  +56248.1005342,   4,    +22.505974,     +0.485014,          0
               SHELLQsJ0220-0432,  +56235.2626825,   4, -9.999995E008, -9.999995E008,          0
               SHELLQsJ0220-0432,  +56167.3038117,   4,    +26.078333,    +13.557417,          0
               SHELLQsJ0220-0432,  +56250.0643949,   4,    +27.201336,    +40.149956,          0
               SHELLQsJ0220-0432,  +56235.1280643,   4,    +22.640345,     +0.586850,          0
               SHELLQsJ0220-0432,  +56223.2309728,   4,    +21.638441,     +0.285491,          0
               SHELLQsJ0220-0432,  +56251.0455664,   4,    +24.616617,     +3.554383,          0
               SHELLQsJ0220-0432,  +56235.2225847,   4,    +22.629389,     +0.712468,          0
               SHELLQsJ0220-0432,  +56226.1844749,   4,    +23.097029,     +0.818227,          0
               SHELLQsJ0220-0432,  +56196.1846365,   4,    +24.410854,     +2.636576,          0
               SHELLQsJ0220-0432,  +56226.3055961,   4,    +24.487026,     +3.607265,          0
               SHELLQsJ0220-0432,  +56226.1384750,   4, -9.999995E008, -9.999995E008,          0
               SHELLQsJ0220-0432,  +56190.2895285,   4,    +22.376009,     +0.416087,          0
               SHELLQsJ0220-0432,  +56225.2796115,   4,    +23.265810,     +1.041692,          0
               SHELLQsJ0220-0432,  +56223.2242595,   4,    +24.727287,     +4.666563,          0
               SHELLQsJ0220-0432,  +56225.1996794,   4,    +22.584830,     +0.601957,          0
               SHELLQsJ0220-0432,  +56251.1271275,   4, -9.999995E008, -9.999995E008,          0
               SHELLQsJ0220-0432,  +55215.0585772,   4, -9.999995E008, -9.999995E008,          0
               SHELLQsJ0220-0432,  +56116.3741523,   4,    +22.964024,     +1.206729,          0
               SHELLQsJ0220-0432,  +56222.1964251,   4,    +23.600306,     +1.220137,          0
               SHELLQsJ0220-0432,  +56170.2307497,   4,    +22.882627,     +1.141413,          0
               SHELLQsJ0220-0432,  +56191.2899879,   4,    +23.375505,     +1.043817,          0
               SHELLQsJ0220-0432,  +56192.2991678,   4,    +23.164928,     +0.679987,          0
               SHELLQsJ0220-0432,  +55171.2162572,   4,    +21.823036,     +1.104111,          0
               SHELLQsJ0220-0432,  +56226.2697444,   4,    +24.023808,     +2.328875,          0
               SHELLQsJ0220-0432,  +56224.1416442,   4,    +22.928820,     +0.591653,          0
               SHELLQsJ0220-0432,  +56167.3373277,   4,    +23.480810,     +1.188473,          0
               SHELLQsJ0220-0432,  +56225.2062659,   4,    +25.096882,     +6.446858,          0
               SHELLQsJ0220-0432,  +56224.2274909,   4,    +23.034838,     +0.698595,          0
               SHELLQsJ0220-0432,  +56236.2219127,   4,    +22.485579,     +0.581214,          0
               SHELLQsJ0220-0432,  +56234.1365184,   4,    +23.220346,     +0.965226,          0
               SHELLQsJ0220-0432,  +56222.2029744,   4,    +22.587566,     +0.465057,          0
               SHELLQsJ0220-0432,  +56225.2863853,   4, -9.999995E008, -9.999995E008,          0
               SHELLQsJ0220-0432,  +56234.1694666,   4,    +24.413223,     +2.421633,          0
               SHELLQsJ0220-0432,  +56167.2524852,   4, -9.999995E008, -9.999995E008,          0
               SHELLQsJ0220-0432,  +56196.2764711,   4,    +23.460255,     +1.077964,          0
               SHELLQsJ0220-0432,  +56223.1903609,   4,    +22.599627,     +0.644228,          0
               SHELLQsJ0220-0432,  +56234.2158860,   4,    +22.666422,     +0.591313,          0
               SHELLQsJ0220-0432,  +56226.2245965,   4,    +23.150856,     +1.077396,          0
               SHELLQsJ0220-0432,  +56251.0521250,   4,    +23.787653,     +1.830569,          0
               SHELLQsJ0220-0432,  +55171.2204198,   4,    +22.025972,     +1.022369,          0
               SHELLQsJ0220-0432,  +56224.1481805,   4,    +23.810490,     +1.563431,          0
               SHELLQsJ0220-0432,  +56195.2628360,   4,    +23.943005,     +1.526714,          0
               SHELLQsJ0220-0432,  +56222.1556082,   4,    +22.745375,     +0.599661,          0
               SHELLQsJ0220-0432,  +56116.3806269,   4, -9.999995E008, -9.999995E008,          0
               SHELLQsJ0220-0432,  +56226.1779281,   4,    +22.861180,     +0.686653,          0
               SHELLQsJ0220-0432,  +56226.3120345,   4,    +22.317686,     +0.557533,          0
               SHELLQsJ0220-0432,  +56223.1839344,   4,    +23.645172,     +1.277208,          0
               SHELLQsJ0220-0432,  +56236.1720092,   4,    +22.754790,     +0.694725,          0
               SHELLQsJ0220-0432,  +56235.2561409,   4, -9.999995E008, -9.999995E008,          0
               SHELLQsJ0220-0432,  +56226.1449538,   4,    +22.466820,     +0.571483,          0
               SHELLQsJ0220-0432,  +56196.2699078,   4,    +25.083778,     +4.022704,          0
               SHELLQsJ0220-0432,  +56248.1070899,   4, -9.999995E008, -9.999995E008,          0
               SHELLQsJ0220-0432,  +56235.1344670,   4, -9.999995E008, -9.999995E008,          0
               SHELLQsJ0220-0432,  +56195.3027865,   4,    +22.941992,     +0.640646,          0
               SHELLQsJ0220-0432,  +56196.1911112,   4,    +22.916853,     +0.756847,          0
               SHELLQsJ0220-0432,  +56225.2395670,   4,    +24.843477,     +3.724026,          0
               SHELLQsJ0220-0432,  +56196.3181189,   4,    +22.808245,     +0.759534,          0
               SHELLQsJ0220-0432,  +56226.2631195,   4,    +22.362810,     +0.436384,          0
               SHELLQsJ0220-0432,  +56259.1655479,   5,    +22.772612,     +1.193779,          0
               SHELLQsJ0220-0432,  +56254.1941746,   5,    +21.765007,     +0.442486,          0
               SHELLQsJ0220-0432,  +55881.1919175,   5,    +22.710941,     +1.027246,          0
               SHELLQsJ0220-0432,  +56249.0566581,   5,    +23.251373,     +1.560500,          0
               SHELLQsJ0220-0432,  +56267.0623347,   5,    +23.594698,     +2.350795,          0
               SHELLQsJ0220-0432,  +56218.2358567,   5,    +22.812916,     +1.054321,          0
               SHELLQsJ0220-0432,  +56254.2007271,   5,    +23.083069,     +1.511165,          0
               SHELLQsJ0220-0432,  +56268.0757279,   5,    +23.210260,     +1.673109,          0
               SHELLQsJ0220-0432,  +55217.0376838,   5,    +23.851889,     +3.484164,          0
               SHELLQsJ0220-0432,  +56265.1852434,   5,    +24.071310,     +3.815384,          0
               SHELLQsJ0220-0432,  +55890.0185386,   5,    +22.550850,     +0.924324,          0
               SHELLQsJ0220-0432,  +55843.1435915,   5,    +23.773155,     +2.286364,          0
               SHELLQsJ0220-0432,  +56254.1203066,   5,    +22.040440,     +0.544983,          0
               SHELLQsJ0220-0432,  +56219.1752574,   5,    +22.901487,     +1.012256,          0
               SHELLQsJ0220-0432,  +56263.0876332,   5,    +23.181500,     +1.634015,          0
               SHELLQsJ0220-0432,  +56267.1022315,   5, -9.999995E008, -9.999995E008,          0
               SHELLQsJ0220-0432,  +56187.2813193,   5,    +22.221481,     +0.701652,          0
               SHELLQsJ0220-0432,  +56253.1760484,   5,    +23.571340,     +1.954673,          0
               SHELLQsJ0220-0432,  +56266.0308858,   5,    +22.546152,     +0.951438,          0
               SHELLQsJ0220-0432,  +56265.1918857,   5,    +23.262636,     +1.731654,          0
               SHELLQsJ0220-0432,  +55215.0400126,   5,    +22.766863,     +1.260460,          0
               SHELLQsJ0220-0432,  +55843.1834280,   5, -9.999995E008, -9.999995E008,          0
               SHELLQsJ0220-0432,  +56234.0902405,   5,    +25.125341,     +7.938453,          0
               SHELLQsJ0220-0432,  +56187.2411773,   5,    +22.313921,     +0.721944,          0
               SHELLQsJ0220-0432,  +56259.1587402,   5,    +22.750908,     +1.145609,          0
               SHELLQsJ0220-0432,  +56263.1681368,   5,    +23.061811,     +1.510855,          0
               SHELLQsJ0220-0432,  +55871.2578069,   5, -9.999995E008, -9.999995E008,          0
               SHELLQsJ0220-0432,  +55837.3136154,   5,    +23.845360,     +2.523782,          0
               SHELLQsJ0220-0432,  +55881.2320161,   5,    +22.726336,     +1.041025,          0
               SHELLQsJ0220-0432,  +55881.1985381,   5,    +21.866180,     +0.485077,          0
               SHELLQsJ0220-0432,  +56264.1076982,   5, -9.999995E008, -9.999995E008,          0
               SHELLQsJ0220-0432,  +56253.2156770,   5, -9.999995E008, -9.999995E008,          0
               SHELLQsJ0220-0432,  +55171.2229215,   5,    +20.999569,     +0.524773,          0
               SHELLQsJ0220-0432,  +56264.1011282,   5, -9.999995E008, -9.999995E008,          0
               SHELLQsJ0220-0432,  +55872.1495492,   5,    +22.368254,     +0.761092,          0
               SHELLQsJ0220-0432,  +56265.1453114,   5,    +22.626572,     +0.863430,          0
               SHELLQsJ0220-0432,  +56219.1817627,   5,    +22.357056,     +0.668958,          0
               SHELLQsJ0220-0432,  +55881.2386610,   5,    +22.456259,     +0.811806,          0
               SHELLQsJ0220-0432,  +56259.1993034,   5,    +23.012247,     +1.469841,          0
               SHELLQsJ0220-0432,  +56265.1519820,   5,    +22.229286,     +0.627132,          0
               SHELLQsJ0220-0432,  +56261.1200137,   5,    +22.988350,     +1.450667,          0
               SHELLQsJ0220-0432,  +55890.0250614,   5,    +23.614576,     +2.506085,          0
               SHELLQsJ0220-0432,  +56264.1936386,   5,    +21.818140,     +0.497801,          0
               SHELLQsJ0220-0432,  +56262.1586679,   5,    +21.957571,     +0.542774,          0
               SHELLQsJ0220-0432,  +56267.0956387,   5,    +23.923122,     +3.025436,          0
               SHELLQsJ0220-0432,  +55871.2642851,   5,    +23.968376,     +3.599475,          0
               SHELLQsJ0220-0432,  +55843.1901418,   5,    +22.675184,     +0.845101,          0
               SHELLQsJ0220-0432,  +56222.1106459,   5,    +22.154434,     +0.546245,          0
               SHELLQsJ0220-0432,  +56222.1171234,   5,    +26.156874,    +21.904099,          0
               SHELLQsJ0220-0432,  +56263.1280474,   5, -9.999995E008, -9.999995E008,          0
               SHELLQsJ0220-0432,  +56268.0690659,   5, -9.999995E008, -9.999995E008,          0
               SHELLQsJ0220-0432,  +56234.0966227,   5,    +22.364317,     +0.711457,          0
               SHELLQsJ0220-0432,  +55843.2652940,   5, -9.999995E008, -9.999995E008,          0
               SHELLQsJ0220-0432,  +56263.0942274,   5,    +22.617630,     +1.001174,          0
               SHELLQsJ0220-0432,  +56259.0374340,   5,    +22.730267,     +1.170134,          0
               SHELLQsJ0220-0432,  +55217.0413737,   5,    +23.942863,     +3.841531,          0
               SHELLQsJ0220-0432,  +56240.1278366,   5,    +22.822924,     +1.160619,          0
               SHELLQsJ0220-0432,  +55892.0267983,   5,    +23.350342,     +1.812248,          0
               SHELLQsJ0220-0432,  +55171.2270899,   5,    +21.657373,     +0.943935,          0
               SHELLQsJ0220-0432,  +56263.1747841,   5,    +21.612513,     +0.412142,          0
               SHELLQsJ0220-0432,  +56234.2564346,   5,    +22.743492,     +0.982933,          0
               SHELLQsJ0220-0432,  +55171.2250234,   5,    +23.403490,     +4.195877,          0
               SHELLQsJ0220-0432,  +56263.1347129,   5,    +23.099756,     +1.577779,          0
               SHELLQsJ0220-0432,  +56187.2747076,   5,    +22.714453,     +1.062631,          0
               SHELLQsJ0220-0432,  +56235.0875271,   5,    +21.840332,     +0.461990,          0
               SHELLQsJ0220-0432,  +55843.2312183,   5,    +22.341623,     +0.658833,          0
               SHELLQsJ0220-0432,  +56253.0472142,   5,    +23.478731,     +1.906867,          0
               SHELLQsJ0220-0432,  +56266.0243015,   5,    +22.949072,     +1.308038,          0
               SHELLQsJ0220-0432,  +56259.2058704,   5,    +22.148272,     +0.764815,          0
               SHELLQsJ0220-0432,  +56187.2345950,   5,    +22.745102,     +1.054491,          0
               SHELLQsJ0220-0432,  +55837.3070171,   5,    +23.124289,     +1.269857,          0
               SHELLQsJ0220-0432,  +55843.1502122,   5,    +23.167640,     +1.348586,          0
               SHELLQsJ0220-0432,  +56218.2423506,   5,    +24.277308,     +4.178445,          0
               SHELLQsJ0220-0432,  +56253.1826121,   5,    +23.378597,     +1.642266,          0
               SHELLQsJ0220-0432,  +56253.0945283,   5,    +22.205900,     +0.585114,          0
               SHELLQsJ0220-0432,  +56253.0537272,   5,    +21.828886,     +0.422342,          0
               SHELLQsJ0220-0432,  +55843.2722820,   5, -9.999995E008, -9.999995E008,          0
               SHELLQsJ0220-0432,  +56234.2499080,   5,    +24.683493,     +5.179754,          0
               SHELLQsJ0220-0432,  +56262.1919930,   5,    +24.970232,     +8.834842,          0
               SHELLQsJ0220-0432,  +56254.1541051,   5, -9.999995E008, -9.999995E008,          0
               SHELLQsJ0220-0432,  +56253.1276575,   5,    +22.442595,     +0.701891,          0
               SHELLQsJ0220-0432,  +56254.1135699,   5,    +22.871758,     +1.096368,          0
               SHELLQsJ0220-0432,  +56249.0631104,   5,    +23.753567,     +2.514837,          0
               SHELLQsJ0220-0432,  +55870.2758485,   5,    +22.535816,     +0.891362,          0
               SHELLQsJ0220-0432,  +56261.1132633,   5,    +22.845823,     +1.189537,          0
               SHELLQsJ0220-0432,  +56264.1871427,   5,    +22.453419,     +0.871201,          0
               SHELLQsJ0220-0432,  +55872.1560483,   5,    +22.163654,     +0.615587,          0
               SHELLQsJ0220-0432,  +56267.0558342,   5,    +22.640850,     +0.944784,          0
               SHELLQsJ0220-0432,  +56259.0310106,   5,    +22.356860,     +0.814917,          0
               SHELLQsJ0220-0432,  +56262.1986627,   5, -9.999995E008, -9.999995E008,          0
               SHELLQsJ0220-0432,  +56254.1607062,   5,    +23.597797,     +2.307981,          0
               SHELLQsJ0220-0432,  +56253.0879307,   5,    +23.024643,     +1.195324,          0
               SHELLQsJ0220-0432,  +56254.0685380,   5,    +22.810812,     +0.942788,          0
               SHELLQsJ0220-0432,  +56254.0750631,   5,    +22.101883,     +0.540842,          0
               SHELLQsJ0220-0432,  +56253.1342727,   5,    +22.353996,     +0.679511,          0
               SHELLQsJ0220-0432,  +56259.1248298,   5,    +23.519750,     +2.267675,          0
               SHELLQsJ0220-0432,  +56235.0940964,   5, -9.999995E008, -9.999995E008,          0
               SHELLQsJ0220-0432,  +56262.1519574,   5, -9.999995E008, -9.999995E008,          0
               SHELLQsJ0220-0432,  +55892.0334604,   5,    +23.820887,     +2.883833,          0
               SHELLQsJ0220-0432,  +56259.1181393,   5, -9.999995E008, -9.999995E008,          0
               SHELLQsJ0220-0432,  +56253.2221746,   5,    +22.955118,     +1.400634,          0
               SHELLQsJ0220-0432,  +55843.2244347,   5,    +22.957088,     +1.102714,          0
               SHELLQsJ0220-0432,  +56240.1344421,   5,    +22.233490,     +0.692384,          0
               SHELLQsJ0220-0432,  +55870.2693492,   5, -9.999995E008, -9.999995E008,          0
