# na        desig               ra_2           dec_2          redshift   Z         errZ       Y         errY       J         errJ       H         errH       K          errK      
  HSC       J0859+0022          134.7799583    0.38219444     6.39       23.204    0.225764   -1000.0   -1000.0    23.518    0.900732   22.8402   0.506271   22.3999    0.510589  
  HSC       J1202-0057          180.6932083    -0.95047222    5.93       24.1482   0.468203   24.7508   1.33336    25.1553   2.75475    23.0406   0.850859   24.1959    2.52734   
  HSC       J1205-0000          181.2712417    -0.00776944    6.75       -1.0E9    -1.0E9     22.8281   0.207626   22.1376   0.131521   21.5404   0.173453   20.7683    0.103843  
  HSC       J1207-0005          181.9755833    -0.09813889    6.01       23.7912   0.380267   24.9286   2.32687    -1.0E9    -1.0E9     -1000.0   -1000.0    -1.0E9     -1.0E9    
  HSC       J2216-0016          334.1852917    -0.28058333    6.1        -1000.0   -1000.0    -1000.0   -1000.0    22.4604   0.264326   21.8756   0.311535   21.8482    0.290299  
  HSC       J2232+0012          338.050125     0.21066667     6.18       -1000.0   -1000.0    -1000.0   -1000.0    22.3589   0.301528   -1.0E9    -1.0E9     -1.0E9     -1.0E9    
  HSC       J2236+0032          339.18575      0.54913889     6.4        -1000.0   -1000.0    -1000.0   -1000.0    23.0454   0.519834   22.13     0.585273   22.7607    0.702781  
  IMS       J0850-0506          132.6173333    -5.1019167     5.357      -1000.0   -1000.0    -1000.0   -1000.0    21.7137   0.299622   -1000.0   -1000.0    21.7009    0.633296  
  IMS       J2204+0012          331.0746667    1.19577778     5.94       -1000.0   -1000.0    -1000.0   -1000.0    22.0453   0.259621   -1.0E9    -1.0E9     22.3094    2.07371   
  IMS       J2206+0201          331.6450417    2.02675        5.101      -1000.0   -1000.0    -1000.0   -1000.0    22.2049   0.252472   -1000.0   -1000.0    -1000.0    -1000.0   
  MMT       J0215-0529          33.8469583     -5.49605555    5.13       20.8168   0.031771   20.6783   0.009111   20.5541   0.081743   20.0821   0.08       20.3824    0.151781  
  MMT       J2202+0131          330.63833333   1.52230555     5.23       -1000.0   -1000.0    -1000.0   -1000.0    22.3834   0.207995   -1000.0   -1000.0    -1000.0    -1000.0   
  MMT       J2213+0034          333.27191666   0.56883333     5.31       -1000.0   -1000.0    -1000.0   -1000.0    22.0834   0.243838   22.1927   0.714348   21.69689   0.298555  
  MMT       J2215-0009          333.83425      -0.15233333    5.28       -1000.0   -1000.0    -1000.0   -1000.0    21.611    0.152511   22.0917   0.550648   20.8197    0.134695  
  VHS       J2102-1458          315.580083     -14.9816666    6.648      -1000.0   -1000.0    20.9645   0.122492   21.0283   0.194751   -1000.0   -1000.0    22.2225    1.19385   
  VIK       J0109-3047          17.471379      -30.790642     6.7909     27.8225   20.7137    21.2468   0.099174   21.2779   0.102752   21.134    0.139823   -1000.0    -1000.0   
  VIK       J0305-3150          46.320483      -31.848861     6.6145     23.0412   0.200634   20.8876   0.059179   20.6375   0.051098   20.6772   0.082956   20.265     0.07025   
  VIK       J0328-3253          52.147942      -32.889678     5.86       19.8513   0.0282     20.0674   0.055978   19.8207   0.043718   19.8156   0.070173   19.8091    0.081217  
  VIK       J0839+0015          129.98065      0.2650583      5.84       21.4348   0.052763   21.0911   0.072476   20.824    0.072379   -1000.0   -1000.0    20.4311    0.131567  
  VIK       J1148+0056          177.13825      0.9450722      5.84       21.7961   0.06081    21.3327   0.065975   21.5502   0.086432   21.3065   0.24056    21.1494    0.158981  
  VIK       J1152+0055          178.08863      0.92685833     6.37       22.1545   0.078813   21.7135   0.099973   21.4943   0.096383   21.5176   0.204196   21.2259    0.324321  
  VIK       J1215+0023          183.8202986    0.39018341     5.93       -1000.0   -1000.0    -1000.0   -1000.0    21.2622   0.088206   21.2508   0.171275   20.9796    0.193897  
  VIK       J2318-3113          349.5          -31.21666667   6.51       -1.0E9    -1.0E9     -1.0E9    -1.0E9     25.933    6.32552    23.5741   1.53031    -1.0E9     -1.0E9    
  VIK       J2348-3054          357.1389       -30.902844     6.9018     24.509    0.691746   21.1834   0.057377   21.0963   0.05838    21.2655   0.204083   20.5187    0.083653  
  DELS      J0910-0414          137.727208     -4.2352222     6.63       -1000.0   -1000.0    -1000.0   -1000.0    20.2115   0.084454   -1000.0   -1000.0    19.4714    0.085005  
  DELS      J1048-0109          162.0829167    -1.16116944    6.63       20.257    0.016021   19.9402   0.024917   19.5213   0.019117   19.1635   0.026411   18.8859    0.024254  
  MMT       J0221-0342A         35.3013333     -3.70877777    5.02       21.5897   0.056117   -1000.0   -1000.0    21.3972   0.12385    20.8161   0.107745   21.0625    0.142466  
  SDSS      J0005-0006          1.4680833      -0.1154999     5.85       -1000.0   -1000.0    -1000.0   -1000.0    20.73     0.130241   19.9908   0.085715   20.5448    0.171531  
  SDSS      J0023-0018          5.8777916      -0.3101111     5.06       -1000.0   -1000.0    -1000.0   -1000.0    20.3912   0.10205    20.1208   0.126243   19.9415    0.105881  
  SDSS      J0054-0109          13.5892499     -1.156         5.09       -1000.0   -1000.0    -1000.0   -1000.0    19.6362   0.049141   19.3906   0.055732   19.4883    0.088034  
  SDSS      J0108-0100          17.1248333     -1.0043333     5.11       -1000.0   -1000.0    -1000.0   -1000.0    21.8151   0.209245   21.1967   0.248805   21.6416    0.34144   
  SDSS      J0115+0015          18.9365833     0.2541388      5.1        -1000.0   -1000.0    -1000.0   -1000.0    20.4332   0.037927   20.0408   0.061348   19.8076    0.04222   
  SDSS      J0129-0028          22.281         -0.4793055     5.01       -1000.0   -1000.0    -1000.0   -1000.0    21.6552   0.119371   21.4578   0.204405   21.1119    0.143491  
  SDSS      J0129-0035          22.493791      -0.5943611     5.7787     -1000.0   -1000.0    -1000.0   -1000.0    21.7385   0.128861   21.6972   0.256998   21.6244    0.230041  
  SDSS      J0133+0106          23.3618333     1.11047222     5.3        -1000.0   -1000.0    -1000.0   -1000.0    20.6507   0.056865   20.0802   0.065113   20.1229    0.067488  
  SDSS      J0205-0955          31.4442916     -9.92325       5.37       -1000.0   -1000.0    -1000.0   -1000.0    23.7333   1.39332    -1000.0   -1000.0    22.4987    1.08162   
  SDSS      J0208-0112          32.0179583     -1.2095277     5.23       -1000.0   -1000.0    -1000.0   -1000.0    20.7624   0.078122   20.9724   0.134242   20.8594    0.196468  
  SDSS      J0210+0003          32.7361249     0.0513056      5.05       -1000.0   -1000.0    -1000.0   -1000.0    21.0514   0.048893   20.6295   0.165151   20.0123    0.039003  
  SDSS      J0218-0027          34.5878333     -0.4626946     5.11       -1000.0   -1000.0    -1000.0   -1000.0    20.8991   0.056903   21.1211   0.365647   20.4464    0.075054  
  SDSS      J0230+0046          37.5094583     0.77966666     5.41       -1000.0   -1000.0    -1000.0   -1000.0    21.6038   0.184825   21.0896   0.171392   21.6239    0.382783  
  SDSS      J0231-0728          37.9068333     -7.48177777    5.37       -1000.0   -1000.0    -1000.0   -1000.0    19.2099   0.019164   -1000.0   -1000.0    18.7682    0.0405    
  SDSS      J0239-0045          39.876         -0.7514999     5.82       -1000.0   -1000.0    -1000.0   -1000.0    22.3491   0.426583   21.5151   0.29995    21.1938    0.30436   
  SDSS      J0301+0020          45.3208749     0.34055556     5.5        -1000.0   -1000.0    -1000.0   -1000.0    22.9738   0.823641   -1.0E9    -1.0E9     24.7125    8.02265   
  SDSS      J0303-0019          45.880833      -0.3202499     6.078      -1000.0   -1000.0    -1000.0   -1000.0    20.9315   0.12737    21.2601   0.216643   -1000.0    -1000.0   
  SDSS      J0321+0029          50.4794583     0.4948335      5.04       -1000.0   -1000.0    -1000.0   -1000.0    21.3548   0.121544   20.8008   0.137712   21.0399    0.188226  
  SDSS      J0338+0021          54.6221249     0.3656388      5.03       -1000.0   -1000.0    -1000.0   -1000.0    19.6338   0.040788   19.3508   0.059343   19.4284    0.065381  
  SDSS      J0341-0048          55.424375      -0.80354444    5.68       -1000.0   -1000.0    -1000.0   -1000.0    20.0276   0.054211   20.1058   0.077576   20.0092    0.099814  
  SDSS      J0349+0034          57.4974999     0.5676388      5.2        -1000.0   -1000.0    -1000.0   -1000.0    21.2688   0.134096   21.9278   0.413484   20.1974    0.102981  
  SDSS      J0353+0104          58.45721356    1.06796142     6.072      -1000.0   -1000.0    -1000.0   -1000.0    20.2903   0.068888   19.9813   0.082631   19.7263    0.082321  
  SDSS      J0836+0054          129.1827665    0.91479339     5.81       18.7868   0.004361   18.8102   0.007334   18.6254   0.008075   18.331    0.009514   18.1094    0.010191  
  SDSS      J0959+0227          149.78374999   2.45204444     5.07       -1000.0   -1000.0    24.2011   0.055539   24.1788   0.073188   23.6319   0.06333    23.4436    0.083984  
  SDSS      J1000+0234          150.21458333   2.58263333     5.3        -1000.0   -1000.0    26.3527   0.331073   26.9776   0.62756    29.0018   7.58539    26.5409    1.12801   
  SDSS      J1040-1155          160.2025       -11.93061111   5.44       -1000.0   -1000.0    21.973    0.419943   21.5905   0.400756   22.1483   1.17663    20.4906    0.63507   
  SDSS      J1044-0125          161.13767      -1.4172777     5.7847     19.3157   0.008164   19.3014   0.015669   19.1442   0.009747   19.0821   0.014863   18.88      0.022498  
  SDSS      J1123-0044          170.79645833   -0.73851111    5.0        -1000.0   -1000.0    -1000.0   -1000.0    -1000.0   -1000.0    19.9281   0.053704   19.6307    0.049883  
  SDSS      J1204-0021          181.17389474   -0.36378588    5.09       19.133    0.005591   19.0645   0.010367   19.0186   0.011244   18.8071   0.02445    18.7733    0.026686  
  SDSS      J1208+0010          182.09924999   0.17436111     5.273      20.4216   0.020739   20.3402   0.04319    20.3476   0.046886   -1000.0   -1000.0    -1000.0    -1000.0   
  SDSS      J1233+0622          188.38947332   6.376165019    5.302      -1000.0   -1000.0    -1000.0   -1000.0    19.7347   0.023658   -1000.0   -1000.0    19.1987    0.021144  
  SDSS      J1306+0356          196.5344701    3.94065562     6.016      19.5317   0.014035   20.037    0.044328   19.682    0.04069    19.6226   0.054243   19.3628    0.04932   
  SDSS      J1429+3304          217.40820833   33.07116666    5.39       -1000.0   -1000.0    -1000.0   -1000.0    -1000.0   -1000.0    -1000.0   -1000.0    -1000.0    -1000.0   
  SDSS      J2053+0047          313.3407       0.7852222      5.92       -1000.0   -1000.0    -1000.0   -1000.0    21.1041   0.202136   20.3073   0.162763   20.3151    0.155456  
  SDSS      J2054-0005          313.52704      -0.0874444     6.0391     -1000.0   -1000.0    -1000.0   -1000.0    20.5995   0.090454   20.1506   0.08371    20.2603    0.116134  
  SDSS      J2118-0003          319.5530416    -0.0640833     5.46       -1000.0   -1000.0    -1000.0   -1000.0    20.9861   0.101479   21.0501   0.161158   20.3564    0.121165  
  SDSS      J2119-0040          319.96620833   -0.67225       5.87       -1000.0   -1000.0    -1000.0   -1000.0    21.5185   0.143981   22.2086   0.412747   20.8814    0.172898  
  SDSS      J2147+0107          326.98087      1.1320277      5.81       -1000.0   -1000.0    -1000.0   -1000.0    20.9619   0.15297    21.1878   0.319104   20.7681    0.251651  
  SDSS      J2211+0011          332.92087499   0.18858333     5.23       -1000.0   -1000.0    -1000.0   -1000.0    22.5388   0.55071    21.2079   0.270105   20.8       0.212201  
  SDSS      J2212-0042          333.21454166   -0.70852777    5.42       -1000.0   -1000.0    -1000.0   -1000.0    20.445    0.050246   19.6594   0.056452   19.827     0.053517  
  SDSS      J2216+0013          334.18341666   0.23002778     5.01       -1000.0   -1000.0    -1000.0   -1000.0    20.1955   0.082579   19.9214   0.088241   19.78079   0.106845  
  SDSS      J2220-0101          335.07704      -1.02969114    5.62       -1000.0   -1000.0    -1000.0   -1000.0    20.3003   0.044583   20.1221   0.05636    19.8401    0.063681  
  SDSS      J2228+0110          337.18141      1.1756111      5.95       -1000.0   -1000.0    -1000.0   -1000.0    22.8673   0.651941   -1.0E9    -1.0E9     23.813     2.82132   
  SDSS      J2228-0757          337.18812499   -7.96538333    5.142      -1000.0   -1000.0    19.8829   0.035686   19.6294   0.046513   -1000.0   -1000.0    19.254     0.069089  
  SDSS      J2233-0107          338.3651666    -1.1178888     5.11       -1000.0   -1000.0    -1000.0   -1000.0    21.2173   0.176382   21.2836   0.30356    20.8501    0.274075  
  SDSS      J2238-0027          339.7091666    -0.4505        5.17       -1000.0   -1000.0    -1000.0   -1000.0    21.3316   0.096962   20.4756   0.15122    20.897     0.1177    
  SDSS      J2239+0030          339.7814999    0.5062777      5.09       -1000.0   -1000.0    -1000.0   -1000.0    21.2079   0.083873   21.5864   0.521553   20.6903    0.093129  
  SDSS      J2245+0024          341.3511249    0.4039444      5.16       -1000.0   -1000.0    -1000.0   -1000.0    21.0615   0.311511   21.5793   0.933468   20.7796    0.141546  
  SDSS      J2307+0031          346.89729      0.5303888      5.87       -1000.0   -1000.0    -1000.0   -1000.0    21.363    0.118432   20.5216   0.16692    20.2377    0.069496  
  SDSS      J2312+0100          348.0684999    1.0143055      5.08       -1000.0   -1000.0    -1000.0   -1000.0    20.947    0.063375   20.4767   0.094172   20.5528    0.082024  
  SDSS      J2315-0023          348.94404      -0.3994722     6.117      -1000.0   -1000.0    -1000.0   -1000.0    21.4536   0.131801   21.0602   0.132116   20.6564    0.126575  
  SDSS      J2334-0010          353.7293749    -0.1728055     5.11       -1000.0   -1000.0    -1000.0   -1000.0    20.8195   0.068941   20.8203   0.18332    20.8092    0.126488  
  SDSS      J2356+0023          359.21491      0.3925833      6.0        -1000.0   -1000.0    -1000.0   -1000.0    22.3893   0.50012    -1.0E9    -1.0E9     21.6354    0.48375   
  SUV       J0935-0207          143.847125     -2.13177777    5.32       -1000.0   -1000.0    20.0631   0.057744   20.0149   0.074199   19.8543   0.120992   19.8093    0.201194  
  SUV       J1147-0109          176.77670833   -1.16616666    5.31       19.3245   0.008875   -1000.0   -1000.0    18.9545   0.020317   18.8159   0.018021   18.8517    0.02386   
  SUV       J1317-0239          199.33658333   -2.65361111    5.25       20.7704   0.025432   20.5631   0.039474   20.5297   0.043454   20.217    0.073094   20.2844    0.088819  
  SUV       J1335-0328          203.98433333   -3.47727777    5.67       18.8146   0.005495   18.608    0.008496   18.6357   0.008632   18.5372   0.016918   18.3247    0.015248  
  SUV       J2142-0120          325.66362499   -1.33341666    5.61       -1000.0   -1000.0    -1000.0   -1000.0    20.2213   0.062972   20.1322   0.088664   19.7885    0.070432  
  SUV       J2325-0553          351.40266666   -5.89119444    5.22       -1000.0   -1000.0    19.26     0.03983    19.0553   0.038281   19.0163   0.049711   18.9907    0.066777  
  SUV       J2351-0459          357.85129166   -4.98536111    5.25       -1000.0   -1000.0    19.7808   0.058804   20.0166   0.084882   19.6846   0.087186   19.5553    0.096328  
  ULAS      J0203+0012          30.88491549    0.20813044     5.72       -1000.0   -1000.0    -1000.0   -1000.0    19.6971   0.024275   19.2845   0.043862   19.0671    0.028712  
  VDES      J0020-3653          5.1311237      -36.8949476    6.9        -1000.0   -1000.0    -1000.0   -1000.0    20.4218   0.068346   -1000.0   -1000.0    19.3191    0.077284  
  VDES      J0143-5545          25.79266666    -55.75296666   6.25       -1000.0   -1000.0    -1000.0   -1000.0    20.6008   0.058414   -1000.0   -1000.0    20.1028    0.111185  
  VDES      J0224-4711          36.11057       -47.19149      6.5        -1000.0   -1000.0    -1000.0   -1000.0    19.7277   0.037308   19.4472   0.053283   18.9381    0.041804  
  VDES      J0244-5008          41.0           -50.13333333   6.74       -1000.0   -1000.0    -1000.0   -1000.0    -1.0E9    -1.0E9     -1.0E9    -1.0E9     -1.0E9     -1.0E9    
  VDES      J0246-5219          41.7329167     -52.3305278    6.87       -1000.0   -1000.0    -1000.0   -1000.0    21.1093   0.117443   -1000.0   -1000.0    20.3886    0.170366  
  VDES      J0323-4701          50.91808333    -47.02225833   6.25       -1000.0   -1000.0    -1000.0   -1000.0    20.8195   0.108824   20.7502   0.150313   20.3485    0.156271  
  VDES      J0330-4025          52.61633333    -40.42122222   6.25       -1000.0   -1000.0    -1000.0   -1000.0    20.4463   0.052711   -1000.0   -1000.0    20.0449    0.117168  
  VDES      J0408-5632          62.080125      -56.54133888   6.03       -1000.0   -1000.0    -1000.0   -1000.0    19.8519   0.029861   -1000.0   -1000.0    19.6841    0.073266  
  VDES      J0410-4414          62.51345833    -44.24463888   6.21       -1000.0   -1000.0    -1000.0   -1000.0    20.6921   0.075025   -1000.0   -1000.0    20.1701    0.137838  
  VDES      J0420-4453          65.04725       -44.88994444   6.07       -1000.0   -1000.0    -1000.0   -1000.0    20.5504   0.055901   -1000.0   -1000.0    19.9928    0.100805  
  VDES      J0454-4448          73.50745       -44.80864      6.09       -1000.0   -1000.0    -1000.0   -1000.0    20.1971   0.040816   -1000.0   -1000.0    20.0772    0.110717  
  VDES      J2131-4359          322.792875     -43.9840278    6.45       -1000.0   -1000.0    -1000.0   -1000.0    21.2669   0.136868   -1000.0   -1000.0    20.6195    0.193745  
  VDES      J2211-6320          332.7525       -63.3488333    6.88       -1000.0   -1000.0    -1000.0   -1000.0    21.2716   0.126666   -1000.0   -1000.0    21.0677    0.348324  
  VDES      J2250-5015          342.508375     -50.26170833   6.0        -1000.0   -1000.0    -1000.0   -1000.0    19.1663   0.027578   18.9598   0.031104   18.9449    0.041831  
  CFHQS     J0033-0125          8.2975         -1.4235833     6.13       -1000.0   -1000.0    -1000.0   -1000.0    21.406    0.189515   21.3218   0.264906   20.7865    0.168865  
  CFHQS     J0102-0218          15.710999      -2.3027499     5.95       -1000.0   -1000.0    -1.0E9    -1.0E9     21.6473   0.349543   22.6456   1.24065    22.5119    1.54465   
  CFHQS     J0210-0456          32.554958      -4.9391388     6.4323     -1000.0   -1000.0    -1000.0   -1000.0    22.3316   0.351583   22.612    0.566269   21.1051    0.227516  
  CFHQS     J0216-0455          34.115875      -4.9261388     6.01       24.5991   0.072544   26.6418   0.828466   -1.0E9    -1.0E9     -1.0E9    -1.0E9     -1.0E9     -1.0E9    
  CFHQS     J0221-0802          35.344625      -8.0476388     6.161      -1000.0   -1000.0    -1000.0   -1000.0    22.1023   0.178284   -1000.0   -1000.0    21.0364    0.200961  
  CFHQS     J0227-0605          36.930375      -6.0917222     6.2        22.2103   0.082237   22.0918   0.151424   21.9283   0.136283   21.9447   0.209255   21.4867    0.184642  
  CFHQS     J1059-0906          164.8692       -9.1056666     5.92       -1000.0   -1000.0    21.6997   0.319767   20.3452   0.103771   21.7347   0.581143   20.8331    0.365261  
  CFHQS     J1509-1749          227.42408      -17.824111     6.121      -1000.0   -1000.0    19.7952   0.031323   19.7458   0.03971    -1000.0   -1000.0    19.4865    0.076862  
  CFHQS     J2100-1715          315.22758      -17.256249     6.087      -1000.0   -1000.0    23.323    1.37618    21.1611   0.286949   -1000.0   -1000.0    21.1043    0.550015  
  CFHQS     J2318-0246          349.51166      -2.7761111     6.05       -1000.0   -1000.0    22.7599   0.976984   22.1491   0.572927   21.0807   0.277245   20.3866    0.233077  
  CFHQS     J2329-0301          352.2845       -3.0329999     6.417      -1000.0   -1000.0    21.1419   0.268863   22.2019   0.676721   20.9639   0.302898   20.9464    0.373539  
  CFHQS     J2329-0403          352.31025      -4.0566944     5.9        -1000.0   -1000.0    25.0024   6.69078    23.1083   1.25675    -1.0E9    -1.0E9     22.4071    1.18566   
  FIRST     J1427+3312          216.91079      33.211666      6.12       -1000.0   -1000.0    -1000.0   -1000.0    -1000.0   -1000.0    -1000.0   -1000.0    -1000.0    -1000.0   
  SDSS      J0221-0342B         35.3025416     -3.7145        5.02       19.404    0.008158   -1000.0   -1000.0    19.5239   0.022416   19.1301   0.023164   19.1008    0.023904  
  VDES      J0216-5226          34.161875      -52.4390556    6.41       -1000.0   -1000.0    -1000.0   -1000.0    21.2238   0.162722   -1000.0   -1000.0    20.6358    0.194466  
  SDWISE    J0025-0145          6.3618333      -1.7590306     5.07       -1000.0   -1000.0    18.0268   0.014261   17.9464   0.013751   17.7178   0.019219   17.5892    0.01761   
  SDWISE    J0115-0253          18.94279165    -2.8867333     5.07       -1000.0   -1000.0    19.6678   0.037416   19.6158   0.037204   19.435    0.048352   19.467     0.064981  
  SDWISE    J0131-0321          22.8639166     -3.3500527     5.18       -1000.0   -1000.0    17.8442   0.010375   17.6459   0.008571   17.3564   0.009443   17.3555    0.015374  
  SDWISE    J1601-1828          240.2964999    -18.4764111    5.06       -1000.0   -1000.0    -1000.0   -1000.0    19.0822   0.036538   -1000.0   -1000.0    18.5998    0.042346  
  SDWISE    J2207-0416          331.7921666    -4.2823        5.53       -1000.0   -1000.0    18.6563   0.020255   18.7896   0.025132   18.2716   0.023609   18.1361    0.026353  
  SDWISE    J2226-0618          336.5517083    -6.3020249     5.08       -1000.0   -1000.0    18.6373   0.017965   18.696    0.022697   18.4457   0.028863   18.3469    0.030038  
  SHELLQs   J0202-0251          30.74254166    -2.86488888    6.03       -1000.0   -1000.0    -1000.0   -1000.0    22.6114   0.480528   21.4811   0.254108   21.1975    0.270172  
  SHELLQs   J0206-0255          31.54666666    -2.92716666    6.03       -1000.0   -1000.0    -1000.0   -1000.0    21.0968   0.104752   21.1553   0.165836   20.7584    0.145611  
  SHELLQs   J0211-0203          32.9355417     -2.0510833     6.37       -1000.0   -1000.0    -1000.0   -1000.0    23.2487   0.829644   21.4814   0.274807   22.5103    0.77258   
  SHELLQs   J0213-0626          33.3205833     -6.4375556     6.72       -1000.0   -1000.0    -1000.0   -1000.0    22.0605   0.23826    24.4756   3.24696    21.4649    0.281805  
  SHELLQs   J0217-0208          34.33995833    -2.14794444    6.2        -1000.0   -1000.0    -1000.0   -1000.0    24.2728   3.07889    22.4699   1.01431    22.3706    0.97907   
  SHELLQs   J0220-0432          35.1238333     -4.5344444     5.9        23.2897   0.20584    23.5286   0.050945   23.3867   0.066915   23.3482   0.098209   22.9565    0.104759  
  SHELLQs   J0235-0532          38.92675       -5.54488889    6.09       -1000.0   -1000.0    -1000.0   -1000.0    -1.0E9    -1.0E9     23.6556   1.64812    22.5631    0.878681  
  SHELLQs   J0834+0211          128.5036667    2.1963611      6.15       -1000.0   -1000.0    -1000.0   -1000.0    23.1476   1.2228     21.8687   0.455501   21.903     0.908691  
  SHELLQs   J0844-0052          131.1316666    -0.88183333    6.25       23.3427   0.346504   23.772    1.07946    23.0537   0.629424   23.3739   2.14109    22.4899    0.893071  
  SHELLQs   J0844-0132          131.035875     -1.5379167     6.18       24.1325   0.515474   23.4855   0.564391   23.0393   0.462365   22.8092   1.00149    -1.0E9     -1.0E9    
  SHELLQs   J0853+0139          133.4535       1.65305555     6.01       23.4894   0.280974   23.6557   0.655517   23.8616   1.0847     22.4403   0.627114   -1.0E9     -1.0E9    
  SHELLQs   J0857+0056          134.4105416    0.93686111     6.35       24.6083   0.588486   23.8412   1.02544    23.8111   0.919334   25.8001   6.99168    23.2623    1.16866   
  SHELLQs   J0858+0000          134.5562917    0.0158611      5.99       21.7221   0.047664   -1000.0   -1000.0    21.2957   0.130832   20.9886   0.105946   20.9488    0.142316  
  SHELLQs   J0902+0155          135.728625     1.91969444     6.01       24.2383   0.445293   25.9623   4.84416    22.9069   0.406374   23.3342   1.0647     -1.0E9     -1.0E9    
  SHELLQs   J0903+0211          135.8111666    2.19119444     5.92       23.8853   0.302808   23.6452   0.49687    23.9341   0.85263    22.8477   0.686847   24.6193    3.30959   
  SHELLQs   J0905+0300          136.4360416    3.01633333     6.27       23.8087   0.538732   -1.0E9    -1.0E9     22.1842   0.466389   21.3649   0.311837   21.9504    0.544996  
  SHELLQs   J0911+0152          137.8094583    1.87205555     6.07       -1.0E9    -1.0E9     -1.0E9    -1.0E9     -1.0E9    -1.0E9     24.2805   1.66296    -1.0E9     -1.0E9    
  SHELLQs   J0918+0139          139.6382083    1.6564722      6.19       23.817    0.259667   23.1385   0.305226   23.1511   0.670264   -1000.0   -1000.0    -1000.0    -1000.0   
  SHELLQs   J0921+0007          140.3356667    0.1230278      6.56       22.1367   0.094886   21.2932   0.100149   21.0914   0.123516   -1000.0   -1000.0    20.3949    0.103077  
  SHELLQs   J1146+0124          176.70175      1.4055833      6.27       -1000.0   -1000.0    -1.0E9    -1.0E9     22.5033   0.314985   -1.0E9    -1.0E9     -1000.0    -1000.0   
  SHELLQs   J1146-0005          176.745375     -0.0938056     6.3        -1.0E9    -1.0E9     25.2742   4.18531    23.4565   0.619389   22.3199   0.585418   22.6937    0.630852  
  SHELLQs   J1146-0154          176.6360833    -1.9106389     6.16       23.1972   0.308131   -1000.0   -1000.0    22.3023   0.415949   -1.0E9    -1.0E9     23.0652    0.992367  
  SHELLQs   J1201+0133          180.2625833    1.56566667     6.06       -1000.0   -1000.0    -1000.0   -1000.0    23.7672   1.37532    22.5011   0.497062   22.405     0.571125  
  SHELLQs   J1208-0200          182.24679167   -2.00966667    6.2        22.5483   0.116124   22.2759   0.171708   21.939    0.175466   22.7583   1.2545     21.4154    0.199671  
  SHELLQs   J1209-0006          182.3499583    -0.1129167     5.86       24.8425   0.837997   -1.0E9    -1.0E9     23.8021   0.749336   -1000.0   -1000.0    -1.0E9     -1.0E9    
  SHELLQs   J1219+0050          184.77225      0.84375        6.01       -1000.0   -1000.0    -1000.0   -1000.0    22.0703   0.327022   -1000.0   -1000.0    -1000.0    -1000.0   
  SHELLQs   J1400-0011          210.1199583    -0.1976389     6.04       24.171    0.632566   23.6781   0.739849   22.348    0.287432   -1.0E9    -1.0E9     23.5305    3.40893   
  SHELLQs   J1400-0125          210.1249583    -1.4225        6.04       23.4412   0.270766   22.7836   0.300766   22.6969   0.298625   22.2687   0.399633   22.1179    0.41593   
  SHELLQs   J1406-0116          211.6213333    -1.2697778     6.33       23.0588   0.1261     22.097    0.108694   21.8137   0.097828   21.9319   0.234002   21.7753    0.221697  
  SHELLQs   J1406-0144          211.6953333    -1.7340556     6.1        23.8953   0.332082   -1.0E9    -1.0E9     22.6713   0.260375   22.5997   0.510522   22.6011    0.624952  
  SHELLQs   J1414+0130          213.66475      1.51013888     5.94       22.748    0.134708   23.1111   0.391474   23.9389   0.959899   24.0824   3.04451    23.8178    2.42698   
  SHELLQs   J1416+0015          214.05295833   0.26283333     6.03       -1.0E9    -1.0E9     24.1534   1.23775    24.1348   1.1399     -1000.0   -1000.0    -1000.0    -1000.0   
  SHELLQs   J1416+0147          214.220875     1.7839444      6.07       23.557    0.271175   23.8725   0.752955   23.2417   0.487681   22.3189   0.502502   -1.0E9     -1.0E9    
  SHELLQs   J1417+0117          214.36945833   1.28677778     6.02       24.4007   0.589144   23.4602   0.512464   23.7178   0.739754   21.9093   0.326018   -1.0E9     -1.0E9    
  SHELLQs   J1422+0011          215.5009583    0.1841667      5.89       24.5896   0.877529   -1000.0   -1000.0    22.6579   0.511949   -1000.0   -1000.0    25.7726    10.3407   
  SHELLQs   J1423-0018          215.882125     -0.30252778    6.13       24.1276   0.500189   -1.0E9    -1.0E9     24.8472   2.2973     23.4898   1.80062    23.8241    2.42921   
  SHELLQs   J1425-0015          216.32383333   -0.26136111    6.18       22.8933   0.155353   23.8614   0.815974   23.4547   0.673543   23.8723   2.15354    22.1163    0.469411  
  SHELLQs   J1429-0002          217.29258333   -0.03538889    6.04       -1.0E9    -1.0E9     27.1226   22.9341    -1.0E9    -1.0E9     -1.0E9    -1.0E9     -1.0E9     -1.0E9    
  SHELLQs   J1429-0104          217.26283333   -1.07872222    6.8        -1.0E9    -1.0E9     -1.0E9    -1.0E9     -1.0E9    -1.0E9     23.8167   2.01726    23.0409    1.073     
  SHELLQs   J1440-0107          220.00541666   -1.11727778    6.13       -1.0E9    -1.0E9     22.9705   0.417649   24.8546   2.09133    23.2736   0.833998   22.4115    0.496242  
  SHELLQs   J2201+0155          330.383625     1.92472222     6.16       -1000.0   -1000.0    -1000.0   -1000.0    23.0102   0.511463   -1000.0   -1000.0    -1000.0    -1000.0   
  SHELLQs   J2231-0035          337.9537083    -0.5965278     5.87       -1000.0   -1000.0    -1000.0   -1000.0    22.8537   0.427085   22.3728   0.591111   22.9121    0.831465  
  SHELLQs   J2304+0045          346.0957083    0.7515         6.36       -1000.0   -1000.0    -1000.0   -1000.0    22.7215   0.394431   22.705    0.78915    22.0269    0.421432  
  VIMOS     2911001793          334.82175      1.04691667     6.16       -1000.0   -1000.0    -1000.0   -1000.0    25.4008   3.53533    21.8273   0.417479   22.39939   0.63571   
  PSO       J004.3936+17.0862   4.39361347     17.08630447    5.8        -1000.0   -1000.0    -1000.0   -1000.0    20.7434   0.080699   -1000.0   -1000.0    20.2849    0.091551  
  PSO       J023.0071-02.2675   23.0071        -2.26753       5.9        -1000.0   -1000.0    20.1967   0.112875   20.1595   0.118133   19.8863   0.169737   19.6976    0.140151  
  PSO       J029.5172-29.0886   29.51726       -29.08868      5.99       19.2793   0.011427   19.2111   0.011954   19.1758   0.021448   19.124    0.042557   18.9581    0.039157  
  PSO       J037.9706-28.8389   37.970657      -28.838911     6.0        20.7367   0.036876   20.9907   0.084796   21.0901   0.114513   -1000.0   -1000.0    20.5117    0.153699  
  PSO       J042.6690-02.9174   42.66909       -2.91745       5.89       -1000.0   -1000.0    -1000.0   -1000.0    20.2049   0.055411   -1000.0   -1000.0    20.3812    0.163319  
  PSO       J045.1840-22.5408   45.184082      -22.540885     5.68       -1000.0   -1000.0    -1000.0   -1000.0    19.6845   0.032812   -1000.0   -1000.0    19.1131    0.052369  
  PSO       J065.4085-26.9543   65.408537      -26.95433511   6.14       -1000.0   -1000.0    -1000.0   -1000.0    19.3712   0.021533   -1000.0   -1000.0    19.2242    0.048009  
  PSO       J071.4507-02.3332   71.45075       -2.33329       5.69       -1000.0   -1000.0    -1000.0   -1000.0    18.986    0.03023    -1000.0   -1000.0    18.9058    0.052581  
  PSO       J075.9356-07.5061   75.93566       -7.50613       5.88       -1000.0   -1000.0    -1000.0   -1000.0    20.5198   0.136904   -1000.0   -1000.0    20.471     0.261413  
  PSO       J135.8704-13.8336   135.8704568    -13.83368626   5.91       -1000.0   -1000.0    -1000.0   -1000.0    21.0934   0.201865   -1000.0   -1000.0    20.9088    0.385181  
  PSO       J157.9070-02.6599   157.9070364    -2.65990731    5.88       20.1893   0.020801   20.2431   0.039861   20.263    0.033885   20.0911   0.070917   19.8248    0.060083  
  PSO       J159.2257-02.5438   159.225791     -2.54387343    6.38       20.2347   0.019136   -1000.0   -1000.0    20.0877   0.029456   19.9478   0.047509   19.5678    0.045443  
  PSO       J167.6415-13.4960   167.641566     -13.4959995    6.5148     -1000.0   -1000.0    20.8908   0.144198   20.5895   0.123343   21.7287   0.523225   20.2275    0.197926  
  PSO       J174.7920-12.2845   174.7920407    -12.28454921   5.81       -1000.0   -1000.0    20.5377   0.103293   20.1984   0.087111   20.3973   0.159558   19.6362    0.111474  
  PSO       J175.4091-20.2654   175.4091843    -20.26545798   5.69       -1000.0   -1000.0    20.1991   0.059542   19.9415   0.078015   -1000.0   -1000.0    19.6453    0.132747  
  PSO       J178.5594-12.1881   178.5594134    -12.18818926   5.83       -1000.0   -1000.0    21.1959   0.201809   20.3404   0.102135   20.4227   0.224435   20.2697    0.213888  
  PSO       J183.2991-12.7676   183.29919      -12.767624     5.86       -1000.0   -1000.0    19.2292   0.028639   19.0742   0.026165   19.1027   0.035047   19.0994    0.066338  
  PSO       J184.3389+01.5284   184.3389334    1.52846356     6.2        21.0848   0.030585   21.216    0.077853   21.1053   0.104305   21.0819   0.120037   20.7118    0.119477  
  PSO       J187.1047-02.5609   187.10479      -2.56090331    5.77       21.0237   0.034033   20.912    0.057443   20.8793   0.054668   20.6783   0.102424   20.4257    0.099245  
  PSO       J209.2058-26.7083   209.205856     -26.708397     5.72       -1000.0   -1000.0    19.4229   0.027349   19.4354   0.041334   -1000.0   -1000.0    19.1528    0.074785  
  PSO       J210.8722-12.0094   210.87222      -12.009482     5.84       -1000.0   -1000.0    20.7075   0.122577   20.3412   0.099995   20.6802   0.257293   21.3357    0.498425  
  PSO       J212.2974-15.9865   212.2974337    -15.98657168   5.83       -1000.0   -1000.0    22.2304   0.658685   20.6342   0.186165   21.2903   0.443147   20.5259    0.306337  
  PSO       J213.3629-22.5617   213.36299      -22.561737     5.92       -1000.0   -1000.0    19.7145   0.042984   19.8056   0.06457    -1000.0   -1000.0    19.3777    0.094756  
  PSO       J213.7329-13.4803   213.7329225    -13.48035431   5.78       -1000.0   -1000.0    20.6644   0.121977   21.0081   0.184276   20.5013   0.159537   20.2964    0.174488  
  PSO       J215.1514-16.0417   215.15143      -16.041735     5.73       -1000.0   -1000.0    19.2424   0.031551   18.8221   0.023106   18.6811   0.03097    18.6299    0.042247  
  PSO       J217.0891-16.0453   217.0891328    -16.04536083   6.11       -1000.0   -1000.0    20.0203   0.054545   19.7141   0.046124   19.7292   0.065423   19.3745    0.076159  
  PSO       J217.9185-07.4120   217.9185333    -7.41207447    6.14       -1000.0   -1000.0    20.3259   0.079707   19.8515   0.054118   19.8433   0.091421   19.8223    0.11162   
  PSO       J231.6576-20.8335   231.65767083   -20.83351667   6.5864     -1000.0   -1000.0    -1000.0   -1000.0    19.5996   0.049744   -1000.0   -1000.0    19.5321    0.091739  
  PSO       J238.8510-06.8976   238.8510335    -6.89766289    5.81       -1000.0   -1000.0    20.2103   0.081407   20.4205   0.128415   20.5136   0.275975   20.7028    0.30551   
  PSO       J239.7124-07.4026   239.7124609    -7.40266413    6.11       -1000.0   -1000.0    19.5572   0.040722   19.3743   0.038702   19.2559   0.058323   18.982     0.058812  
  PSO       J242.4397-12.9816   242.43971      -12.98169708   5.83       -1000.0   -1000.0    -1000.0   -1000.0    19.7069   0.067868   -1000.0   -1000.0    19.4636    0.205653  
  PSO       J245.0636-00.1978   245.0636766    -0.19786005    5.68       -1000.0   -1000.0    20.7887   0.182446   20.7952   0.195115   24.5278   8.67996    21.2039    0.585903  
  PSO       J308.0416-21.2339   308.0416401    -21.23397495   6.24       -1000.0   -1000.0    20.3059   0.052517   20.1824   0.071429   -1000.0   -1000.0    19.3132    0.074736  
  PSO       J308.4829-27.6485   308.48297      -27.6485       5.8        -1000.0   -1000.0    19.6375   0.063712   19.7945   0.070897   19.7698   0.089537   19.6323    0.111812  
  PSO       J319.6040-10.9326   319.60403      -10.93262      5.9        -1000.0   -1000.0    19.8405   0.034363   19.8912   0.051879   -1000.0   -1000.0    19.8124    0.123654  
  PSO       J320.8703-24.3604   320.87033      -24.3604       5.73       -1000.0   -1000.0    20.2294   0.047619   19.8071   0.046679   -1000.0   -1000.0    19.5515    0.0889    
  PSO       J328.7339-09.5076   328.7339966    -9.5076274     5.92       -1000.0   -1000.0    20.392    0.073794   20.192    0.098433   -1000.0   -1000.0    19.9992    0.190257  
  PSO       J340.2041-18.6621   340.20417      -18.66217      5.98       -1000.0   -1000.0    19.9429   0.048125   21.826    0.425856   -1000.0   -1000.0    19.5775    0.128144  
  PSO       J359.1352-06.3831   359.1352149    -6.38312644    6.15       -1000.0   -1000.0    20.0694   0.06983    19.964    0.070735   19.7554   0.08411    19.4051    0.078839  
  ATLAS     J025.6821-33.4627   25.6821972     -33.46263      6.31       19.5172   0.008029   19.1365   0.010779   19.101    0.007404   -1000.0   -1000.0    18.7545    0.022233  
  ATLAS     J029.9915-36.5658   29.9915479     -36.565723     6.02       -1000.0   -1000.0    -1000.0   -1000.0    19.4814   0.019755   -1000.0   -1000.0    19.2296    0.044849  
  ATLAS     J158.6938-14.4211   158.6938       -14.4211       6.07       -1000.0   -1000.0    19.2763   0.052355   19.2727   0.059964   19.1888   0.077283   18.6796    0.071054  
  ATLAS     J332.8017-32.1036   332.80070833   -32.10355556   6.32       23.8964   0.415021   -1.0E9    -1.0E9     25.2703   3.12902    -1000.0   -1000.0    -1000.0    -1000.0   
