|cntr_01|dist_x  |pang_x     |ra_01           |dec_01           |ra         |dec        |w1mpro|w1sigmpro|w1snr |w2mpro|w2sigmpro|w2snr |w3mpro|w3sigmpro|w3snr |w4mpro|w4sigmpro|w4snr |cc_flags|ph_qual|w1cov |w2cov |w3cov |w4cov |
|long   |double  |double     |double          |double           |double     |double     |double|double   |double|double|double   |double|double|double   |double|double|double   |double|char    |char   |double|double|double|double|
|       |arcsec  |deg        |                |                 |deg        |deg        |mag   |mag      |      |mag   |mag      |      |mag   |mag      |      |mag   |mag      |      |        |       |      |      |      |      |
|null   |null    |null       |null            |null             |null       |null       |null  |null     |null  |null  |null     |null  |null  |null     |null  |null  |null     |null  |null    |null   |null  |null  |null  |null  |
 4       0.375325 129.204707  2.1073900000e+00 -6.4345600000e+00 2.1074713   -6.4346259  16.337 null      2.0    15.448 0.496     2.2    10.782 null      1.5    8.659  null      0.1    0000     UCUU    25.263 25.202 12.892 12.743 
 8       1.481859 -158.608306 4.3936134700e+00 1.7086304470e+01  4.3934564   17.0859212  18.009 0.28      3.9    16.572 0.323     3.4    12.402 null      -0.4   8.611  null      0.7    0000     BBUU    26.035 26.227 8.861  9.889  
 16      0.921389 178.970493  8.2975000000e+00 -1.4235833000e+00 8.2975046   -1.4238392  18.290 0.405     2.7    16.487 0.289     3.8    12.508 null      -0.1   8.974  null      -0.8   0000     CBUU    23.585 23.356 13.556 12.492 
 16      1.352284 173.889078  8.2975000000e+00 -1.4235833000e+00 8.2975400   -1.4239568  18.477 0.474     2.3    16.499 0.285     3.8    12.488 null      -0.1   8.867  null      -0.2   0000     CBUU    23.575 23.359 13.561 12.489 
 23      0.132841 154.300454  1.5054263470e+01 2.8040531950e+01  15.0542816  28.0404987  14.466 0.029     38.0   13.643 0.034     32.0   11.683 0.215     5.0    9.039  0.43      2.5    0000     AABC    33.910 34.124 18.911 18.506 
 27      1.382385 -64.452885  1.7471379000e+01 -3.0790642000e+01 17.4709757  -30.7904764 18.262 0.323     3.4    16.875 null      1.0    12.493 null      0.6    8.773  null      0.9    0000     BUUU    30.074 29.995 16.707 16.811 
 36      0.232118 -35.640350  2.3007100000e+01 -2.2675300000e+00 23.0070624  -2.2674776  16.565 0.073     14.8   15.482 0.096     11.3   12.147 null      1.6    8.861  null      1.1    0000     AAUU    36.004 35.789 25.791 25.715 
 55      0.324969 -11.835550  3.3846958300e+01 -5.4960555500e+00 33.8469397  -5.4959672  17.992 0.232     4.7    16.829 0.325     3.3    12.437 null      0.9    8.567  null      1.8    0000     BBUU    36.310 35.964 25.573 25.819 
 63      1.155288 -40.479236  3.5344625000e+01 -8.0476388000e+00 35.3444146  -8.0473947  17.989 0.231     4.7    17.472 0.531     2.0    12.608 null      0.6    8.740  null      0.8    0000     BCUU    36.989 37.028 21.935 21.852 
 66      1.485439 153.230706  3.6930375000e+01 -6.0917222000e+00 36.9305619  -6.0920906  18.149 0.277     3.9    17.030 null      0.9    12.771 null      0.1    9.240  null      -0.9   0000     BUUU    36.424 37.901 23.681 24.632 
 90      0.804993 66.254997   5.5424375000e+01 -8.0354444000e-01 55.4245797  -0.8034544  17.917 0.262     4.1    16.793 0.348     3.1    12.447 null      -0.1   8.111  null      2.0    0000     BBUU    23.085 24.917 12.475 12.248 
 91      0.703743 63.988460   5.5424404000e+01 -8.0354013000e-01 55.4245797  -0.8034544  17.917 0.262     4.1    16.793 0.348     3.1    12.447 null      -0.1   8.111  null      2.0    0000     BBUU    23.085 24.917 12.475 12.248 
 103     0.378028 17.944039   7.3507450000e+01 -4.4808640000e+01 73.5074956  -44.8085401 17.053 0.082     13.2   16.302 0.134     8.1    12.596 null      1.1    9.212  0.437     2.5    0000     ABUC    50.580 51.446 27.976 27.905 
 170     0.579484 -149.792613 1.5554186210e+02 2.2873735010e+01  155.5417742 22.8735959  15.876 0.054     20.1   14.799 0.066     16.4   11.775 null      1.9    8.887  null      0.2    0000     AAUU    23.353 23.388 12.889 12.710 
 190     1.415385 132.437444  1.6764156600e+02 -1.3495999500e+01 167.6418644 -13.4962648 18.434 0.392     2.8    17.242 0.539     2.0    11.896 null      2.0    8.553  null      1.5    0000     CCUU    25.659 25.214 12.892 12.776 
 194     0.159280 71.129544   1.7079645833e+02 -7.3851111000e-01 170.7965002 -0.7384968  17.054 0.13      8.4    16.696 0.355     3.1    12.307 null      0.8    8.874  null      -1.7   0000     BBUU    24.458 24.606 13.238 13.459 
 212     1.402743 113.568266  1.7706754000e+02 5.2894250000e+01  177.0681320 52.8940942  18.322 null      1.6    17.078 null      1.4    12.741 null      -0.7   9.367  null      0.0    0000     UUUU    37.138 36.975 20.628 20.678 
 218     0.572639 27.681766   1.7855941340e+02 -1.2188189260e+01 178.5594890 -12.1880484 17.741 0.233     4.7    16.892 null      0.2    12.313 null      -0.3   8.855  null      -1.8   0000     BUUU    25.374 19.142 7.950  9.856  
 231     0.768524 87.645554   1.8224679167e+02 -2.0096666700e+00 182.2470051 -2.0096579  18.408 0.476     2.3    16.652 0.425     2.6    11.674 null      1.1    8.399  null      -0.8   0000     CCUU    21.464 15.496 7.863  6.855  
 231     1.707650 51.533665   1.8224679167e+02 -2.0096666700e+00 182.2471633 -2.0093716  18.460 0.501     2.2    16.784 0.478     2.3    12.012 0.455     2.4    8.483  null      -0.4   0000     CCCU    22.446 15.478 8.896  7.905  
 253     0.583488 -61.816427  1.9979708500e+02 9.8476434500e+00  199.7969400 9.8477200   16.961 0.101     10.8   16.318 0.201     5.4    12.597 null      0.6    8.916  null      0.5    0000     ABUU    34.538 34.135 22.951 23.384 
 262     0.049121 153.772660  2.0542274999e+02 4.6186194440e+01  205.4227587 46.1861822  17.044 0.106     10.3   16.228 0.175     6.2    11.983 null      1.5    9.104  null      0.1    0000     ABUU    31.205 31.886 12.888 12.726 
 265     0.514952 172.028773  2.0636092677e+02 2.3497048160e+01  206.3609484 23.4969065  15.493 0.036     30.1   15.033 0.063     17.3   11.564 0.152     7.1    9.173  0.521     2.1    0000     AABC    40.801 40.572 24.135 24.053 
 270     0.641151 9.431339    2.1044723420e+02 2.7826398310e+01  210.4472672 27.8265740  17.613 0.164     6.6    16.968 0.335     3.2    12.379 null      1.4    8.989  null      0.7    0000     BBUU    31.111 31.240 19.912 19.835 
 273     0.477970 -135.996043 2.1087222000e+02 -1.2009482000e+01 210.8721257 -12.0095775 18.375 null      0.9    16.595 0.289     3.8    12.409 null      0.6    8.982  null      -0.3   0000     UBUU    33.113 32.900 18.292 18.438 
 296     0.691103 -113.451443 2.1691079000e+02 3.3211666000e+01  216.9105795 33.2115896  16.751 0.073     14.9   15.920 0.125     8.7    12.593 null      0.4    9.251  null      0.3    0000     ABUU    46.429 47.333 28.712 27.832 
 310     0.056471 85.392743   2.2764705421e+02 5.1811415440e+01  227.6470795 51.8114167  16.212 0.044     24.7   15.597 0.073     14.8   12.817 0.364     3.0    9.459  null      0.4    0000     AACU    70.341 70.320 42.925 42.396 
 316     0.432576 -133.841059 2.3165767083e+02 -2.0833516670e+01 231.6575781 -20.8335999 17.123 0.141     7.7    16.647 0.348     3.1    12.308 null      0.4    8.775  null      -0.3   0000     BBUU    24.806 23.671 11.888 11.791 
 343     0.672972 -104.621787 2.5034053470e+02 3.7922262890e+01  250.3403054 37.9222157  16.966 null      1.4    17.513 0.359     3.0    12.266 null      1.5    9.285  null      -0.1   0000     UCUU    66.572 67.951 20.869 20.890 
 352     0.319649 121.353738  3.0848297000e+02 -2.7648500000e+01 308.4830556 -27.6485462 17.151 0.146     7.4    16.090 0.212     5.1    11.843 null      1.5    8.275  null      1.0    0000     BBUU    23.384 22.113 12.400 12.740 
 353     1.034408 40.466708   3.1334070000e+02 7.8522220000e-01  313.3408865 0.7854408   18.126 0.315     3.4    16.790 null      0.5    12.309 null      -1.4   8.817  null      0.3    0000     BUUU    25.798 18.301 8.661  15.276 
 356     1.227261 -179.663860 3.1955304160e+02 -6.4083300000e-02 319.5530396 -0.0644242  17.785 0.245     4.4    16.590 null      1.7    12.056 null      0.9    8.916  null      -0.2   0000     BUUU    21.095 21.359 11.228 11.351 
 364     0.664427 -28.433003  3.2873399660e+02 -9.5076274000e+00 328.7339075 -9.5074651  17.730 0.237     4.6    16.617 null      1.1    12.113 null      0.8    8.490  null      1.2    0000     BUUU    23.402 21.477 11.910 11.830 
 377     1.036174 -87.026571  3.3398597890e+02 2.6108168370e+01  333.9856588 26.1081833  18.456 null      0.7    17.221 0.473     2.3    12.660 null      -0.7   9.105  null      -0.5   0000     UCUU    28.246 28.465 15.943 15.955 
 392     1.506459 -93.574451  3.3822977070e+02 2.9508975990e+01  338.2292908 29.5089499  17.967 0.251     4.3    16.795 null      1.7    12.293 null      0.6    9.126  null      0.3    0000     BUUU    29.444 29.046 14.154 14.872 
 395     0.690302 -79.756312  3.3970916660e+02 -4.5050000000e-01 339.7089779 -0.4504659  17.832 0.256     4.2    17.257 null      -1.1   12.068 null      1.2    8.974  null      -0.2   0000     BUUU    25.469 25.301 12.833 12.883 
 398     0.482340 175.132354  3.4020417000e+02 -1.8662170000e+01 340.2041820 -18.6623035 16.608 0.094     11.6   15.495 0.122     8.9    12.310 null      0.3    8.651  null      0.5    0000     ABUU    20.609 20.877 10.923 10.866 
 406     0.490833 -140.075620 3.4766205860e+02 1.8922201660e+01  347.6619661 18.9220971  15.773 0.044     24.7   15.433 0.124     8.7    12.146 0.373     2.9    9.050  null      0.0    hh00     ABCU    36.096 23.376 11.115 11.266 
 411     0.082227 153.213855  3.5130935080e+02 2.6479953090e+01  351.3093623 26.4799327  16.176 0.061     17.8   15.419 0.101     10.7   12.635 0.519     2.1    8.986  0.449     2.4    0000     AACC    26.374 26.297 13.928 13.956 
 424     0.819173 154.075471  3.5960016666e+02 6.5770555500e+00  359.6002668 6.5768509   16.567 0.152     7.1    16.033 0.251     4.3    11.639 null      1.7    9.101  null      -0.5   0000     BBUU    25.238 25.233 12.873 12.799 
 1       0.224737 -159.255936 3.4011348000e-01 2.6835881380e+01  0.3400887   26.8358230  16.373 0.066     16.5   15.266 0.107     10.2   12.594 0.492     2.2    8.756  null      1.1    0000     AACU    35.059  25.368  13.903 16.295 
 2       0.154183 17.033526   6.6411726000e-01 2.5843044250e+01  0.6641312   25.8430852  16.162 0.057     19.0   15.542 0.127     8.5    12.416 0.423     2.6    8.683  null      1.2    0000     ABCU    33.028  27.098  14.968 12.686 
 3       1.144653 77.152578   1.4680833000e+00 -1.1549990000e-01 1.4683933   -0.1154292  17.299 0.160     6.8    17.043 null      0.2    12.445 null      -1.1   9.008  null      -0.3   0000     BUUU    23.478  23.292  10.916 10.921 
 4       0.085736 -121.659212 2.1073900000e+00 -6.4345600000e+00 2.1073696   -6.4345725  16.809 0.107     10.1   15.684 0.141     7.7    11.892 null      1.5    8.759  null      0.2    0000     ABUU    25.268  25.193  12.893 12.743 
 5       0.182604 -63.288606  2.2142917000e+00 3.6270413800e+01  2.2142355   36.2704366  16.045 0.052     20.7   15.373 0.092     11.8   12.043 null      1.8    8.786  null      1.1    0000     AAUU    32.011  32.059  15.920 16.358 
 7       0.126307 -147.772412 4.3111666000e+00 -1.0015397220e+01 4.3111476   -10.0154269 15.936 0.055     19.7   15.167 0.094     11.5   12.026 0.334     3.2    8.520  null      1.2    0000     AABU    23.423  23.342  10.924 11.345 
 9       0.248401 28.392977   4.8140800000e+00 -2.4299160000e+01 4.8141160   -24.2990993 16.281 0.069     15.8   15.569 0.116     9.4    12.123 0.344     3.2    8.820  null      0.5    0000     ABBU    26.306  24.461  14.634 14.888 
 10      0.000000 0.000000    5.1311237000e+00 -3.6894947600e+01 5.1311237   -36.8949476 16.844 0.094     11.6   16.354 0.204     5.3    12.679 null      -0.1   8.342  null      0.8    0000     ABUU    27.607  28.344  14.754 15.217 
 11      1.315421 60.811015   5.8777916000e+00 -3.1011110000e-01 5.8781106   -0.3099329  16.807 0.107     10.2   16.155 0.212     5.1    11.877 null      1.6    8.491  null      0.7    0000     ABUU    24.496  24.503  12.814 12.752 
 13      0.200458 -102.445245 6.3618333000e+00 -1.7590306000e+00 6.3617789   -1.7590426  14.800 0.033     32.8   14.157 0.048     22.5   11.395 0.222     4.9    8.514  null      0.9    0000     AABU    22.668  22.446  10.966 10.790 
 14      0.800841 101.536636  7.0273329200e+00 4.9571231900e+00  7.0275517   4.9570787   17.268 0.155     7.0    16.410 0.287     3.8    12.253 null      0.4    8.317  null      1.4    0000     BBUU    23.542  23.569  10.978 10.880 
 15      0.526591 61.051764   7.8577499900e+00 7.1769222000e+00  7.8578790   7.1769930   16.701 0.101     10.8   15.479 0.119     9.1    12.187 null      -0.3   8.398  null      0.5    0000     ABUU    27.237  27.319  8.810  8.656  
 17      0.712696 -32.423004  9.3573290200e+00 -8.1190174100e+00 9.3572218   -8.1188503  16.905 0.110     9.8    16.347 0.261     4.2    12.197 null      0.9    8.361  null      1.2    0000     BBUU    24.439  24.276  12.868 12.898 
 18      0.235842 79.800984   9.7355079400e+00 -1.0431638600e+01 9.7355735   -10.4316270 16.517 0.081     13.5   15.864 0.160     6.8    12.198 null      0.5    8.411  null      1.2    0000     ABUU    26.246  25.083  15.008 14.903 
 19      1.130482 22.882749   1.1389866660e+01 9.0324888900e+00  11.3899903  9.0327782   17.493 0.190     5.7    17.160 null      -0.3   11.980 null      1.2    8.784  null      -0.1   0000     BUUU    21.000  20.935  11.962 11.916 
 20      0.400569 86.047322   1.2527770990e+01 3.4756014830e+01  12.5279061  34.7560225  16.655 0.071     15.3   15.791 0.115     9.4    12.928 null      0.0    9.299  null      -0.2   0000     ABUU    45.011  43.278  25.855 25.403 
 23      0.128929 157.344031  1.5054263470e+01 2.8040531950e+01  15.0542791  28.0404989  14.461 0.028     38.9   13.638 0.034     31.6   11.716 0.211     5.1    8.980  0.445     2.4    0000     AABC    34.038  34.116  18.905 18.567 
 25      0.626445 -171.838242 1.7027499900e+01 7.1890555500e+00  17.0274750  7.1888833   16.231 0.072     15.1   15.330 0.105     10.3   12.019 0.318     3.4    8.569  0.401     2.7    0000     AABC    26.325  26.217  15.148 15.453 
 28      0.210282 16.417513   1.8473958300e+01 5.9975277700e+00  18.4739749  5.9975838   16.758 0.090     12.1   16.063 0.174     6.2    12.488 0.501     2.2    8.377  null      1.0    0000     ABCU    29.526  29.158  16.959 16.881 
 29      0.689428 108.700025  1.8936583300e+01 2.5413880000e-01  18.9367647  0.2540774   17.235 0.155     7.0    17.112 0.523     2.1    12.488 null      -0.8   8.528  null      0.2    0000     BCUU    22.393  22.389  9.929  9.889  
 30      0.736162 -83.062382  1.8942791650e+01 -2.8867333000e+00 18.9425884  -2.8867086  16.421 0.078     13.9   15.873 0.166     6.6    11.760 null      1.7    8.322  null      1.4    0000     ABUU    26.970  26.824  13.914 13.849 
 31      0.515978 178.886030  1.9059583300e+01 5.6382499000e+00  19.0595861  5.6381066   16.369 0.069     15.7   15.759 0.134     8.1    12.234 0.361     3.0    8.836  null      0.6    0000     ABCU    30.542  31.637  21.202 20.979 
 32      0.374906 -64.934258  2.1421337750e+01 -2.5882288020e+01 21.4212329  -25.8822439 16.212 0.061     17.9   15.491 0.112     9.7    12.531 0.422     2.6    8.337  null      2.0    0000     ABCU    27.184  25.317  16.859 16.664 
 35      0.060089 112.918663  2.2863916600e+01 -3.3500527000e+00 22.8639320  -3.3500592  14.576 0.031     35.6   13.843 0.036     30.1   11.446 0.174     6.2    8.492  null      1.9    0000     AABU    32.604  32.738  21.381 21.706 
 36      0.235085 -34.058507  2.3007100000e+01 -2.2675300000e+00 23.0070634  -2.2674759  16.500 0.069     15.6   15.480 0.098     11.1   12.014 null      1.6    8.731  null      1.2    0000     AAUU    36.016  35.800  25.795 25.667 
 37      0.198543 -146.182373 2.3361833300e+01 1.1104722200e+00  23.3618026  1.1104264   16.904 0.111     9.8    16.019 0.198     5.5    12.439 null      0.4    8.829  null      0.3    0000     BBUU    25.035  25.474  15.626 16.090 
 39      0.373988 -105.750750 2.5237640000e+01 -1.1683190000e+01 25.2375379  -11.6832182 16.673 0.085     12.8   15.924 0.147     7.4    12.260 0.427     2.5    8.483  null      1.8    0000     ABCU    33.332  33.516  18.808 18.986 
 40      0.006480 -180.000000 2.5682197200e+01 -3.3462630000e+01 25.6821972  -33.4626318 16.118 0.052     20.9   15.480 0.085     12.8   12.582 0.434     2.5    8.716  null      1.6    0000     AACU    36.249  36.787  19.986 19.354 
 41      0.681778 65.059080   2.5792666660e+01 -5.5752966660e+01 25.7929718  -55.7528868 16.951 0.088     12.3   15.733 0.103     10.5   12.269 null      1.5    9.177  null      -0.9   0000     AAUU    39.290  39.457  16.798 16.738 
 42      0.548512 52.330846   2.7156812830e+01 6.0055733900e+00  27.1569341  6.0056665   16.104 0.058     18.6   15.273 0.098     11.1   12.175 0.296     3.7    8.964  0.392     2.8    0000     AABC    31.308  24.302  23.896 23.816 
 43      0.262351 -129.853082 2.8888666600e+01 4.2518725000e+00  28.8886105  4.2518258   16.334 0.070     15.4   15.187 0.095     11.5   12.306 null      1.1    8.367  null      1.9    0000     AAUU    29.193  28.980  20.815 20.928 
 44      0.224110 -37.330924  2.9517260000e+01 -2.9088680000e+01 29.5172168  -29.0886305 16.108 0.055     19.9   15.239 0.080     13.5   12.011 0.289     3.8    8.506  null      1.7    0000     AABU    31.584  31.118  15.943 15.833 
 45      0.002520 -180.000000 2.9991547900e+01 -3.6565723000e+01 29.9915479  -36.5657237 16.696 0.079     13.7   15.873 0.125     8.7    12.619 null      0.3    8.763  null      1.3    0000     ABUU    35.395  35.189  21.612 21.152 
 47      0.294786 152.815510  3.0884915490e+01 2.0813044000e-01  30.8849529  0.2080576   16.691 0.086     12.6   16.019 0.186     5.8    12.319 0.400     2.7    9.065  null      0.2    0000     ABCU    31.477  31.247  20.955 20.734 
 50      1.257186 167.096705  3.2017958300e+01 -1.2095277000e+00 32.0180363  -1.2098681  17.444 0.156     7.0    16.885 0.369     2.9    12.852 null      -0.8   9.208  null      -1.0   0000     BCUU    30.322  30.449  20.659 20.435 
 52      0.383539 21.242144   3.2736124900e+01 5.1305600000e-02  32.7361635  0.0514049   16.910 0.098     11.1   16.192 0.187     5.8    12.533 0.374     2.9    9.110  0.542     2.0    0000     ABCC    35.664  35.531  24.436 24.738 
 56      0.223403 -171.044346 3.4100666600e+01 2.3069297200e+01  34.1006561  23.0692359  16.563 0.083     13.1   15.727 0.154     7.0    11.683 null      1.9    8.631  null      1.3    0000     ABUU    32.244  29.474  13.990 17.364 
 59      0.118922 -56.982550  3.4587833300e+01 -4.6269460000e-01 34.5878056  -0.4626766  17.686 0.184     5.9    16.447 0.247     4.4    12.214 null      1.6    8.718  null      1.0    0000     BBUU    33.365  33.325  20.784 20.611 
 62      0.044797 164.654526  3.5302541600e+01 -3.7145000000e+00 35.3025449  -3.7145120  16.375 0.063     17.4   15.625 0.113     9.6    12.273 null      1.6    8.928  null      0.9    0000     ABUU    35.348  34.593  20.949 20.595 
 64      0.019112 -86.760603  3.6110570000e+01 -4.7191490000e+01 36.1105622  -47.1914897 16.182 0.051     21.1   15.421 0.076     14.3   12.727 null      0.4    9.120  null      0.3    0h00     AAUU    38.364  39.127  20.990 21.015 
 65      0.566721 -168.225230 3.6507806770e+01 3.0498383100e+00  36.5077746  3.0496842   16.726 0.082     13.2   16.135 0.177     6.1    12.030 null      2.0    8.943  null      0.3    0000     ABUU    35.857  35.865  24.495 24.931 
 68      0.082595 111.021282  3.7906833300e+01 -7.4817777700e+00 37.9068549  -7.4817860  15.972 0.050     21.7   14.988 0.070     15.4   12.098 null      1.9    9.183  null      0.6    0000     AAUU    37.527  37.944  25.879 25.429 
 69      0.975285 -84.046446  3.7970657000e+01 -2.8838911000e+01 37.9703494  -28.8388829 17.495 0.152     7.2    16.608 0.266     4.1    11.937 null      2.0    8.670  null      1.1    0000     BBUU    33.643  32.935  18.237 18.077 
 73      0.400860 -81.218207  4.0470500000e+01 4.5981833000e+00  40.4703896  4.5982003   16.256 0.061     17.9   15.602 0.129     8.4    12.296 0.398     2.7    8.422  null      1.7    0000     ABCU    35.020  33.858  17.888 18.844 
 75      0.512970 25.134027   4.2669090000e+01 -2.9174500000e+00 42.6691506  -2.9173210  17.579 0.174     6.3    16.511 null      2.0    11.538 null      1.8    8.425  null      -0.2   0000     BUUU    31.206  31.071  6.961  9.927  
 76      0.203902 -16.165940  4.2838874900e+01 3.5548388000e+00  42.8388591  3.5548932   15.636 0.041     26.7   14.929 0.074     14.8   11.815 0.239     4.5    9.202  null      -0.2   0000     AABU    37.157  34.160  24.767 25.067 
 80      0.411108 -38.234227  4.6320483000e+01 -3.1848861000e+01 46.3203998  -31.8487713 17.677 0.146     7.5    16.746 0.243     4.5    12.842 null      0.4    8.984  null      0.9    0000     BBUU    49.984  49.719  30.665 30.217 
 81      0.148801 25.199208   4.6677125000e+01 1.8887736100e+01  46.6771436  18.8877735  14.313 0.028     38.3   13.455 0.035     30.8   10.507 0.095     11.5   7.586  0.156     7.0    0000     AAAB    23.539  23.519  12.621 12.889 
 83      0.436163 173.594822  4.9293428290e+01 -2.6554363700e+01 49.2934434  -26.5544841 18.054 0.184     5.9    17.467 0.420     2.6    12.931 null      0.6    9.588  null      -0.7   0000     BCUU    58.419  58.061  41.266 40.822 
 85      1.126707 116.075763  5.0918083330e+01 -4.7022258330e+01 50.9184957  -47.0223959 18.053 0.191     5.7    17.104 0.290     3.7    12.716 null      0.7    9.012  null      0.9    0000     BBUU    49.064  49.282  24.934 24.582 
 86      0.504470 2.472813    5.2147942000e+01 -3.2889678000e+01 52.1479492  -32.8895380 16.900 0.073     14.9   16.191 0.130     8.4    12.961 null      0.7    9.281  null      0.8    0000     ABUU    60.123  58.503  42.530 42.004 
 89      0.173985 -174.419281 5.4622124900e+01 3.6563880000e-01  54.6221202  0.3655907   17.012 0.123     8.8    16.637 0.308     3.5    12.064 null      0.7    8.896  null      0.6    0000     BBUU    24.903  24.754  14.275 14.700 
 92      0.875844 86.370848   5.6716850000e+01 -1.6476910000e+01 56.7171032  -16.4768946 16.800 0.089     12.2   15.865 0.140     7.8    12.635 null      -1.1   9.023  null      -0.2   0000     ABUU    27.810  27.412  11.880 11.816 
 94      0.456579 170.315036  5.8457213560e+01 1.0679614200e+00  58.4572349  1.0678364   16.646 0.094     11.5   16.285 0.241     4.5    11.920 null      1.5    8.348  null      1.0    0000     ABUU    23.920  24.473  11.906 11.884 
 95      1.165233 -164.021006 6.0552894500e+01 2.4856785670e+01  60.5527963  24.8564745  16.470 0.086     12.6   16.066 0.212     5.1    12.019 null      0.9    8.838  null      0.3    0000     ABUU    22.038  22.925  12.688 12.869 
 96      1.068490 58.114292   6.2080125000e+01 -5.6541338880e+01 62.0805821  -56.5411821 17.734 0.117     9.3    16.841 0.184     5.9    12.756 null      1.2    9.483  null      0.3    0000     BBUU    81.446  81.272  42.051 42.114 
 97      0.800899 -116.745980 6.2513458330e+01 -4.4244638880e+01 62.5131810  -44.2447390 17.272 0.085     12.8   16.913 0.216     5.0    12.970 null      0.5    9.037  null      0.8    0000     ABUU    66.611  66.529  35.286 35.383 
 98      0.507564 138.294807  6.5047250000e+01 -4.4889944440e+01 65.0473824  -44.8900497 17.216 0.079     13.7   16.822 0.200     5.4    12.428 null      1.6    9.055  null      0.7    0000     ABUU    71.152  70.841  23.064 23.590 
 99      1.079095 153.089448  6.5408537000e+01 -2.6954335110e+01 65.4086892  -26.9546024 16.314 0.062     17.6   15.656 0.103     10.5   12.766 0.530     2.0    8.611  null      1.3    0000     AACU    32.512  33.756  17.661 17.343 
 100     0.339052 -159.592368 6.5504146530e+01 -1.9457968530e+01 65.5041117  -19.4580568 15.969 0.052     21.1   15.083 0.069     15.8   12.070 0.311     3.5    8.894  0.434     2.5    0000     AABC    29.283  29.644  15.808 15.415 
 102     0.126061 154.477768  7.1450750000e+01 -2.3332900000e+00 71.4507651  -2.3333216  16.246 0.056     19.3   15.563 0.108     10.1   11.681 null      1.3    8.669  0.481     2.3    D000     AAUC    42.980  43.875  7.859  8.681  
 103     0.467131 21.893894   7.3507450000e+01 -4.4808640000e+01 73.5075182  -44.8085196 16.976 0.075     14.4   16.284 0.140     7.8    12.573 null      1.0    8.645  null      2.0    0000     ABUU    50.652  51.456  27.956 27.890 
 104     0.415792 86.674429   7.5935660000e+01 -7.5061300000e+00 75.9357763  -7.5061233  16.998 0.115     9.5    16.243 0.206     5.3    11.847 0.320     3.4    8.154  null      1.6    0000     BBBU    25.852  26.076  13.969 13.652 
 105     0.221045 179.622487  8.9939444580e+01 -1.5583389500e+01 89.9394450  -15.5834509 15.521 0.043     25.2   14.543 0.048     22.8   12.067 0.279     3.9    9.030  null      0.3    0000     AABU    31.286  31.023  14.239 14.958 
 106     0.163983 177.887089  1.0844294160e+02 8.9257369200e+00  108.4429433 8.9256914   15.994 0.057     19.2   15.175 0.094     11.6   12.528 0.539     2.0    8.303  null      1.1    0000     AACU    22.660  22.697  9.879  9.812  
 107     0.523254 -163.551531 1.1276303000e+02 4.4997070000e+01  112.7629718 44.9969306  15.824 0.049     22.3   15.300 0.094     11.5   11.792 0.247     4.4    8.309  null      1.7    0000     AABU    25.273  25.553  11.944 11.798 
 108     0.152196 -131.007155 1.1547800000e+02 2.5341569440e+01  115.4779647 25.3415417  14.778 0.034     32.1   13.811 0.041     26.2   11.590 0.241     4.5    8.373  0.344     3.2    0000     AABB    24.620  24.614  12.954 12.775 
 109     0.066163 -59.600789  1.1695491660e+02 1.1897905500e+01  116.9549004 11.8979148  14.641 0.031     35.4   13.791 0.038     28.6   11.358 0.219     5.0    8.786  0.512     2.1    0000     AABC    24.252  24.170  10.712 11.070 
 110     0.383207 -96.792533  1.1907558120e+02 4.1069059190e+01  119.0754410 41.0690466  16.814 0.096     11.3   16.385 0.227     4.8    11.856 null      1.7    8.629  null      1.1    0000     ABUU    25.817  26.269  12.969 13.291 
 111     0.119707 69.214766   1.2272630860e+02 5.1094473000e+01  122.7263581 51.0944848  16.943 0.102     10.7   15.866 0.144     7.6    12.362 null      0.7    8.995  null      0.1    0000     ABUU    27.581  27.643  13.902 13.780 
 112     0.220775 -25.613397  1.2320341660e+02 4.6823722000e+00  123.2033900 4.6824275   16.306 0.070     15.5   15.546 0.135     8.0    12.436 null      -0.1   8.683  null      -0.7   0000     ABUU    22.456  22.616  9.958  10.986 
 114     0.869968 -101.924002 1.2622506340e+02 1.3038049030e+01  126.2248207 13.0379991  16.433 0.083     13.1   15.858 0.176     6.2    11.942 null      1.1    8.156  null      1.5    0000     ABUU    22.667  22.639  9.921  9.775  
 116     0.273366 139.486673  1.2728174060e+02 3.0657009300e+00  127.2817900 3.0656432   17.371 0.167     6.5    16.527 0.277     3.9    12.447 null      0.0    8.500  null      0.7    0000     BBUU    23.428  23.518  8.610  8.838  
 117     0.226418 28.178240   1.2738791660e+02 2.5112666660e+01  127.3879494 25.1127221  16.753 0.102     10.6   15.836 0.177     6.1    11.625 null      1.9    8.240  null      1.6    d000     ABUU    21.356  21.405  8.941  9.552  
 118     0.522006 71.787095   1.2832358330e+02 2.7441388880e+01  128.3237385 27.4414342  17.172 0.133     8.1    16.640 0.297     3.7    11.936 null      1.4    8.795  null      0.4    0000     BBUU    25.638  25.650  13.924 13.877 
 122     0.141533 -133.756716 1.2918276650e+02 9.1479339000e-01  129.1827381 0.9147662   15.303 0.040     26.8   14.416 0.052     21.0   12.571 0.533     2.0    9.006  null      0.0    0000     AACU    26.450  25.961  13.805 13.835 
 123     1.036894 -147.088159 1.2998065000e+02 2.6505830000e-01  129.9804935 0.2648165   17.455 0.181     6.0    16.561 null      1.8    12.462 0.498     2.2    8.957  null      -0.5   0000     BUCU    23.514  24.392  11.922 11.586 
 124     0.319548 27.630982   1.3014626150e+02 5.6405617560e+01  130.1463359 56.4056962  16.757 0.136     8.0    15.963 0.220     4.9    12.361 null      0.1    8.473  null      1.5    0000     BBUU    29.376  29.837  13.856 13.734 
 125     0.544133 159.064693  1.3033132310e+02 2.9084596570e+01  130.3313849 29.0844554  17.214 0.159     6.8    16.261 0.245     4.4    12.288 null      0.4    9.073  null      -1.5   0000     BBUU    21.923  22.128  11.914 11.889 
 126     0.717915 45.106276   1.3062263840e+02 1.2314050850e+01  130.6227830 12.3141916  16.223 0.067     16.3   15.971 0.175     6.2    12.353 0.428     2.5    9.022  null      0.0    0000     ABCU    26.362  26.592  14.985 14.853 
 129     0.266654 46.847440   1.3161600383e+02 8.0143655400e+00  131.6160584 8.0144162   17.091 0.135     8.1    16.286 0.224     4.9    12.093 null      0.7    8.741  null      0.3    0000     BBUU    26.033  26.291  13.954 13.720 
 130     0.251788 -152.431720 1.3270102550e+02 3.2779983100e+01  132.7009870 32.7799211  16.734 0.088     12.3   15.645 0.151     7.2    11.959 null      1.0    8.592  null      1.3    0000     ABUU    29.114  21.079  12.926 14.924 
 132     0.249544 125.944797  1.3362655121e+02 2.0947454690e+01  133.6266113 20.9474140  16.210 0.071     15.4   15.165 0.100     10.8   11.648 null      1.9    8.842  null      -1.2   0000     AAUU    22.542  22.302  10.968 10.934 
 143     0.222075 144.707057  1.3662812499e+02 6.9508555550e+01  136.6282268 69.5085052  16.690 0.076     14.3   15.847 0.119     9.1    12.692 0.486     2.2    8.628  null      1.4    0000     ABCU    32.174  32.205  15.957 16.328 
 147     0.128639 7.944692    1.3893184201e+02 4.9404624110e+01  138.9318496 49.4046595  16.409 0.067     16.2   15.541 0.101     10.8   12.421 0.440     2.5    8.807  null      0.5    0000     AACU    32.359  31.952  13.526 13.297 
 148     0.591472 -176.917715 1.3949149069e+02 3.8511154960e+01  139.4914794 38.5109909  17.396 0.166     6.6    16.799 null      1.3    12.636 null      -0.4   8.788  null      -0.8   0000     BUUU    24.481  24.509  13.915 13.835 
 151     0.548220 24.090279   1.4057005630e+02 2.6899737580e+01  140.5701260 26.8998766  16.979 0.125     8.7    16.391 0.253     4.3    11.937 null      0.9    8.730  null      -0.2   0000     BBUU    21.506  21.669  10.963 10.946 
 153     0.708290 -4.274144   1.4094633330e+02 4.0484444000e+00  140.9463186 4.0486406   16.360 0.074     14.7   15.861 0.158     6.9    11.955 null      1.3    8.404  null      1.2    0000     ABUU    23.209  23.353  11.717 11.158 
 154     0.579680 -31.638633  1.4184091980e+02 2.0023233410e+01  141.8408299 20.0233705  16.697 0.110     9.9    16.873 0.422     2.6    11.858 null      1.6    8.425  null      1.0    0000     BCUU    20.590  20.627  10.982 11.072 
 156     0.686014 85.886289   1.4384712500e+02 -2.1317777700e+00 143.8473152 -2.1317641  17.136 0.142     7.6    16.483 0.274     4.0    12.603 null      -0.1   9.155  null      -1.0   0000     BBUU    24.565  24.540  11.942 11.710 
 157     0.342988 10.693341   1.4723068155e+02 2.1108769380e+01  147.2307005 21.1088630  17.050 0.132     8.2    16.710 0.358     3.0    12.281 null      0.2    8.760  null      0.0    0000     BCUU    22.414  22.187  10.915 10.754 
 158     0.214356 -98.128455  1.4928198799e+02 6.1832069190e+00  149.2819287 6.1831985   16.179 0.067     16.1   15.544 0.125     8.7    11.918 null      1.8    8.434  null      1.4    0000     ABUU    23.236  23.291  11.980 11.755 
 159     0.869107 -176.066668 1.4930083333e+02 1.0271805550e+01  149.3008165 10.2715647  16.971 0.122     8.9    16.250 0.243     4.5    12.178 0.413     2.6    8.857  0.51      2.1    0000     BBCC    23.315  23.159  11.958 11.954 
 164     0.089901 -13.815394  1.5018239929e+02 2.1057409350e+01  150.1823929 21.0574336  16.590 0.091     11.9   15.898 0.167     6.5    12.176 0.451     2.4    8.443  null      1.2    0000     ABCU    23.422  23.538  10.952 11.015 
 167     0.304813 173.288923  1.5156087499e+02 -3.1751111100e+00 151.5608849 -3.1751952  16.200 0.061     17.7   15.697 0.163     6.7    12.305 null      0.2    8.400  null      1.4    0000     ABUU    24.296  18.346  7.914  10.985 
 168     0.261086 61.126644   1.5340139162e+02 4.2674000580e+01  153.4014780 42.6740356  17.047 0.113     9.6    16.416 0.241     4.5    11.978 null      1.7    8.608  null      1.2    0000     BBUU    26.284  26.256  12.908 12.909 
 169     1.734087 -35.883677  1.5550795833e+02 8.0228333300e+00  155.5076732 8.0232236   15.461 0.047     22.9   14.891 0.081     13.4   11.474 0.219     5.0    8.411  null      0.7    0000     AABU    21.313  19.647  8.911  9.875  
 170     0.600688 -157.638083 1.5554186210e+02 2.2873735010e+01  155.5417932 22.8735807  15.912 0.056     19.5   14.814 0.069     15.6   12.448 0.489     2.2    8.522  null      0.4    0000     AACU    23.368  23.349  12.882 12.843 
 171     0.261875 -140.772716 1.5659845266e+02 2.5716512750e+01  156.5984016 25.7164564  16.675 0.099     10.9   15.690 0.137     8.0    12.076 null      0.7    8.444  null      1.5    0000     ABUU    24.346  22.410  11.437 11.798 
 172     0.374824 -67.323689  1.5713939876e+02 7.7719321600e+00  157.1393018 7.7719723   16.782 0.114     9.5    16.202 0.334     3.2    12.058 null      0.4    8.302  null      0.8    0000     BBUU    24.254  18.536  6.950  7.692  
 173     0.575726 -134.233306 1.5761295850e+02 5.4152945600e+00  157.6128434 5.4151830   16.577 0.090     12.1   15.571 0.148     7.4    12.050 null      0.8    8.484  null      0.7    0000     ABUU    21.454  19.450  9.911  9.816  
 174     0.207150 162.209583  1.5790703640e+02 -2.6599073100e+00 157.9070540 -2.6599621  16.840 0.109     9.9    16.203 0.216     5.0    12.007 null      1.3    9.017  null      -0.2   0000     BBUU    23.173  23.538  10.989 10.909 
 176     0.356364 -159.831150 1.5857770505e+02 2.0550059420e+01  158.5776686 20.5499665  15.873 0.056     19.4   15.150 0.092     11.8   11.974 0.341     3.2    8.418  0.437     2.5    0000     AABC    22.427  22.238  11.927 11.657 
 177     0.407109 -21.661227  1.5869380000e+02 -1.4421100000e+01 158.6937569 -14.4209949 15.856 0.053     20.6   15.135 0.082     13.3   11.421 0.184     5.9    8.148  null      2.0    0000     AABU    24.133  23.830  11.002 10.804 
 178     0.578318 -69.891194  1.5922579100e+02 -2.5438734300e+00 159.2256400 -2.5438182  16.739 0.093     11.6   15.705 0.132     8.2    12.475 0.510     2.1    8.898  null      -0.4   0000     ABCU    23.266  23.228  11.871 11.847 
 180     0.959930 -103.869839 1.6089663741e+02 1.0176271220e+01  160.8963744 10.1762073  17.538 0.200     5.4    16.488 null      1.8    12.441 null      0.0    8.719  null      -0.7   0h00     BUUU    23.417  23.380  10.989 10.888 
 181     0.060603 -13.041783  1.6113767000e+02 -1.4172777000e+00 161.1376662 -1.4172613  16.349 0.074     14.6   15.632 0.136     8.0    12.453 0.516     2.1    9.018  0.54      2.0    0000     ABCC    24.524  24.733  12.956 12.918 
 182     0.768771 121.967448  1.6208291670e+02 -1.1611694400e+00 162.0830979 -1.1612825  15.544 0.046     23.5   15.267 0.108     10.0   11.968 null      0.9    8.932  null      -0.5   0000     AAUU    22.969  23.288  11.033 11.271 
 183     0.349453 -151.702312 1.6218777100e+02 4.6621818370e+01  162.1877040 46.6217329  16.349 0.059     18.3   15.858 0.125     8.7    12.052 null      1.8    8.661  null      0.9    0000     ABUU    32.240  32.009  18.340 18.763 
 184     0.268220 -78.832522  1.6265194802e+02 5.8073523570e+01  162.6518098 58.0735380  16.569 0.075     14.5   15.869 0.136     8.0    12.735 0.528     2.1    9.140  null      0.0    0000     ABCU    27.284  27.394  14.989 14.929 
 185     0.375976 -81.758824  1.6334578703e+02 5.8070036230e+01  163.3455916 58.0700512  16.886 0.087     12.5   15.959 0.127     8.5    12.223 null      1.4    8.908  0.341     3.2    0000     ABUB    31.090  31.758  17.507 17.490 
 187     1.479690 -98.591185  1.6486920000e+02 -9.1056666000e+00 164.8687884 -9.1057280  17.383 0.174     6.3    16.413 0.253     4.3    12.396 0.497     2.2    8.315  null      1.5    0000     BBCU    24.077  24.117  10.975 10.943 
 188     0.776506 -31.839517  1.6539316612e+02 5.5260736600e+00  165.3930518 5.5262569   16.368 0.078     13.9   16.004 0.187     5.8    11.882 null      1.2    8.533  0.439     2.5    0000     ABUC    23.386  23.467  11.933 11.941 
 191     0.530977 -23.363681  1.6983600000e+02 3.4880030000e+01  169.8359287 34.8801654  16.606 0.069     15.6   16.273 0.179     6.1    12.295 null      0.8    8.618  null      0.7    0000     ABUU    43.370  42.985  15.941 19.683 
 192     0.434305 -149.362645 1.7000616000e+02 6.6900833000e+00  170.0060981 6.6899795   16.914 0.113     9.6    16.082 0.204     5.3    12.352 null      0.2    8.200  null      1.0    0000     BBUU    22.462  22.315  10.714 10.963 
 193     0.870289 -175.346048 1.7070851309e+02 1.3710124550e+01  170.7084929 13.7098836  17.374 0.160     6.8    16.839 null      1.0    12.516 null      -0.4   8.639  null      0.9    0000     BUUU    25.846  26.173  13.927 13.708 
 194     0.202831 57.213118   1.7079645833e+02 -7.3851111000e-01 170.7965057 -0.7384806  17.057 0.133     8.2    16.640 0.321     3.4    12.175 null      0.6    8.921  null      -1.7   0000     BBUU    24.467  24.609  13.232 13.455 
 195     0.186881 124.201914  1.7131714388e+02 4.4812475080e+01  171.3172044 44.8124459  16.140 0.057     19.2   15.406 0.089     12.1   12.463 0.385     2.8    8.349  null      1.8    0000     AACU    29.275  29.208  14.928 14.930 
 196     0.666374 -131.664015 1.7165820596e+02 1.7582931150e+01  171.6580609 17.5828081  16.601 0.088     12.3   15.931 0.171     6.3    11.831 null      1.0    8.635  null      0.5    0000     ABUU    20.582  20.609  10.840 10.718 
 197     1.360423 173.372528  1.7217700110e+02 2.6886665370e+01  172.1770500 26.8862900  17.178 0.137     7.9    16.701 0.313     3.5    12.305 null      0.6    8.402  null      -0.3   0000     BBUU    25.228  25.556  12.915 12.515 
 198     0.519415 -153.417459 1.7224103279e+02 5.7986067630e+01  172.2409110 57.9859386  16.636 0.084     13.0   15.835 0.141     7.7    12.429 0.378     2.9    9.044  null      0.1    0000     ABCU    25.196  25.816  15.841 15.712 
 199     0.321293 160.482873  1.7319375000e+02 1.2150472220e+01  173.1937805 12.1503881  16.136 0.069     15.8   15.365 0.107     10.1   11.726 0.289     3.8    8.391  null      1.2    0000     AABU    22.370  22.223  11.803 11.709 
 200     1.856081 -20.515072  1.7328658333e+02 1.6065472220e+01  173.2863953 16.0659551  16.432 0.076     14.2   15.865 0.153     7.1    12.099 null      1.3    8.803  null      0.1    0000     ABUU    25.112  25.488  12.908 12.625 
 201     0.559397 26.068671   1.7355929166e+02 8.4814722200e+00  173.5593607 8.4816118   16.382 0.078     13.9   15.119 0.089     12.3   12.244 0.405     2.7    8.204  null      1.4    0000     AACU    21.845  21.949  11.964 11.737 
 202     0.213643 -97.338252  1.7432386780e+02 3.5832458580e+01  174.3237952 35.8324510  16.458 0.068     15.9   15.890 0.142     7.6    11.931 null      1.2    8.726  null      0.8    0000     ABUU    28.096  28.337  11.863 12.538 
 203     0.578808 -150.830395 1.7479204070e+02 -1.2284549210e+01 174.7919605 -12.2846896 17.025 0.124     8.7    15.910 0.161     6.8    12.504 null      0.0    8.716  null      0.1    0000     BBUU    25.933  25.368  10.969 10.981 
 204     1.535309 110.036832  1.7540918430e+02 -2.0265457980e+01 175.4096114 -20.2656041 16.474 0.078     13.9   16.345 0.255     4.3    12.051 null      0.3    8.114  null      0.7    0000     ABUU    25.670  25.075  6.974  6.856  
 205     0.478626 -140.291198 1.7590977970e+02 3.8141339780e+01  175.9096717 38.1412375  16.930 0.098     11.1   16.027 0.163     6.7    12.801 null      -0.2   8.957  null      0.2    0000     ABUU    29.698  29.933  16.909 17.181 
 208     0.206039 42.048398   1.7674080000e+02 4.0619070000e+01  176.7408505 40.6191125  16.028 0.055     19.6   15.288 0.093     11.6   12.140 null      1.8    8.550  null      1.1    0000     AAUU    24.857  25.207  13.867 13.898 
 210     0.177785 57.739647   1.7677670833e+02 -1.1661666600e+00 176.7767501 -1.1661403  16.264 0.070     15.6   15.697 0.136     8.0    11.947 0.344     3.2    8.691  0.42      2.6    0000     ABBC    24.721  24.573  12.841 12.843 
 211     0.248144 34.361991   1.7701370370e+02 7.0356349000e+00  177.0137429 7.0356918   16.388 0.080     13.6   15.480 0.127     8.5    12.086 null      0.6    8.242  null      1.9    0000     ABUU    22.553  22.859  11.502 12.106 
 213     0.381791 -115.693422 1.7706937570e+02 5.2863998580e+01  177.0692174 52.8639526  15.967 0.048     22.7   15.452 0.084     12.9   12.558 0.452     2.4    8.906  0.468     2.3    0000     AACC    36.867  36.927  21.938 21.669 
 214     0.439217 -174.153425 1.7710902530e+02 3.0338696770e+01  177.1090109 30.3385754  16.841 0.096     11.3   16.238 0.203     5.4    12.245 null      0.9    8.612  null      0.9    0000     ABUU    26.352  25.977  12.436 13.165 
 216     0.704464 -81.521891  1.7744354166e+02 7.8140555500e+00  177.4433463 7.8140844   17.291 0.153     7.1    16.033 0.181     6.0    12.547 null      -0.8   8.279  null      1.4    0000     BBUU    25.192  25.439  12.795 12.957 
 219     0.531720 98.687714   1.7858299441e+02 2.3565908410e+01  178.5831537 23.5658861  16.868 0.109     9.9    16.178 0.211     5.1    12.507 0.496     2.2    8.219  null      2.0    0000     BBCU    24.184  24.317  11.885 11.860 
 220     0.626943 -16.100647  1.7860305991e+02 1.3696052180e+01  178.6030102 13.6962195  16.757 0.094     11.6   16.007 0.175     6.2    12.559 null      -0.2   8.818  null      -1.3   0000     ABUU    24.898  24.542  12.836 12.753 
 221     0.427550 -152.049098 1.7945160964e+02 6.6199816100e+00  179.4515536 6.6198767   16.798 0.113     9.6    16.603 0.345     3.1    12.135 null      1.0    8.826  null      0.0    0000     BBUU    23.462  23.013  15.193 15.263 
 223     0.188229 152.433364  1.8053242178e+02 3.2594109950e+01  180.5324505 32.5940636  16.032 0.054     20.2   15.137 0.077     14.1   12.420 0.508     2.1    9.057  0.539     2.0    0000     AACC    28.174  28.222  14.964 15.029 
 225     1.226917 -96.016167  1.8117389474e+02 -3.6378588000e-01 181.1735558 -0.3638216  15.935 0.055     19.8   15.343 0.106     10.2   12.083 0.345     3.2    8.116  null      1.9    0000     AABU    23.433  23.342  12.825 12.858 
 226     1.650312 -95.640949  1.8127124170e+02 -7.7694400000e-03 181.2707855 -0.0078145  17.278 0.152     7.2    16.309 0.232     4.7    12.558 null      -0.1   8.829  null      0.3    0000     BBUU    25.391  25.222  11.916 11.864 
 227     0.459802 22.406499   1.8190599880e+02 6.5028433200e+00  181.9060478 6.5029614   16.995 0.131     8.3    16.087 0.213     5.1    12.039 null      1.0    8.215  null      1.2    0000     BBUU    22.472  22.427  10.929 10.835 
 230     0.211135 159.739593  1.8221944502e+02 2.1176102320e+01  182.2194668 21.1760473  16.094 0.061     17.9   15.337 0.101     10.8   12.348 null      0.6    8.505  null      0.7    0000     AAUU    23.400  23.269  12.830 12.835 
 233     0.404789 -158.392515 1.8246970927e+02 1.8529780840e+01  182.4696656 18.5296763  16.108 0.062     17.6   15.380 0.099     10.9   12.239 0.400     2.7    8.553  null      0.9    0000     AACU    26.440  26.021  13.951 13.820 
 234     0.746314 -89.809290  1.8311242083e+02 5.0926361100e+00  183.1122127 5.0926368   16.966 0.129     8.4    16.455 0.333     3.3    12.503 null      -0.4   8.921  null      -0.7   0000     BBUU    19.601  20.343  10.594 10.344 
 235     0.175211 54.446002   1.8329919000e+02 -1.2767624000e+01 183.2992306 -12.7675957 16.284 0.073     14.9   15.837 0.155     7.0    12.420 null      -0.1   8.914  null      0.5    0000     ABUU    24.686  25.481  13.072 13.040 
 237     1.167913 -126.255962 1.8433893340e+02 1.5284635600e+00  184.3386717 1.5282717   17.581 0.210     5.2    16.260 null      1.3    12.147 null      0.0    8.193  null      0.8    0000     BUUU    24.428  16.542  6.971  8.712  
 239     0.061479 23.085374   1.8544341967e+02 4.4757791090e+01  185.4434291 44.7578068  16.304 0.062     17.6   15.314 0.083     13.1   12.005 0.293     3.7    8.877  0.47      2.3    0000     AABC    29.110  29.137  13.954 13.419 
 240     0.123763 68.015189   1.8565818188e+02 1.9978590730e+01  185.6582158 19.9786036  16.429 0.079     13.8   15.728 0.134     8.1    12.633 null      0.2    8.323  null      1.5    0000     ABUU    26.159  26.126  14.970 15.092 
 245     0.310325 -109.623654 1.9069966293e+02 5.2218533150e+01  190.6995304 52.2185042  16.539 0.069     15.6   15.823 0.120     9.1    12.482 null      0.4    8.638  null      1.4    0000     ABUU    32.168  32.430  17.921 17.529 
 246     0.120283 52.586373   1.9092005410e+02 2.5489969700e+01  190.9200835 25.4899900  16.701 0.088     12.4   15.520 0.108     10.0   12.560 null      -0.3   8.808  null      -1.0   0000     AAUU    25.329  26.015  13.135 13.423 
 247     1.152177 -19.094553  1.9271636150e+02 3.1506082760e+01  192.7162387 31.5063852  16.414 0.066     16.4   15.375 0.092     11.8   12.115 null      1.4    9.020  0.528     2.1    0000     AAUC    27.325  27.097  13.298 13.133 
 249     0.311011 143.026770  1.9448948070e+02 6.3826989420e+01  194.4895985 63.8269204  16.911 0.082     13.2   16.520 0.195     5.6    12.517 null      0.9    8.758  null      1.2    0000     ABUU    39.423  39.655  18.955 18.821 
 250     0.637841 -156.611462 1.9653447010e+02 3.9406556200e+00  196.5343996 3.9404930   16.869 0.098     11.0   16.438 null      1.9    12.274 0.377     2.9    9.088  null      -0.6   hh00     AUCU    32.466  25.201  17.941 17.835 
 252     0.909167 -49.739992  1.9933658333e+02 -2.6536111100e+00 199.3363904 -2.6534479  17.181 0.123     8.8    16.559 0.276     3.9    12.749 null      -0.2   9.241  null      -0.1   0000     BBUU    30.324  30.243  18.985 18.777 
 253     0.585331 -65.529339  1.9979708500e+02 9.8476434500e+00  199.7969348 9.8477108   17.031 0.105     10.3   16.310 0.209     5.2    12.584 null      0.7    8.854  null      0.5    0000     ABUU    34.536  34.112  22.930 23.359 
 254     0.308317 85.076710   2.0192217620e+02 5.7543992850e+01  201.9223352 57.5440002  17.375 0.123     8.8    16.198 0.156     7.0    12.862 null      -0.6   9.056  null      0.5    0000     BBUU    37.896  37.921  19.129 19.206 
 255     0.045587 145.212946  2.0323937490e+02 2.2143308300e+01  203.2393827 22.1432979  15.692 0.047     23.2   14.893 0.064     16.9   12.172 0.347     3.1    8.484  null      1.4    0000     AABU    27.489  27.576  14.960 14.641 
 256     0.140404 79.540912   2.0355234824e+02 1.2339086220e+01  203.5523875 12.3390933  16.684 0.090     12.0   15.631 0.117     9.2    12.398 0.372     2.9    8.897  null      0.5    0000     ABCU    27.296  27.420  15.936 15.810 
 257     0.377096 -38.471181  2.0396171270e+02 3.5554394290e+01  203.9616326 35.5544763  16.714 0.070     15.6   15.991 0.132     8.2    12.152 null      1.5    9.298  null      -0.2   0000     ABUU    44.093  45.100  17.948 17.970 
 258     1.718649 82.952943   2.0398433333e+02 -3.4772777700e+00 203.9848080 -3.4772192  15.377 0.039     28.1   14.668 0.059     18.4   12.285 0.339     3.2    8.710  null      1.0    0000     AABU    34.189  34.281  22.966 22.916 
 259     0.223316 31.021684   2.0437004203e+02 4.1927737240e+01  204.3700850 41.9277904  16.571 0.073     15.0   16.588 0.246     4.4    12.791 0.524     2.1    9.117  null      0.2    0h00     ABCU    31.142  31.292  16.970 17.154 
 260     1.141455 55.679685   2.0506263381e+02 3.9441859630e+01  205.0629729 39.4420384  16.092 0.048     22.6   15.477 0.081     13.4   12.649 0.363     3.0    8.894  null      1.6    0000     AACU    46.043  46.183  30.896 30.892 
 261     0.257051 -178.543381 2.0516766666e+02 2.8224488880e+01  205.1676646 28.2244175  16.125 0.056     19.4   15.025 0.068     15.9   12.348 0.343     3.2    9.136  0.495     2.2    0000     AABC    29.887  29.679  16.903 16.778 
 262     0.049652 108.340731  2.0542274999e+02 4.6186194440e+01  205.4227689 46.1861901  17.079 0.108     10.0   16.292 0.198     5.5    11.962 null      1.8    9.165  null      0.2    0000     ABUU    31.233  31.890  12.895 12.823 
 263     0.028857 -88.069686  2.0547508160e+02 3.5168253930e+01  205.4750718 35.1682542  16.289 0.058     18.8   15.640 0.112     9.7    12.130 null      1.6    9.236  null      -0.2   0000     ABUU    34.471  35.652  15.993 15.705 
 264     1.005494 -140.714042 2.0553375000e+02 9.4773888800e+00  205.5335707 9.4771727   17.471 0.146     7.4    16.769 0.295     3.7    12.834 0.498     2.2    9.256  null      -1.1   0000     BBCU    34.399  33.978  22.961 22.928 
 265     0.529285 172.786680  2.0636092677e+02 2.3497048160e+01  206.3609469 23.4969023  15.479 0.036     30.4   15.014 0.062     17.4   11.573 0.146     7.4    9.004  0.417     2.6    0000     AABC    40.809  40.686  24.258 24.050 
 270     0.531199 3.436052    2.1044723420e+02 2.7826398310e+01  210.4472442 27.8265456  17.562 0.157     6.9    16.982 0.354     3.1    12.338 null      1.2    8.992  null      0.9    0000     BBUU    31.111  31.235  19.938 19.815 
 272     0.289096 -176.333547 2.1082970350e+02 9.0474981400e+00  210.8296983 9.0474180   17.284 0.124     8.7    16.751 0.287     3.8    12.267 null      2.0    9.046  0.419     2.6    0000     BBUC    35.862  36.561  24.213 24.266 
 276     1.063604 -29.810641  2.1209549999e+02 5.3005805550e+01  212.0952559 53.0060619  17.749 0.159     6.8    17.032 0.283     3.8    12.847 null      0.5    9.312  null      0.3    0000     BBUU    45.863  45.415  23.967 24.364 
 278     0.171254 -22.842150  2.1279703330e+02 1.2293689660e+01  212.7970144 12.2937335  16.594 0.067     16.2   15.532 0.093     11.7   12.751 null      0.3    9.238  null      -0.1   0000     AAUU    40.333  40.149  25.338 25.717 
 279     0.547734 -164.763156 2.1336299000e+02 -2.2561737000e+01 213.3629467 -22.5618838 16.760 0.171     6.3    15.635 0.191     5.7    12.227 0.421     2.6    8.589  null      1.9    0000     BBCU    36.345  35.057  25.170 25.897 
 280     0.473793 165.195079  2.1351816666e+02 5.1259944440e+01  213.5182204 51.2598172  18.111 0.215     5.1    17.013 null      1.5    13.066 null      0.0    9.343  null      -3.1   0000     BUUU    42.397  42.514  24.862 24.972 
 291     1.421909 128.367081  2.1585800711e+02 1.3050195560e+01  215.8583250 13.0499504  15.977 0.050     21.9   15.455 0.093     11.7   12.400 null      1.2    8.944  null      1.0    0000     AAUU    42.123  42.189  28.000 27.495 
 293     1.610408 91.567778   2.1631805050e+02 3.2902650340e+01  216.3185831 32.9026381  16.974 0.081     13.4   16.316 0.158     6.9    12.434 null      1.3    8.952  null      1.3    0000     ABUU    47.874  48.562  29.234 29.757 
 295     0.726689 20.568628   2.1687370833e+02 3.5369161110e+01  216.8737953 35.3693501  17.388 0.117     9.3    16.578 0.218     5.0    12.954 0.536     2.0    9.280  null      -0.9   0000     BBCU    40.011  39.878  22.855 22.899 
 296     0.670392 -115.135811 2.1691079000e+02 3.3211666000e+01  216.9105885 33.2115869  16.817 0.076     14.4   15.923 0.120     9.1    12.600 null      0.6    9.288  null      0.3    0000     ABUU    46.407  47.333  28.683 27.842 
 300     0.657682 66.331321   2.1740820833e+02 3.3071166660e+01  217.4084080 33.0712400  17.877 0.188     5.8    17.029 0.312     3.5    12.439 null      1.1    9.495  null      -0.7   0000     BBUU    42.369  43.360  29.858 29.049 
 301     0.971381 -155.076829 2.1746737000e+02 5.4788249000e+01  217.4671728 54.7880043  17.026 0.080     13.6   17.155 0.323     3.4    12.657 null      0.7    9.447  null      -0.1   0000     ABUU    51.728  51.023  26.933 26.776 
 302     0.177338 127.708578  2.1791853330e+02 -7.4120744700e+00 217.9185726 -7.4121046  17.182 0.119     9.1    16.475 0.249     4.4    12.130 null      1.8    8.831  null      0.8    0000     BBUU    35.246  35.524  25.151 25.171 
 303     0.261274 -18.137580  2.1902084569e+02 2.1544236630e+01  219.0208214 21.5443056  16.420 0.058     18.7   15.880 0.114     9.5    12.398 null      1.3    8.766  null      1.3    0000     ABUU    42.963  42.736  29.754 30.421 
 304     0.241472 165.099149  2.1904891570e+02 5.0118654420e+01  219.0489426 50.1185896  17.169 0.089     12.3   16.956 0.251     4.3    12.916 null      0.2    9.091  null      0.5    0000     ABUU    51.392  51.347  26.951 26.817 
 305     0.611703 -33.433819  2.1946593790e+02 2.3387041600e+01  219.4658359 23.3871834  15.886 0.043     25.2   14.974 0.059     18.3   12.401 null      1.9    9.533  null      -0.9   0000     AAUU    45.036  44.673  30.096 30.505 
 308     0.222297 -2.286316   2.2096111436e+02 3.6387537800e+01  220.9611113 36.3875995  15.897 0.041     26.6   14.903 0.051     21.3   11.189 0.096     11.3   8.699  0.264     4.1    0000     AAAB    55.741  57.057  35.642 35.392 
 310     0.055302 93.881930   2.2764705421e+02 5.1811415440e+01  227.6470790 51.8114144  16.244 0.046     23.6   15.597 0.074     14.8   12.776 0.341     3.2    9.546  null      0.3    0000     AABU    70.302  70.336  42.937 42.490 
 311     0.250697 -101.136150 2.2841516666e+02 8.9018055500e+00  228.4150975 8.9017921   17.280 0.129     8.4    16.319 0.205     5.3    12.558 null      1.2    9.042  null      0.5    0000     BBUU    29.699  29.708  29.930 30.038 
 313     1.352008 1.660436    2.3076208330e+02 5.9275844400e+01  230.7621046 59.2762198  15.638 0.033     32.6   15.133 0.049     22.4   12.104 0.183     5.9    8.991  0.286     3.8    0000     AABB    87.881  88.355  52.740 53.055 
 314     0.098798 3.906528    2.3094041905e+02 3.3799956420e+01  230.9404213 33.7999838  16.699 0.061     17.9   15.626 0.078     13.9   12.760 null      0.9    9.245  null      0.7    0000     AAUU    59.708  60.512  30.125 30.027 
 315     0.333706 6.663791    2.3101708333e+02 8.2775833300e+00  231.0170942 8.2776754   17.638 0.187     5.8    16.681 0.304     3.6    12.348 null      1.3    9.000  null      1.2    0000     BBUU    32.593  32.724  20.619 30.147 
 316     0.408963 -139.381542 2.3165767083e+02 -2.0833516670e+01 231.6575917 -20.8336029 17.209 0.149     7.3    16.623 0.349     3.1    12.234 null      0.2    8.942  null      -0.3   0000     BBUU    24.652  23.972  11.735 11.767 
 317     0.282260 105.505305  2.3180358333e+02 6.6894166600e+00  231.8036594 6.6893957   16.700 0.081     13.5   16.102 0.168     6.5    12.820 0.406     2.7    9.216  null      0.4    0000     ABCU    37.818  38.355  35.779 35.800 
 318     0.848837 16.257104   2.3374898973e+02 1.3450394140e+01  233.7490576 13.4506205  15.835 0.042     25.9   14.963 0.065     16.6   12.802 0.406     2.7    9.362  0.483     2.2    0000     AACC    40.979  41.441  39.887 39.565 
 319     0.474359 119.014067  2.3594506680e+02 1.7007905910e+01  235.9451873 17.0078420  16.790 0.082     13.2   16.510 0.234     4.6    12.351 0.315     3.5    8.965  null      1.0    0000     ABBU    30.594  30.323  26.706 26.755 
 322     0.357747 19.316483   2.3646704100e+02 6.0473320220e+01  236.4671077 60.4734140  16.007 0.037     29.7   15.157 0.046     23.7   12.313 0.231     4.7    9.406  0.435     2.5    0000     AABC    99.291  101.081 42.107 42.374 
 327     0.825466 83.086677   2.4029649990e+02 -1.8476411100e+01 240.2967399 -18.4763835 15.647 0.054     20.3   15.051 0.081     13.4   11.653 0.252     4.3    8.505  0.457     2.4    0000     AABC    24.499  24.304  11.955 11.853 
 328     0.192935 -46.265105  2.4072490880e+02 4.2473595150e+01  240.7248563 42.4736322  16.051 0.045     24.2   15.122 0.060     18.2   12.370 0.256     4.2    9.346  null      0.7    0000     AABU    50.317  50.421  44.376 43.866 
 330     0.684913 -132.891920 2.4240529130e+02 3.0696605190e+01  242.4051292 30.6964757  17.518 0.142     7.7    17.080 0.349     3.1    12.462 null      0.7    9.257  null      -0.2   0000     BBUU    36.705  37.368  17.911 18.272 
 332     0.327670 -140.329322 2.4256966544e+02 4.1298271460e+01  242.5695881 41.2982014  16.517 0.058     18.7   15.902 0.109     9.9    12.634 null      1.6    9.455  null      0.8    0000     ABUU    48.629  48.406  45.980 46.113 
 333     0.264759 -56.258300  2.4360470833e+02 4.6674705550e+01  243.6046192 46.6747464  15.868 0.037     29.4   14.972 0.047     23.0   12.924 0.335     3.2    9.094  null      1.9    0h00     AABU    60.126  60.680  56.565 56.386 
 334     0.402406 -123.092077 2.4369600000e+02 2.0984158330e+01  243.6958997 20.9840973  16.661 0.076     14.4   16.167 0.157     6.9    12.339 0.382     2.8    9.005  null      -0.7   0000     ABCU    33.211  32.872  13.489 13.335 
 336     0.232484 63.712922   2.4525383000e+02 5.1930220000e+01  245.2539239 51.9302486  15.654 0.032     33.8   14.771 0.040     27.4   12.888 0.316     3.4    9.529  null      0.3    0000     AABU    94.190  96.156  59.581 59.968 
 337     0.097507 -57.882828  2.4581366660e+02 4.7099972200e+01  245.8136329 47.0999866  15.574 0.034     32.0   14.762 0.046     23.6   11.425 0.096     11.3   8.954  0.276     3.9    0000     AAAB    56.179  56.089  53.836 53.897 
 338     0.307789 85.175901   2.4588256020e+02 3.1200147510e+01  245.8826598 31.2001547  16.523 0.065     16.8   15.663 0.104     10.4   12.551 null      0.7    8.895  null      0.5    0000     AAUU    35.658  35.465  16.585 16.869 
 339     0.060806 -115.456449 2.4661042035e+02 2.7859026560e+01  246.6104031 27.8590193  14.968 0.031     34.7   14.208 0.039     28.1   11.919 0.255     4.3    8.437  null      1.8    0000     AABU    41.451  41.453  15.935 15.965 
 340     0.239058 -73.013477  2.4662167000e+02 2.8982660000e+01  246.6215974 28.9826794  15.871 null      1.9    15.824 0.116     9.4    12.336 0.353     3.1    9.177  null      -0.1   0000     UBBU    37.303  38.178  15.939 15.522 
 341     0.485267 88.367540   2.4729706666e+02 2.4127705560e+01  247.2972143 24.1277094  16.792 0.075     14.5   16.070 0.136     8.0    12.282 0.396     2.7    8.575  null      0.9    0000     ABCU    39.883  41.941  13.893 14.257 
 342     0.818245 -138.958429 2.4764126390e+02 4.0202692930e+01  247.6410685 40.2025215  17.493 0.124     8.8    17.496 0.450     2.4    12.908 null      -1.2   9.314  null      -0.6   0000     BCUU    49.513  48.799  20.915 21.116 
 344     0.307159 166.602382  2.5414774990e+02 4.5687097200e+01  254.1477782 45.6870142  16.223 0.276     3.9    15.531 0.069     15.7   12.686 0.383     2.8    9.042  null      1.1    0000     BACU    73.853  77.818  24.925 24.559 
 345     0.156653 178.512006  2.5475883333e+02 2.7159775000e+01  254.7588346 27.1597315  15.920 0.046     23.7   15.141 0.068     16.0   11.536 0.158     6.9    8.889  null      1.2    0000     AABU    38.186  39.547  20.036 19.888 
 346     0.198841 -173.699260 2.5496262500e+02 3.2657952700e+01  254.9626178 32.6578978  16.419 0.060     18.1   15.656 0.095     11.4   12.123 null      1.5    8.621  null      1.2    0000     AAUU    37.490  37.903  15.941 15.528 
 347     1.581127 47.155823   2.6103642916e+02 1.9028644440e+01  261.0367698 19.0289431  17.912 0.211     5.2    16.864 null      1.6    12.354 null      0.3    8.958  null      -1.3   0000     BUUU    32.827  33.337  15.194 15.273 
 349     0.122559 -31.587838  2.6818375000e+02 5.0609180500e+01  268.1837219 50.6092095  15.130 0.030     36.1   14.402 0.034     32.0   12.611 0.374     2.9    9.288  0.438     2.5    0000     AACC    84.010  85.674  32.860 32.727 
 350     0.213771 94.723563   2.9303176500e+02 7.1652335490e+01  293.0319530 71.6523306  17.369 0.079     13.8   16.476 0.116     9.3    13.591 null      -1.3   9.686  null      0.2    dd00     ABUU    114.078 114.302 69.155 69.235 
 351     0.922216 14.993314   3.0804164010e+02 -2.1233974950e+01 308.0417112 -21.2337275 16.497 0.087     12.4   15.439 0.134     8.1    12.446 null      0.0    8.147  null      1.0    0000     ABUU    20.683  19.774  11.151 10.675 
 352     0.313335 122.683469  3.0848297000e+02 -2.7648500000e+01 308.4830527 -27.6485470 16.931 0.119     9.1    16.031 0.222     4.9    11.889 null      1.5    8.632  null      0.7    0000     BBUU    23.388  22.386  12.377 12.758 
 357     1.600437 -109.390815 3.1960403000e+02 -1.0932620000e+01 319.6036029 -10.9327676 16.142 0.071     15.3   15.245 0.111     9.8    11.888 null      1.2    8.768  null      0.0    0000     ABUU    17.734  16.924  10.921 10.858 
 358     1.171270 -133.379158 3.1986799999e+02 1.0485166660e+01  319.8677595 10.4849432  17.036 0.106     10.3   16.598 null      1.7    12.056 null      1.2    8.756  null      0.3    0000     AUUU    36.609  27.102  10.967 10.991 
 360     0.254860 -28.013253  3.2087033000e+02 -2.4360400000e+01 320.8702935 -24.3603375 17.151 0.149     7.3    16.480 0.339     3.2    11.657 null      1.6    8.520  null      0.3    0000     BBUU    21.595  14.539  8.726  11.863 
 361     0.207776 -18.383885  3.2313829583e+02 1.2298683330e+01  323.1382772 12.2987381  16.356 0.068     15.9   15.633 0.116     9.3    12.311 null      -0.6   8.949  null      -1.4   0h00     ABUU    23.994  25.385  11.925 11.927 
 362     0.277857 -176.517219 3.2566362499e+02 -1.3334166600e+00 325.6636203 -1.3334937  16.884 0.114     9.5    16.086 0.249     4.4    12.525 null      -1.4   8.701  null      0.4    0000     BBUU    22.321  18.647  10.896 10.890 
 363     0.865472 106.206965  3.2698087000e+02 1.1320277000e+00  326.9811009 1.1319606   17.631 0.202     5.4    16.970 0.450     2.4    12.301 null      0.2    8.880  null      -0.7   0000     BCUU    23.509  23.911  11.841 11.528 
 365     0.239892 -103.450461 3.3027762490e+02 3.0354750000e+00  330.2775600 3.0354595   15.977 0.059     18.5   15.198 0.095     11.4   11.307 0.186     5.8    7.828  0.218     5.0    0000     AABB    21.434  21.484  9.964  9.890  
 367     0.241273 67.173444   3.3061154160e+02 1.5164550000e+01  330.6116056 15.1645760  15.735 0.047     23.0   15.199 0.082     13.2   12.170 0.313     3.5    8.515  null      0.9    0000     AABU    27.967  27.272  13.988 13.983 
 370     0.184144 126.185875  3.3179216660e+02 -4.2823000000e+00 331.7922080 -4.2823302  15.122 0.038     28.2   14.138 0.045     24.2   12.214 0.461     2.4    8.376  null      0.4    0000     AACU    20.417  20.720  9.785  9.715  
 374     0.739563 77.069437   3.3321454166e+02 -7.0852777000e-01 333.2147419 -0.7084818  16.987 0.119     9.2    16.908 0.411     2.6    12.305 null      -0.3   8.564  null      0.8    0000     BCUU    21.416  21.465  9.916  9.919  
 378     0.620241 -145.671873 3.3418341666e+02 2.3002778000e-01  334.1833195 0.2298855   17.185 0.148     7.3    16.626 0.309     3.5    11.997 null      1.2    8.921  null      -1.3   0000     BBUU    23.057  23.102  10.019 10.467 
 383     0.370183 74.141056   3.3630991660e+02 3.5034722000e+00  336.3100157 3.5035003   16.501 0.081     13.4   15.691 0.126     8.6    11.997 null      0.7    8.291  null      1.9    0000     ABUU    25.213  25.291  13.933 13.825 
 384     0.152688 19.010815   3.3655170830e+02 -6.3020249000e+00 336.5517222 -6.3019848  15.636 0.050     21.9   14.962 0.085     12.7   12.212 0.430     2.5    8.825  null      0.0    0000     AACU    21.115  21.698  10.891 10.490 
 387     0.671502 -51.494767  3.3718812499e+02 -7.9653833300e+00 337.1879776 -7.9652672  16.167 0.065     16.7   15.455 0.121     8.9    11.872 null      1.1    8.985  null      -1.5   0000     ABUU    22.439  22.477  10.819 10.732 
 392     1.404488 -86.824594  3.3822977070e+02 2.9508975990e+01  338.2293231 29.5089976  17.813 0.211     5.1    16.702 null      1.9    12.043 null      0.9    8.945  null      0.3    0000     BUUU    29.426  29.057  14.172 14.872 
 398     0.504100 154.512458  3.4020417000e+02 -1.8662170000e+01 340.2042336 -18.6622964 16.562 0.092     11.9   15.528 0.127     8.6    12.334 null      0.3    8.681  null      0.3    0000     ABUU    20.604  20.833  10.925 10.770 
 400     1.395353 84.165710   3.4135112490e+02 4.0394440000e-01  341.3515105 0.4039838   17.472 0.188     5.8    16.644 null      1.0    12.280 null      -0.8   8.589  null      0.6    0000     BUUU    25.040  22.523  8.921  10.928 
 401     1.420400 51.812462   3.4250837500e+02 -5.0261708330e+01 342.5088601 -50.2614644 16.142 0.059     18.5   15.674 0.123     8.8    11.954 0.258     4.2    8.742  null      0.5    0000     ABBU    25.366  25.343  12.848 12.739 
 405     0.265316 54.497310   3.4689729000e+02 5.3038880000e-01  346.8973500 0.5304316   17.078 0.135     8.1    16.274 0.250     4.3    11.802 null      1.5    8.752  null      -1.3   0000     BBUU    23.394  23.465  10.373 10.726 
 406     0.538194 -168.428896 3.4766205860e+02 1.8922201660e+01  347.6620269 18.9220552  15.797 0.045     24.1   15.415 0.118     9.2    12.272 0.441     2.5    9.163  null      -0.3   0h00     ABCU    36.076  23.390  11.081 11.251 
 408     1.289280 94.371819   3.4894404000e+02 -3.9947220000e-01 348.9443971 -0.3994995  17.560 0.205     5.3    16.587 null      1.5    12.176 null      0.6    8.715  null      0.3    0000     BUUU    22.602  22.883  10.959 10.894 
 411     0.095937 142.316254  3.5130935080e+02 2.6479953090e+01  351.3093690 26.4799320  16.193 0.062     17.5   15.412 0.100     10.9   12.588 0.507     2.1    8.968  0.478     2.3    0000     AACC    26.347  26.291  13.931 13.976 
 412     0.034838 -109.686438 3.5140266666e+02 -5.8911944400e+00 351.4026575 -5.8911977  16.337 0.071     15.4   15.554 0.117     9.3    12.430 0.437     2.5    8.428  null      1.2    0000     ABCU    25.041  25.192  13.963 13.734 
 415     0.245215 -18.751163  3.5241375000e+02 3.0064105500e+01  352.4137247 30.0641700  16.209 0.059     18.4   15.425 0.101     10.8   12.656 null      -0.2   9.072  null      -0.4   0000     AAUU    26.448  26.134  12.839 12.600 
 416     1.376337 58.154730   3.5253629166e+02 9.9621388800e+00  352.5366214 9.9623406   15.923 0.059     18.5   15.145 0.110     9.8    12.146 0.386     2.8    8.917  0.538     2.0    0000     ABCC    21.787  15.173  12.445 12.709 
 418     0.129233 151.675366  3.5613958330e+02 1.6887911100e+01  356.1396011 16.8878795  15.224 0.041     26.4   14.559 0.058     18.8   11.999 0.281     3.9    8.956  null      0.1    0000     AABU    24.498  24.856  14.213 14.257 
 419     0.060069 21.730902   3.5713890000e+02 -3.0902844000e+01 357.1389072 -30.9028285 17.673 0.172     6.3    16.732 null      1.8    12.137 null      1.5    9.140  0.487     2.2    0000     BUUC    35.432  35.639  16.418 18.794 
 421     0.633549 156.500259  3.5785129166e+02 -4.9853611100e+00 357.8513621 -4.9855225  17.206 0.158     6.9    16.140 0.242     4.5    12.549 null      -1.6   8.892  null      0.1    0000     BBUU    23.163  18.385  12.872 12.887 
 422     0.292168 145.971179  3.5913521490e+02 -6.3831264400e+00 359.1352606 -6.3831937  16.557 0.100     10.9   15.702 0.196     5.6    11.895 null      1.2    8.700  null      -0.1   0000     ABUU    18.649  12.373  11.758 11.853 
 424     1.456440 -83.293005  3.5960016666e+02 6.5770555500e+00  359.5997622 6.5771028   16.009 0.058     18.9   15.249 0.095     11.5   12.113 0.376     2.9    9.113  null      0.0    0000     AACU    25.225  25.239  12.895 12.778 
