# na      desig             ra           dec         redshift Z          errZ       Y          errY       J          errJ       H         errH      K          errK       unW1mag unW1err unW1snr unW2mag unW2err unW2snr w3mpro w3sig w3snr w4mpro w4sig w4snr
  SHELLQs J0857+0056        134.4105416  0.93686111  6.35     24.6083    0.58849    23.8412    1.02544    23.8111    0.919334   25.8001   6.99168   23.2623    1.16866    -99.999 -9.99   -99.999 -99.999 -9.99   -99.999 -9.99  -9.99 -9.9  -9.99  -9.99 -9.9 
  SHELLQs J0918+0139        139.6382083  1.6564722   6.19     -999.99999 -999.99999 22.63049   0.64368    -999.99999 -999.99999 25.858183 19.397446 21.983412  0.771966   -99.999 -9.99   -99.999 -99.999 -9.99   -99.999 -9.99  -9.99 -9.9  -9.99  -9.99 -9.9 
  SDSS    J1000+0234        150.2145833  2.5826333   5.3      -999.99999 -999.99999 27.05733   2.77418    30.257797  57.243446  29.153927 75.57138  -999.99999 -999.99999 -99.999 -9.99   -99.999 -99.999 -9.99   -99.999 -9.99  -9.99 -9.9  -9.99  -9.99 -9.9 
  SDSS    J1000+0234        150.21458333 2.58263333  5.3      -999.99999 -999.99999 26.3527    0.33107    26.9776    0.62756    29.0018   7.58539   26.5409    1.12801    -99.999 -9.99   -99.999 -99.999 -9.99   -99.999 -9.99  -9.99 -9.9  -9.99  -9.99 -9.9 
  SHELLQs J1417+0117        214.3694583  1.2867778   6.02     -999.99999 -999.99999 -999.99999 -999.99999 -999.99999 -999.99999 24.288553 5.571688  23.05891   2.204939   -99.999 -9.99   -99.999 -99.999 -9.99   -99.999 -9.99  -9.99 -9.9  -9.99  -9.99 -9.9 
  SHELLQs J1429-0104        217.2628333  -1.0787222  6.8      -999.99999 -999.99999 22.68734   0.82694    23.39225   1.787058   27.61784  102.44953 -999.99999 -999.99999 -99.999 -9.99   -99.999 -99.999 -9.99   -99.999 -9.99  -9.99 -9.9  -9.99  -9.99 -9.9 
  PSO     J245.0636-00.1978 245.0636766  -0.19786005 5.68     -999.99999 -999.99999 20.7887    0.18245    20.7952    0.195115   24.5278   8.67996   21.2039    0.585903   18.1202 0.125   8.1927  -99.999 -9.99   -99.999 -9.99  -9.99 -9.9  -9.99  -9.99 -9.9 
  SHELLQs J2201+0155        330.383625   1.9247222   6.16     -999.99999 -999.99999 24.98643   1.0683     25.307573  1.030311   24.050255 8.481997  -999.99999 -999.99999 -99.999 -9.99   -99.999 -99.999 -9.99   -99.999 -9.99  -9.99 -9.9  -9.99  -9.99 -9.9 
  HSC     J2216-0016        334.1852917  -0.2805833  6.1      -999.99999 -999.99999 22.12994   0.51059    22.824768  0.12298    23.838448 5.319516  22.39026   0.105327   -99.999 -9.99   -99.999 -99.999 -9.99   -99.999 -9.99  -9.99 -9.9  -9.99  -9.99 -9.9 
  SHELLQs J2252+0225        343.0226667  2.4255278   6.12     -999.99999 -999.99999 22.39778   0.76596    -999.99999 -999.99999 24.221796 6.550653  -999.99999 -999.99999 -99.999 -9.99   -99.999 -99.999 -9.99   -99.999 -9.99  -9.99 -9.9  -9.99  -9.99 -9.9 
