  SDUV	    J0108+0711       	17.0274999      7.1890556    5.53       -999.99999   -999.99999     19.95922       0.07025    19.820906     0.08754       19.547499     0.088968      19.55984      0.0927        16.3387   0.0309    34.6805    15.4902   0.0543    19.5076    12.019   0.32    3.4     8.569    0.4     2.7    
  SDUV	    J0113+0559       	18.4739583      5.9975278    5.00       -999.99999   -999.99999     20.33501       0.09405    20.20652      0.11823       19.765018     0.10832       19.62098      0.092362      16.6853   0.0413    25.8086    16.1318   0.0938    11.0841    12.488   0.5     2.2     8.377    0.0     1.0    
  SDUV	    J0829+2506         127.3879166     25.1126667    5.35       -999.99999   -999.99999     19.83217       0.05569    19.625656     0.045757      19.50344      0.107932      19.366137     0.094691      16.7066   0.0417    25.552     15.8611   0.0758    13.8362    11.625   0.0     1.9     8.24     0.0     1.6    
  SDUV	    J0957+1016         149.3008333     10.2718056    5.14       -999.99999   -999.99999     19.95326       0.07857    19.974575     0.060604      19.693392     0.076432      19.86978      0.092097      17.2231   0.063     16.7483    16.5319   0.1261    8.121      12.178   0.41    2.6     8.857    0.51    2.1    
  SDUV	    J1006-0310         151.560875      -3.1751111    5.55       -999.99999   -999.99999     19.73772       0.05965    19.693718     0.048616      19.30913      0.0548        19.13946      0.064272      16.287    0.0276    38.8146    15.5015   0.0527    20.1127    12.305   0.0     0.2     8.4      0.0     1.4    
  SDUV	    J1022+0801         155.5079583      8.0228333    5.36       -999.99999   -999.99999     19.18091       0.02516    19.04703      0.026541      18.939985     0.031451      18.805656     0.031028      15.9562   0.023     46.8102    14.8929   0.0323    33.1593    11.474   0.22    5.0     8.411    0.0     0.7    
  SDUV	    J1133+1603         173.2865833     16.0654722    5.61       -999.99999   -999.99999     19.70595       0.05318    19.7987       0.062335      19.628792     0.073883      19.47176      0.077683      16.3241   0.0278    38.5224    15.6342   0.0573    18.4366    12.099   0.0     1.3     8.803    0.0     0.1    
  SDUV	    J1134+0828         173.5592917      8.4814722    5.69       -999.99999   -999.99999     20.23087       0.04709    20.30027      0.055902      19.919317     0.063958      19.758795     0.062889      16.381    0.0325    32.8661    15.1294   0.0403    26.4632    12.244   0.41    2.7     8.204    0.0     1.4    
  SDUV	    J1149+0748         177.4435417      7.8140556    5.66       -999.99999   -999.99999     20.35433       0.06828    20.29209      0.086173      20.077751     0.112543      19.883867     0.11071       17.3487   0.0725    14.4806    16.1907   0.0972    10.6751    12.547   0.0     -0.8    8.279    0.0     1.4    
  SDUV	    J1513+0854         228.4151667      8.9018056    5.47       -999.99999   -999.99999     19.86727       0.04973    19.970022     0.047739      19.78177      0.055735      19.759802     0.066351      17.2783   0.0571    18.5037    16.6538   0.1231    8.3313     12.558   0.0     1.2     9.042    0.0     0.5    
  SDUV	    J1527+0641         231.8035833      6.6894167    5.57       -999.99999   -999.99999     19.84544       0.06114    19.607372     0.039237      19.483475     0.061898      19.551863     0.076006      16.8471   0.0408    26.087     16.2166   0.0869    12.003     12.82    0.41    2.7     9.216    0.0     0.4
  SDUV	    J2330+0957         352.5362917      9.9621389    5.30       -999.99999   -999.99999     19.78724       0.05182    19.683048     0.064923      19.167215     0.055465      19.144676     0.047128      16.1972   0.0249    43.1977    15.1405   0.0374    28.5324    12.146   0.39    2.8     8.917    0.54    2.0    
