abcd count        RA           Dec   redshift  unW1_RA    unW1_Dec     unW2_RA    unW2_Dec     unW1_mag unW1_magerr    unW1_snr     unW2_mag unW2_magerr    unW2_snr idx_w1 idx_w2    sep_w1         sep_w2
A,   1    0.34011348   26.83588138   5.75      0.34017    26.83588     0.34008    26.83592     16.27989     0.02571    41.72647     15.51944     0.04993    21.25103    0   0       0.200137       0.204985 
A,   2    0.66411726   25.84304425   5.82      0.66406    25.84301     0.66408    25.84298     16.24996     0.02615    41.02393     15.41770     0.04685    22.68041    1   1       0.240081       0.255228 
A,   3    1.46808330   -0.11549990   5.85      1.46789    -0.11552     1.46794    -0.11549     17.49266     0.07910    13.23251     16.70218     0.15336     6.59150    2   2       0.682590       0.534735 
A,   4    2.10739000   -6.43456000   5.93      2.10737    -6.43448     2.10749    -6.43457     16.80197     0.04452    23.89310     15.96197     0.07843    13.34915    3   3       0.298742       0.352726 
A,   5    2.21429170   36.27041380   5.17      2.21432    36.27043     2.21429    36.27044     16.01765     0.02080    51.70210     15.43394     0.04444    23.93676    4   4       0.124915       0.111606 
B,   6    2.37870183   32.87026179   6.10      2.37871    32.87016   -99.99900   -99.99900     17.95090     0.10558     9.79146    -99.99900    -9.99000   -99.99900    5   4       0.365655   12254.960137 
A,   7    3.13699900   36.53780550   5.44      3.13720    36.53777     3.13716    36.53787     15.82136     0.01737    62.01317     15.23056     0.03627    29.43722    6   5       0.743851       0.642265 
A,   8    4.31116660  -10.01539722   5.01      4.31119   -10.01543     4.31114   -10.01532     15.97575     0.02167    49.59903     15.31419     0.04492    23.67243    7   6       0.136887       0.289824 
A,   9    4.39361347   17.08630447   5.80      4.39350    17.08650     4.39354    17.08601     17.83374     0.10323    10.02525     16.69560     0.14508     6.99491    8   7       0.834815       1.082098 
A,  10    4.81408000  -24.29916000   5.68      4.81412   -24.29915     4.81397   -24.29913     16.32045     0.02836    37.79215     15.67841     0.06078    17.36716    9   8       0.160065       0.414028 
A,  11    5.13112370  -36.89494760   6.90      5.13116   -36.89500     5.13104   -36.89494     16.86710     0.04065    26.21001     16.41264     0.10197    10.15491   10   9       0.219607       0.300573 
A,  12    5.87779160   -0.31011110   5.06      5.87791    -0.31000     5.87808    -0.30978     16.84889     0.04598    23.11756     16.12691     0.09255    11.23801   11  10       0.578643       1.567992 
B,  13    6.12404166   39.22193055   6.62      6.12401    39.22208   -99.99900   -99.99900     17.36382     0.06434    16.38055    -99.99900    -9.99000   -99.99900   12  14       0.566103    9813.273988 
A,  14    6.36183330   -1.75903060   5.07      6.36179    -1.75904     6.36176    -1.75902     14.85090     0.00881   122.70559     14.23246     0.01840    58.52002   13  11       0.151206       0.261957 
A,  15    7.02733292    4.95712319   6.00      7.02741     4.95709     7.02747     4.95723     17.17834     0.05959    17.72580     16.60620     0.13479     7.56507   14  12       0.297186       0.628316 
A,  16    7.85774999    7.17692220   5.33      7.85783     7.17694     7.85784     7.17699     16.65772     0.03887    27.43696     15.68292     0.06340    16.62985   15  13       0.304663       0.395253 
B,  17    8.29750000   -1.42358330   6.13      8.29686    -1.42341   -99.99900   -99.99900     18.20513     0.14216     7.14812    -99.99900    -9.99000   -99.99900   16  11       2.376906    7072.508594 
A,  18    8.55979200   37.99833330   5.63      8.55975    37.99827     8.55983    37.99820     16.48003     0.02901    36.93224     15.73020     0.05556    19.04667   17  14       0.264008       0.513037 
A,  19    9.35732902   -8.11901741   5.72      9.35724    -8.11890     9.35732    -8.11914     16.82046     0.04212    25.28328     16.20383     0.09517    10.91543   18  15       0.535183       0.453004 
A,  20    9.65041600  -15.45655550   7.02      9.65038   -15.45661     9.65027   -15.45639     16.74116     0.04125    25.82485     16.31122     0.10451     9.89698   19  16       0.255460       0.795748 
A,  21    9.73550794  -10.43163860   5.95      9.73550   -10.43165     9.73566   -10.43165     16.49145     0.03205    33.38357     15.72242     0.06148    17.16347   20  17       0.058023       0.541062 
B,  22   11.38986666    9.03248889   6.42     11.38973     9.03256   -99.99900   -99.99900     17.77279     0.10427     9.92074    -99.99900    -9.99000   -99.99900   21  13       0.545938   14363.101412 
A,  23   12.52777099   34.75601483   6.25     12.52794    34.75605    12.52775    34.75600     16.58149     0.03262    32.78923     15.70625     0.05488    19.28778   22  18       0.606056       0.074452 
A,  24   13.58924990   -1.15600000   5.09     13.58932    -1.15592    13.58947    -1.15585     16.98206     0.05679    18.62322     16.15291     0.10259    10.09121   23  19       0.386627       0.957708 
D,  25   13.76212500    1.77175000   6.01    -99.99900   -99.99900   -99.99900   -99.99900    -99.99900    -9.99000   -99.99900    -99.99900    -9.99000   -99.99900   23  19   10557.957231   10557.686288 
A,  26   14.23349900   22.68671110   5.49     14.23355    22.68677    14.23358    22.68672     16.93557     0.04769    22.27015     15.99540     0.07830    13.37171   24  20       0.274333       0.300499 
A,  27   15.05426347   28.04053195   6.33     15.05426    28.04052    15.05427    28.04053     14.44561     0.00632   171.27200     13.64457     0.01055   102.42265   25  21       0.048958       0.024822 
D,  28   15.71099900   -2.30274990   5.95    -99.99900   -99.99900   -99.99900   -99.99900    -99.99900    -9.99000   -99.99900    -99.99900    -9.99000   -99.99900   23  19    8682.443243    8682.081718 
A,  29   17.02749990    7.18905555   5.53     17.02746     7.18920    17.02734     7.18904     16.33873     0.03086    34.68045     15.49022     0.05428    19.50763   26  22       0.545918       0.576353 
D,  30   17.12483330   -1.00433330   5.11    -99.99900   -99.99900   -99.99900   -99.99900    -99.99900    -9.99000   -99.99900    -99.99900    -9.99000   -99.99900   30  25    7941.767764    7942.284454 
B,  31   17.47137900  -30.79064200   6.79     17.47127   -30.79044   -99.99900   -99.99900     17.96071     0.10958     9.41614    -99.99900    -9.99000   -99.99900   27  29       0.846512   22680.915242 
A,  32   18.47395830    5.99752777   5.00     18.47396     5.99760    18.47394     5.99762     16.68526     0.04127    25.80861     16.13180     0.09378    11.08410   28  23       0.258360       0.352045 
A,  33   18.72962500   32.63786940   5.22     18.72950    32.63769    18.72952    32.63771     16.84587     0.04091    26.04467     16.18057     0.08469    12.32622   29  24       0.772044       0.682408 
A,  34   18.93658330    0.25413880   5.10     18.93671     0.25413    18.93696     0.25402     17.16827     0.06527    16.14018     16.69920     0.15738     6.41071   30  25       0.460347       1.435791 
A,  35   18.94279165   -2.88673330   5.07     18.94252    -2.88669    18.94260    -2.88666     16.36699     0.02986    35.86201     15.83330     0.07025    14.96171   31  26       1.004198       0.754890 
A,  36   19.05958330    5.63824990   5.33     19.05962     5.63819    19.05956     5.63826     16.35369     0.03072    34.84900     15.64389     0.06065    17.40534   32  27       0.238730       0.092385 
A,  37   20.22470800   21.78505550   5.42     20.22457    21.78544    20.22457    21.78525     16.54741     0.03289    32.51207     15.91755     0.07164    14.66172   33  28       1.456258       0.856229 
A,  38   21.42133775  -25.88228802   5.79     21.42127   -25.88225    21.42112   -25.88220     16.22331     0.02458    43.67488     15.59822     0.05282    20.06062   34  29       0.294777       0.857068 
B,  39   22.28100000   -0.47930550   5.01     22.28079    -0.47926   -99.99900   -99.99900     18.13381     0.13544     7.52670    -99.99900    -9.99000   -99.99900   35  32       0.770373    6920.147224 
D,  40   22.49379100   -0.59436110   5.78    -99.99900   -99.99900   -99.99900   -99.99900    -99.99900    -9.99000   -99.99900    -99.99900    -9.99000   -99.99900   35  31     871.591824    6300.304780 
A,  41   22.86391660   -3.35005270   5.18     22.86394    -3.35007    22.86394    -3.35004     14.54229     0.00709   152.65930     13.88659     0.01357    79.52414   36  30       0.092865       0.085971 
A,  42   23.00710000   -2.26753000   5.90     23.00698    -2.26742    23.00721    -2.26744     16.56777     0.03408    31.36077     15.44352     0.04783    22.20166   37  31       0.590464       0.502638 
A,  43   23.36183330    1.11047222   5.30     23.36182     1.11045    23.36178     1.11035     16.85007     0.04709    22.55940     15.87086     0.07562    13.86352   38  32       0.099825       0.476919 
D,  44   24.01320800    2.43491660   6.21    -99.99900   -99.99900   -99.99900   -99.99900    -99.99900    -9.99000   -99.99900    -99.99900    -9.99000   -99.99900   38  32    5313.535549    5313.912290 
A,  45   25.23764000  -11.68319000   5.85     25.23758   -11.68316    25.23763   -11.68313     16.76515     0.04083    26.09634     15.90096     0.07062    14.88048   39  33       0.224959       0.216802 
A,  46   25.68219720  -33.46263000   6.31     25.68215   -33.46265    25.68230   -33.46257     16.12952     0.02174    49.43781     15.36278     0.04031    26.43786   40  34       0.168993       0.411892 
A,  47   25.79266666  -55.75296666   6.25     25.79264   -55.75294    25.79296   -55.75286     17.06955     0.04044    26.35358     15.92814     0.05431    19.49652   41  35       0.120274       1.113558 
A,  48   27.15681283    6.00557339   5.98     27.15684     6.00566    27.15689     6.00560     16.10750     0.02380    45.11302     15.35649     0.04616    23.02691   42  36       0.332881       0.275230 
A,  49   28.88866660    4.25187250   5.35     28.88863     4.25190    28.88861     4.25191     16.12984     0.02529    42.42897     15.26645     0.04317    24.65375   43  37       0.166053       0.265627 
A,  50   29.43937500   30.01963330   5.63     29.43932    30.01962    29.43931    30.01965     15.44202     0.01373    78.55317     14.65817     0.02548    42.11912   44  38       0.188519       0.248452 
A,  51   29.51726000  -29.08868000   5.99     29.51731   -29.08867    29.51710   -29.08847     16.24916     0.02574    41.67983     15.49797     0.04810    22.07792   45  39       0.182197       0.941266 
A,  52   29.99154790  -36.56572300   6.02     29.99155   -36.56573    29.99149   -36.56565     16.60775     0.03235    33.06467     15.91276     0.06452    16.33187   46  40       0.027173       0.345582 
D,  53   30.74254166   -2.86488888   6.03    -99.99900   -99.99900   -99.99900   -99.99900    -99.99900    -9.99000   -99.99900    -99.99900    -9.99000   -99.99900   48  41    7522.651524   11074.766184 
A,  54   30.88491549    0.20813044   5.72     30.88496     0.20806    30.88494     0.20814     16.52055     0.03422    31.23435     15.87852     0.07196    14.59335   47  41       0.297877       0.092549 
D,  55   31.44429160   -9.92325000   5.37    -99.99900   -99.99900   -99.99900   -99.99900    -99.99900    -9.99000   -99.99900    -99.99900    -9.99000   -99.99900   57  48   15580.253155   15579.721773 
D,  56   31.54666666   -2.92716666   6.03    -99.99900   -99.99900   -99.99900   -99.99900    -99.99900    -9.99000   -99.99900    -99.99900    -9.99000   -99.99900   50  41    5910.804334   11535.747463 
B,  57   32.01795830   -1.20952770   5.23     32.01797    -1.20965   -99.99900   -99.99900     18.00720     0.12044     8.52372    -99.99900    -9.99000   -99.99900   48  42       0.430857    5223.575618 
D,  58   32.55495800   -4.93913880   6.43    -99.99900   -99.99900   -99.99900   -99.99900    -99.99900    -9.99000   -99.99900    -99.99900    -9.99000   -99.99900   51  43    5064.535002    5064.596074 
A,  59   32.73612490    0.05130560   5.05     32.73600     0.05153    32.73606     0.05131     16.91463     0.04554    23.34660     16.08188     0.08329    12.54196   49  42       0.908707       0.240365 
B,  60   32.93554170   -2.05108330   6.37     32.93555    -2.05149   -99.99900   -99.99900     17.74144     0.09218    11.28529    -99.99900    -9.99000   -99.99900   50  42       1.481912    7602.612339 
D,  61   33.32058330   -6.43755560   6.72    -99.99900   -99.99900   -99.99900   -99.99900    -99.99900    -9.99000   -99.99900    -99.99900    -9.99000   -99.99900   51  43    3883.148991    3883.194711 
A,  62   33.84695830   -5.49605555   5.13     33.84687    -5.49601    33.84689    -5.49600     17.84359     0.10124    10.23176     16.87592     0.16364     6.14742   51  43       0.375045       0.321212 
A,  63   34.10066660   23.06929720   5.26     34.10067    23.06926    34.10067    23.06933     16.45754     0.03338    32.02905     15.71092     0.06478    16.26474   52  44       0.128157       0.122439 
D,  64   34.11587500   -4.92613880   6.01    -99.99900   -99.99900   -99.99900   -99.99900    -99.99900    -9.99000   -99.99900    -99.99900    -9.99000   -99.99900   51  43    2268.609358    2268.567635 
B,  65   34.16187500  -52.43905560   6.41     34.16217   -52.43915   -99.99900   -99.99900     17.55959     0.05833    18.11701    -99.99900    -9.99000   -99.99900   53  45       1.126072       3.421852 
D,  66   34.33995833   -2.14794444   6.20    -99.99900   -99.99900   -99.99900   -99.99900    -99.99900    -9.99000   -99.99900    -99.99900    -9.99000   -99.99900   50  46    5067.772388    6132.096925 
A,  67   34.58783330   -0.46269460   5.11     34.58782    -0.46287    34.58779    -0.46271     17.54004     0.08201    12.74571     16.79257     0.15536     6.50029   54  46       0.648141       0.166809 
D,  68   35.12383330   -4.53444440   5.90    -99.99900   -99.99900   -99.99900   -99.99900    -99.99900    -9.99000   -99.99900    -99.99900    -9.99000   -99.99900   56  47    3021.136297    3021.173130 
B,  69   35.30133330   -3.70877777   5.02     35.30105    -3.70893   -99.99900   -99.99900     18.38481     0.16455     6.11086    -99.99900    -9.99000   -99.99900   55  47       1.157349      20.977377 
A,  70   35.30254160   -3.71450000   5.02     35.30255    -3.71449    35.30254    -3.71448     16.30994     0.02799    38.28569     15.70134     0.06061    17.41716   56  47       0.054809       0.078745 
A,  71   35.34462500   -8.04763880   6.16     35.34458    -8.04761    35.34434    -8.04746     18.04838     0.11838     8.68097     17.05356     0.18651     5.33562   57  48       0.189688       1.202252 
A,  72   36.50780677    3.04983831   6.54     36.50775     3.04980    36.50776     3.04969     16.65740     0.03822    27.91299     16.18182     0.09296    11.18712   58  49       0.242574       0.543613 
D,  73   36.93037500   -6.09172220   6.20    -99.99900   -99.99900   -99.99900   -99.99900    -99.99900    -9.99000   -99.99900    -99.99900    -9.99000   -99.99900   59  50    6115.517669    6115.358666 
D,  74   37.50945830    0.77966666   5.41    -99.99900   -99.99900   -99.99900   -99.99900    -99.99900    -9.99000   -99.99900    -99.99900    -9.99000   -99.99900   58  49    8932.739859    8932.365146 
A,  75   37.90683330   -7.48177777   5.37     37.90687    -7.48177    37.90682    -7.48175     15.98640     0.02025    53.11876     15.00554     0.03156    33.90222   59  50       0.124763       0.120938 
A,  76   37.97065700  -28.83891100   6.00     37.97054   -28.83901    37.97069   -28.83870     17.64400     0.07858    13.32263     16.74868     0.13471     7.56990   60  51       0.536295       0.757105 
D,  77   38.92675000   -5.54488889   6.09    -99.99900   -99.99900   -99.99900   -99.99900    -99.99900    -9.99000   -99.99900    -99.99900    -9.99000   -99.99900   59  50    7880.356527    7880.350221 
D,  78   39.87600000   -0.75149990   5.82    -99.99900   -99.99900   -99.99900   -99.99900    -99.99900    -9.99000   -99.99900    -99.99900    -9.99000   -99.99900   65  49   12724.027125   18283.638149 
B,  79   40.01591406   17.54580925   5.68     40.01651    17.54597   -99.99900   -99.99900     17.54453     0.08324    12.54931    -99.99900    -9.99000   -99.99900   61  60       2.227605   24462.122609 
A,  80   40.47050000    4.59818330   5.22     40.47042     4.59824    40.47046     4.59825     16.20172     0.02602    41.22189     15.52964     0.05456    19.40535   62  52       0.352050       0.280636 
D,  81   41.00000000  -50.13333333   6.74    -99.99900   -99.99900   -99.99900   -99.99900    -99.99900    -9.99000   -99.99900    -99.99900    -9.99000   -99.99900   64  54    8338.600918    8338.720558 
A,  82   36.11057000  -47.19149000   6.50     36.11061   -47.19153    36.11065   -47.19148     16.11423     0.01872    57.51142     15.42139     0.03636    29.36166   63  53       0.203249       0.303594 
A,  83   41.73291670  -52.33052780   6.87     41.73305   -52.33055    41.73268   -52.33071     17.46381     0.05318    19.91964     16.93822     0.12413     8.25603   64  54       0.497727       1.073614 
B,  84   42.66909000   -2.91745000   5.89     42.66910    -2.91736   -99.99900   -99.99900     17.88101     0.11099     9.29066    -99.99900    -9.99000   -99.99900   65  56       0.320973    7843.577111 
A,  85   42.83887490    3.55483880   5.00     42.83886     3.55488    42.83884     3.55502     15.69936     0.01672    64.44791     14.99626     0.03231    33.10716   66  55       0.173575       0.664067 
A,  86   43.06933330   -5.05883330   7.02     43.06948    -5.05896    43.06968    -5.05908     17.41081     0.07414    14.15088     16.90592     0.17712     5.64356   67  56       0.714214       1.525309 
A,  87   45.18408200  -22.54088500   5.68     45.18405   -22.54078    45.18401   -22.54076     16.19496     0.02496    42.99783     15.78151     0.05996    17.61247   68  57       0.410380       0.521852 
D,  88   45.32087490    0.34055556   5.50    -99.99900   -99.99900   -99.99900   -99.99900    -99.99900    -9.99000   -99.99900    -99.99900    -9.99000   -99.99900   66  58   14619.865454    3118.539652 
C,  89   45.88083300   -0.32024990   6.08    -99.99900   -99.99900    45.88039    -0.32077    -99.99900    -9.99000   -99.99900     16.60544     0.13447     7.58424   65  58   14869.451101      2.465511 
A,  90   46.32048300  -31.84886100   6.61     46.32057   -31.84877    46.32057   -31.84850     17.47062     0.06369    16.55156     16.88526     0.13862     7.34330   69  59       0.456382       1.346146 
A,  91   46.67712500   18.88773610   5.36     46.67712    18.88777    46.67712    18.88777     14.27310     0.00624   173.52257     13.45828     0.01027   105.24802   70  60       0.115012       0.137406 
D,  92   49.20779100  -13.67563800   5.99    -99.99900   -99.99900   -99.99900   -99.99900    -99.99900    -9.99000   -99.99900    -99.99900    -9.99000   -99.99900   72  61   12965.315406   12964.823900 
B,  93   49.29342829  -26.55436370   5.94     49.29332   -26.55433   -99.99900   -99.99900     17.92779     0.09846    10.53438    -99.99900    -9.99000   -99.99900   71  57       0.408970   20679.272739 
A,  94   49.92358330  -10.14611110   6.83     49.92361   -10.14601    49.92353   -10.14614     17.10234     0.05067    20.93342     16.09572     0.07877    13.29014   72  61       0.357420       0.203857 
D,  95   50.47945830    0.49483350   5.04    -99.99900   -99.99900   -99.99900   -99.99900    -99.99900    -9.99000   -99.99900    -99.99900    -9.99000   -99.99900   77  65   14920.802421   14919.903846 
A,  96   50.91808333  -47.02225833   6.25     50.91804   -47.02233    50.91790   -47.02208     17.90283     0.07647    13.70387     17.15981     0.14599     6.94806   73  62       0.292780       0.922337 
A,  97   52.14794200  -32.88967800   5.86     52.14792   -32.88981    52.14803   -32.88974     16.97852     0.04129    25.79675     16.11800     0.07077    14.84772   74  63       0.497838       0.398357 
B,  98   52.61633333  -40.42122222   6.25     52.61651   -40.42134   -99.99900   -99.99900     17.49600     0.06022    17.53517    -99.99900    -9.99000   -99.99900   75  62       0.774434   24537.090044 
A,  99   53.96052436  -15.79569428   5.87     53.96070   -15.79576    53.96057   -15.79582     17.74538     0.08807    11.83491     16.62309     0.12011     8.54898   76  64       0.680869       0.482084 
A, 100   54.62212490    0.36563880   5.03     54.62211     0.36555    54.62186     0.36557     16.78124     0.04260    24.99077     16.17409     0.09354    11.11451   77  65       0.326234       0.990141 
A, 101   55.42437500   -0.80354444   5.68     55.42457    -0.80366    55.42443    -0.80345     17.27344     0.06400    16.46984     16.53448     0.12493     8.20012   78  66       0.803498       0.385973 
A, 102   56.71685000  -16.47691000   5.99     56.71705   -16.47688    56.71695   -16.47690     16.63863     0.03487    30.63646     15.71320     0.05670    18.65218   79  67       0.741871       0.378849 
B, 103   57.49749990    0.56763880   5.20     57.49753     0.56771   -99.99900   -99.99900     18.12372     0.14468     7.01533    -99.99900    -9.99000   -99.99900   80  68       0.281310    3896.565867 
A, 104   58.45721356    1.06796142   6.07     58.45730     1.06787    58.45729     1.06799     16.86373     0.04737    22.42503     16.30575     0.10459     9.88855   81  68       0.457561       0.286971 
A, 105   60.55289450   24.85678567   6.18     60.55279    24.85660    60.55274    24.85664     16.51307     0.03611    29.56924     15.87899     0.07555    13.87737   82  69       0.777762       0.768277 
A, 106   62.08012500  -56.54133888   6.03     62.08034   -56.54131    62.08059   -56.54119     17.37476     0.04182    25.46815     16.57215     0.07547    13.89233   83  70       0.793118       1.745123 
A, 107   62.51345833  -44.24463888   6.21     62.51344   -44.24470    62.51280   -44.24461     17.39479     0.04994    21.24589     16.92909     0.11998     8.55871   84  71       0.227151       2.386215 
A, 108   62.86929100   -9.13050000   6.81     62.86926    -9.13047    62.86930    -9.13047     16.82469     0.04289    24.81481     16.05119     0.07863    13.31418   85  72       0.157874       0.094113 
A, 109   65.04725000  -44.88994444   6.07     65.04729   -44.88988    65.04749   -44.88996     17.32540     0.04519    23.52935     16.49396     0.07992    13.09092   86  73       0.284974       0.869262 
A, 110   65.40853700  -26.95433511   6.14     65.40852   -26.95434    65.40843   -26.95423     16.30721     0.02566    41.82074     15.85897     0.06183    17.06359   87  74       0.055080       0.531733 
A, 111   65.50414653  -19.45796853   6.12     65.50404   -19.45800    65.50423   -19.45796     16.02195     0.02101    51.19059     15.04674     0.03192    33.51411   88  75       0.404448       0.315937 
A, 112   69.94616600   16.57102770   6.51     69.94624    16.57105    69.94625    16.57107     13.98212     0.00510   212.36511     13.27586     0.00900   120.17323   89  76       0.269783       0.335103 
A, 113   71.03221433   -4.55918682   5.89     71.03234    -4.55913    71.03218    -4.55925     17.35414     0.06236    16.91498     16.71588     0.13268     7.69305   90  77       0.502102       0.239684 
A, 114   71.45075000   -2.33329000   5.69     71.45074    -2.33331    71.45075    -2.33326     16.24253     0.02482    43.24364     15.67525     0.05645    18.73821   91  78       0.085786       0.117969 
A, 115   73.50745000  -44.80864000   6.09     73.50751   -44.80840    73.50757   -44.80848     17.17422     0.03963    26.89975     16.54252     0.08248    12.67050   92  79       0.882787       0.722501 
A, 116   75.93566000   -7.50613000   5.88     75.93549    -7.50598    75.93569    -7.50639     17.16667     0.05753    18.37724     16.49861     0.11285     9.12993   93  80       0.833634       0.945779 
A, 117   89.93944458  -15.58338950   6.05     89.93944   -15.58337    89.93942   -15.58340     15.51514     0.01406    76.73742     14.52134     0.02041    52.68701   94  81       0.082090       0.089168 
A, 118  106.60995800   29.35152770   6.58    106.61034    29.35128   106.61021    29.35135     15.94083     0.02202    48.81520     15.34703     0.04639    22.90850   95  82       1.653280       1.090672 
A, 119  108.44294160    8.92573692   5.92    108.44293     8.92575   108.44284     8.92567     16.01834     0.02313    46.45200     15.12296     0.03865    27.59788   96  83       0.082149       0.425033 
A, 120  112.76303000   44.99707000   5.01    112.76302    44.99702   112.76294    44.99714     15.91824     0.02012    53.45602     15.38602     0.04433    23.99435   97  84       0.169064       0.402630 
A, 121  115.47800000   25.34156944   5.19    115.47797    25.34157   115.47794    25.34156     14.72804     0.00862   125.44791     13.87094     0.01392    77.51805   98  85       0.105450       0.221143 
A, 122  116.95491660   11.89790550   5.26    116.95488    11.89791   116.95489    11.89791     14.59371     0.00763   141.73068     13.78015     0.01269    85.05167   99  86       0.119474       0.090206 
A, 123  119.07558120   41.06905919   5.06    119.07536    41.06903   119.07562    41.06923     16.83607     0.04465    23.82037     16.13899     0.08711    11.97005  100  87       0.789365       0.631882 
A, 124  120.77258300   31.64283330   6.38    120.77264    31.64290   120.77235    31.64288     16.97377     0.05268    20.11502     16.46407     0.12292     8.34248  101  88       0.300176       0.842967 
A, 125  122.72630860   51.09447300   5.82    122.72639    51.09454   122.72637    51.09439     16.89686     0.04416    24.09090     16.15824     0.08452    12.35253  102  89       0.365294       0.378521 
A, 126  123.20341660    4.68237220   5.29    123.20343     4.68235   123.20338     4.68244     16.33262     0.03005    35.63412     15.41315     0.05066    20.93442  103  90       0.077461       0.283195 
A, 127  124.61418450   17.38111271   6.02    124.61430    17.38121   124.61417    17.38108     15.61218     0.01703    63.26283     14.87506     0.03162    33.84086  104  91       0.548557       0.123184 
A, 128  126.22506340   13.03804903   5.15    126.22505    13.03805   126.22500    13.03802     16.52120     0.03674    29.05519     15.61918     0.06162    17.12516  105  92       0.056675       0.269348 
A, 129  127.05586220   26.56541403   6.05    127.05590    26.56522   127.05595    26.56531     16.71437     0.04158    25.61206     16.09457     0.08860    11.76130  106  93       0.698219       0.496899 
A, 130  127.28174060    3.06570093   5.85    127.28182     3.06556   127.28197     3.06548     17.42493     0.07118    14.75992     16.55934     0.12809     7.98628  107  94       0.592685       1.132307 
A, 131  127.38320800   41.29455550   6.77    127.38301    41.29456   127.38311    41.29451     17.24597     0.06094    17.32095     16.60337     0.12827     7.97437  108  95       0.698698       0.390718 
A, 132  127.38791660   25.11266666   5.35    127.38782    25.11269   127.38794    25.11274     16.70655     0.04168    25.55199     15.86109     0.07576    13.83625  109  96       0.372380       0.258794 
A, 133  128.32358330   27.44138888   5.02    128.32361    27.44151   128.32371    27.44125     17.10907     0.05806    18.20589     16.63456     0.14658     6.91813  110  97       0.448665       0.663085 
D, 134  128.50366670    2.19636110   6.15    -99.99900   -99.99900   -99.99900   -99.99900    -99.99900    -9.99000   -99.99900    -99.99900    -9.99000   -99.99900  113 100    5221.243813    5221.179957 
A, 135  128.85733330   32.29794444   5.89    128.85681    32.29743   128.85734    32.29853     18.02119     0.12572     8.14570     16.85015     0.17055     5.87918  111  98       2.659939       2.122531 
A, 136  128.97651322    5.63140460   5.07    128.97651     5.63143   128.97644     5.63157     16.40483     0.03025    35.38993     15.74002     0.06399    16.47346  112  99       0.110354       0.663869 
A, 137  129.18276650    0.91479339   5.81    129.18273     0.91481   129.18271     0.91482     15.26772     0.01201    89.90349     14.43447     0.02066    52.04188  113 100       0.151872       0.234427 
A, 138  129.40766600   49.48344440   6.71    129.40739    49.48337   129.40737    49.48344     17.25428     0.06108    17.28172     16.00401     0.07429    14.11972  114 101       1.013926       1.062439 
A, 139  129.94533300   39.00319440   6.91    129.94530    39.00317   129.94549    39.00311     16.42104     0.03124    34.25809     15.69844     0.06092    17.32706  115 102       0.147999       0.633728 
A, 140  129.98065000    0.26505830   5.84    129.98076     0.26513   129.98011     0.26457     17.60693     0.08664    12.03830     16.92082     0.16961     5.91447  116 103       0.476069       2.625130 
A, 141  130.14626150   56.40561756   5.84    130.14654    56.40568   130.14632    56.40546     16.81725     0.04223    25.21090     16.19386     0.08520    12.25061  117 104       1.042905       0.584529 
A, 142  130.33132310   29.08459657   5.98    130.33148    29.08452   130.33135    29.08446     17.18664     0.06499    16.21004     16.40108     0.11995     8.56058  118 105       0.617090       0.495598 
A, 143  130.62263840   12.31405085   6.07    130.62278    12.31422   130.62269    12.31418     16.33511     0.02917    36.72632     15.74724     0.06699    15.71243  119 106       0.771964       0.508608 
D, 144  131.03587500   -1.53791670   6.18    -99.99900   -99.99900   -99.99900   -99.99900    -99.99900    -9.99000   -99.99900    -99.99900    -9.99000   -99.99900  116 103    7520.666153    7520.139862 
D, 145  131.13166660   -0.88183333   6.25    -99.99900   -99.99900   -99.99900   -99.99900    -99.99900    -9.99000   -99.99900    -99.99900    -9.99000   -99.99900  116 103    5849.416871    5849.685274 
A, 146  131.61600383    8.01436554   5.00    131.61604     8.01444   131.61624     8.01457     16.90376     0.04708    22.56589     16.38646     0.10982     9.39519  120 107       0.309032       1.117031 
A, 147  132.61733330   -5.10191670   5.36    132.61693    -5.10217   132.61710    -5.10256     17.43821     0.07606    13.77991     16.33710     0.10255    10.09495  121 108       1.720618       2.479608 
A, 148  132.70102550   32.77998310   5.87    132.70094    32.77991   132.70115    32.77994     16.70276     0.03863    27.60550     15.96981     0.07747    13.52104  122 109       0.394614       0.462714 
D, 149  133.45350000    1.65305555   6.01    -99.99900   -99.99900   -99.99900   -99.99900    -99.99900    -9.99000   -99.99900    -99.99900    -9.99000   -99.99900  124 103    7106.652672   13466.286992 
A, 150  133.62655121   20.94745469   5.17    133.62657    20.94741   133.62672    20.94753     16.23897     0.02742    39.09560     15.48746     0.05551    19.06517  123 110       0.182746       0.682821 
D, 151  134.41054160    0.93686111   6.35    -99.99900   -99.99900   -99.99900   -99.99900    -99.99900    -9.99000   -99.99900    -99.99900    -9.99000   -99.99900  124 103    3357.139204   16132.151807 
B, 152  134.55629170    0.01586110   5.99    134.55638     0.01580   -99.99900   -99.99900     18.39124     0.16716     6.00784    -99.99900    -9.99000   -99.99900  124 103       0.382004   16498.583407 
D, 153  134.77995830    0.38219444   6.39    -99.99900   -99.99900   -99.99900   -99.99900    -99.99900    -9.99000   -99.99900    -99.99900    -9.99000   -99.99900  124 103    1545.222257   17284.657363 
B, 154  135.38604310   16.25189854   5.63    135.38597    16.25208   -99.99900   -99.99900     17.62264     0.09381    11.08145    -99.99900    -9.99000   -99.99900  125 111       0.688300       2.769021 
A, 155  135.69067056    8.85442286   5.21    135.69076     8.85444   135.69088     8.85431     16.74953     0.04277    24.88763     15.85510     0.07207    14.56963  126 112       0.329530       0.848827 
D, 156  135.72862500    1.91969444   6.01    -99.99900   -99.99900   -99.99900   -99.99900    -99.99900    -9.99000   -99.99900    -99.99900    -9.99000   -99.99900  124 121    8049.037954   20287.271164 
D, 157  135.81116660    2.19119444   5.92    -99.99900   -99.99900   -99.99900   -99.99900    -99.99900    -9.99000   -99.99900    -99.99900    -9.99000   -99.99900  124 121    9040.845589   19658.916157 
A, 158  135.87045680  -13.83368626   5.91    135.87044   -13.83352   135.87057   -13.83354     17.35879     0.06781    15.51580     16.46810     0.11240     9.16778  127 113       0.609676       0.671287 
D, 159  136.43604160    3.01633333   6.27    -99.99900   -99.99900   -99.99900   -99.99900    -99.99900    -9.99000   -99.99900    -99.99900    -9.99000   -99.99900  124 121   12746.424382   16657.143236 
A, 160  136.62812499   69.50855555   5.47    136.62848    69.50857   136.62811    69.50852     16.69904     0.03352    31.89521     15.81711     0.05574    18.98339  128 114       1.285096       0.137588 
D, 161  137.33958330    4.67858330   6.15    -99.99900   -99.99900   -99.99900   -99.99900    -99.99900    -9.99000   -99.99900    -99.99900    -9.99000   -99.99900  137 121   13181.392993   13181.374306 
B, 162  137.55679100   16.94161110   6.72    137.55713    16.94141   -99.99900   -99.99900     17.50367     0.08209    12.73267    -99.99900    -9.99000   -99.99900  129 111       1.438714    8202.424760 
A, 163  137.72720800   -4.23522220   6.63    137.72724    -4.23513   137.72725    -4.23516     16.85793     0.04332    24.56812     15.98976     0.07482    14.01620  130 115       0.359932       0.288011 
D, 164  137.80945830    1.87205555   6.07    -99.99900   -99.99900   -99.99900   -99.99900    -99.99900    -9.99000   -99.99900    -99.99900    -9.99000   -99.99900  134 121   11059.794216   13744.900356 
B, 165  138.31896345   59.32268879   5.12    138.31950    59.32231   -99.99900   -99.99900     17.07698     0.04978    21.31651    -99.99900    -9.99000   -99.99900  131 116       2.377577       2.820820 
A, 166  138.93184201   49.40462411   5.19    138.93172    49.40474   138.93176    49.40466     16.46741     0.03071    34.85417     15.62357     0.05389    19.65022  132 117       0.614514       0.300050 
A, 167  139.49149069   38.51115496   5.11    139.49124    38.51097   139.49109    38.51086     17.58657     0.07818    13.39332     16.85811     0.15583     6.47946  133 118       1.120620       1.802242 
D, 168  139.63820830    1.65647220   6.19    -99.99900   -99.99900   -99.99900   -99.99900    -99.99900    -9.99000   -99.99900    -99.99900    -9.99000   -99.99900  134 121    6063.064191    9814.867768 
B, 169  140.33566670    0.12302780   6.56    140.33538     0.12336   -99.99900   -99.99900     17.38913     0.07334    14.31071    -99.99900    -9.99000   -99.99900  134 121       1.587753   14301.525595 
A, 170  140.57005630   26.89973758   5.05    140.57001    26.89977   140.57004    26.89986     17.03206     0.05221    20.30075     16.60431     0.13194     7.73927  135 119       0.216038       0.439260 
A, 171  140.90326724   30.16377289   5.07    140.90318    30.16405   140.90286    30.16379     17.47992     0.07541    13.90351     16.61605     0.13201     7.73451  136 120       1.046615       1.459437 
A, 172  140.94633330    4.04844440   6.60    140.94645     4.04842   140.94644     4.04844     16.53131     0.03509    30.44391     15.76829     0.06596    15.96511  137 121       0.416722       0.401814 
A, 173  141.84091980   20.02323341   5.77    141.84082    20.02327   141.84112    20.02334     16.90773     0.04907    21.62869     16.57885     0.14170     7.17283  138 122       0.376403       0.838540 
C, 174  143.20733070   12.36828033   5.02    -99.99900   -99.99900   143.20674    12.36828    -99.99900    -9.99000   -99.99900     16.53702     0.12771     8.01130  142 123   23198.981498      2.140905 
A, 175  143.84712500   -2.13177777   5.32    143.84725    -2.13159   143.84738    -2.13180     16.84652     0.04607    23.07300     16.05478     0.08388    12.45079  139 124       0.803798       0.934070 
A, 176  147.23068155   21.10876938   5.17    147.23073    21.10882   147.23080    21.10894     17.11367     0.05833    18.11771     16.47355     0.12344     8.30544  140 125       0.254291       0.743610 
A, 177  149.28198799    6.18320692   5.14    149.28198     6.18326   149.28190     6.18326     16.03368     0.02258    47.59373     15.46446     0.05063    20.95043  141 126       0.201575       0.356049 
A, 178  149.30083333   10.27180555   5.14    149.30093    10.27179   149.30074    10.27175     17.22306     0.06296    16.74835     16.53186     0.12608     8.12096  142 127       0.352640       0.393726 
A, 179  149.36611150    5.31813227   5.18    149.36610     5.31803   149.36595     5.31808     16.87677     0.04675    22.72863     16.41618     0.11467     8.97678  143 128       0.372929       0.615106 
D, 180  149.41829170    0.89266670   6.05    -99.99900   -99.99900   -99.99900   -99.99900    -99.99900    -9.99000   -99.99900    -99.99900    -9.99000   -99.99900  143 128   15932.412694   15932.608793 
A, 181  149.55845095   35.41356330   5.12    149.55780    35.41326   149.55776    35.41334     16.68441     0.03604    29.62454     16.26474     0.09296    11.18656  144 129       2.589477       2.620660 
D, 182  149.78374999    2.45204444   5.07    -99.99900   -99.99900   -99.99900   -99.99900    -99.99900    -9.99000   -99.99900    -99.99900    -9.99000   -99.99900  143 128   10426.521435   10426.788668 
A, 183  150.18239929   21.05740935   5.07    150.18239    21.05739   150.18240    21.05734     16.57370     0.03716    28.71726     15.84644     0.07191    14.60485  145 130       0.075653       0.242286 
D, 184  150.21458333    2.58263333   5.30    -99.99900   -99.99900   -99.99900   -99.99900    -99.99900    -9.99000   -99.99900    -99.99900    -9.99000   -99.99900  143 128   10310.284072   10310.628720 
D, 185  151.00566670    2.65852780   6.41    -99.99900   -99.99900   -99.99900   -99.99900    -99.99900    -9.99000   -99.99900    -99.99900    -9.99000   -99.99900  143 128   11247.405479   11247.856588 
A, 186  151.56087499   -3.17511111   5.55    151.56087    -3.17521   151.56089    -3.17518     16.28699     0.02762    38.81456     15.50152     0.05268    20.11268  146 131       0.346721       0.254372 
A, 187  153.40139162   42.67400058   5.03    153.40145    42.67413   153.40140    42.67428     17.20203     0.05267    20.11885     16.78690     0.13802     7.37686  147 132       0.499474       1.000373 
A, 188  155.50795833    8.02283333   5.36    155.50795     8.02293   155.50777     8.02315     15.95623     0.02295    46.81018     14.89288     0.03226    33.15926  148 133       0.339642       1.338233 
A, 189  155.54186210   22.87373501   5.47    155.54180    22.87366   155.54182    22.87367     15.80153     0.01789    60.17870     14.83176     0.02842    37.70245  149 134       0.336956       0.263826 
A, 190  156.59845266   25.71651275   5.25    156.59837    25.71650   156.59842    25.71640     16.68867     0.03853    27.67922     15.70943     0.06185    17.05908  150 135       0.304231       0.420348 
A, 191  157.13939876    7.77193216   5.15    157.13936     7.77198   157.13949     7.77207     16.87819     0.04771    22.26133     16.18128     0.10108    10.24957  151 136       0.212086       0.605723 
A, 192  157.61295850    5.41529456   6.31    157.61280     5.41522   157.61289     5.41524     16.51288     0.03562    29.98084     15.73409     0.06702    15.70625  152 137       0.607966       0.309270 
A, 193  157.90703640   -2.65990731   5.88    157.90701    -2.66002   157.90706    -2.66020     16.94969     0.04854    21.87066     16.21362     0.09750    10.64326  153 138       0.419000       1.064431 
D, 194  158.55970833   57.37436111   5.40    -99.99900   -99.99900   -99.99900   -99.99900    -99.99900    -9.99000   -99.99900    -99.99900    -9.99000   -99.99900  162 147   14945.766588   14945.540020 
A, 195  158.57770505   20.55005942   5.01    158.57768    20.55001   158.57767    20.55005     15.82533     0.01924    55.93776     15.13325     0.03871    27.54901  154 139       0.210375       0.144987 
A, 196  158.69380000  -14.42110000   6.07    158.69375   -14.42108   158.69379   -14.42095     15.94703     0.02139    50.26518     15.18568     0.04024    26.48361  155 140       0.199933       0.527550 
A, 197  159.22579100   -2.54387343   6.38    159.22571    -2.54393   159.22573    -2.54383     16.83027     0.04580    23.21030     15.71245     0.06371    16.54634  156 141       0.349622       0.268168 
D, 198  160.20250000  -11.93061111   5.44    -99.99900   -99.99900   -99.99900   -99.99900    -99.99900    -9.99000   -99.99900    -99.99900    -9.99000   -99.99900  155 140   10482.614119   10482.133256 
A, 199  160.89663741   10.17627122   5.08    160.89657    10.17619   160.89664    10.17643     17.84611     0.11289     9.12659     16.77644     0.16704     6.01266  157 142       0.364144       0.564328 
A, 200  161.13767000   -1.41727770   5.78    161.13765    -1.41728   161.13755    -1.41713     16.21855     0.02611    41.07859     15.59562     0.05626    18.80215  158 143       0.086502       0.676390 
A, 201  162.08291670   -1.16116944   6.63    162.08281    -1.16121   162.08263    -1.16128     15.67913     0.01715    62.82586     15.52527     0.05388    19.65570  159 144       0.404050       1.094295 
A, 202  162.15304100   33.66323880   5.61    162.15298    33.66328   162.15310    33.66325     17.30774     0.06094    17.32221     16.56250     0.11792     8.71610  160 145       0.266327       0.203998 
A, 203  162.18777100   46.62181837   6.23    162.18773    46.62175   162.18765    46.62165     16.25258     0.02456    43.70525     15.72046     0.05542    19.09510  161 146       0.286367       0.738214 
A, 204  162.65194802   58.07352357   5.16    162.65201    58.07355   162.65193    58.07363     16.50201     0.02858    37.49596     15.64786     0.04955    21.41699  162 147       0.245239       0.376275 
A, 205  163.34578703   58.07003623   5.26    163.34579    58.07015   163.34562    58.07008     16.67472     0.03282    32.58559     15.99074     0.06554    16.06997  163 148       0.417322       0.628101 
A, 206  163.52216600   46.62506940   5.47    163.52216    46.62506   163.52203    46.62506     16.70369     0.03510    30.43700     15.94896     0.06483    16.25333  164 149       0.054770       0.505885 
A, 207  163.68929649   16.56038561   5.13    163.68934    16.56052   163.68959    16.56062     16.00557     0.02263    47.47223     15.29842     0.04507    23.59124  165 150       0.511781       1.341633 
A, 208  164.86920000   -9.10566660   5.92    164.86884    -9.10576   164.86886    -9.10572     17.55068     0.07945    13.17164     16.75779     0.14890     6.80314  166 151       1.336068       1.238626 
A, 209  165.39316612    5.52607366   5.00    165.39317     5.52608   165.39307     5.52613     16.58547     0.03861    27.62674     16.14005     0.09473    10.96849  167 152       0.034755       0.388364 
A, 210  166.08995800   21.57466660   6.74    166.08995    21.57473   166.09006    21.57433     17.22531     0.05938    17.78928     16.53164     0.12394     8.26953  168 153       0.224626       1.279786 
B, 211  167.47262710   56.95211429   5.95    167.47266    56.95221   -99.99900   -99.99900     17.85155     0.08651    12.05771    -99.99900    -9.99000   -99.99900  169 148       0.360812   15392.704796 
B, 212  167.64156600  -13.49599950   6.51    167.64193   -13.49635   -99.99900   -99.99900     17.79612     0.10262    10.08795    -99.99900    -9.99000   -99.99900  170 151       1.820572   18693.136472 
A, 213  169.83600000   34.88003000   5.01    169.83592    34.88005   169.83601    34.88010     16.76554     0.03707    28.78819     16.06205     0.07321    14.33521  171 154       0.294713       0.247381 
A, 214  170.00616000    6.69008330   7.08    170.00605     6.68999   170.00626     6.69017     16.93846     0.04972    21.34288     16.47448     0.12740     8.03173  172 155       0.512438       0.475756 
A, 215  170.70851309   13.71012455   5.19    170.70854    13.71001   170.70839    13.70985     17.47330     0.07744    13.52612     16.78579     0.15706     6.42471  173 156       0.422825       1.097545 
A, 216  170.79645833   -0.73851111   5.00    170.79646    -0.73859   170.79644    -0.73830     17.10308     0.05772    18.31520     16.43579     0.11791     8.71746  174 157       0.300849       0.744634 
A, 217  171.31714388   44.81247508   5.11    171.31717    44.81243   171.31722    44.81246     16.08552     0.02075    51.83452     15.41239     0.04157    25.61955  175 158       0.173877       0.266782 
A, 218  171.65820596   17.58293115   5.22    171.65825    17.58292   171.65811    17.58275     16.67074     0.03849    27.71341     15.88630     0.07248    14.48574  176 159       0.172046       0.734949 
A, 219  172.17700110   26.88666537   5.77    172.17693    26.88647   172.17698    26.88641     17.16184     0.05495    19.26454     16.59964     0.12521     8.18083  177 160       0.747024       0.905600 
A, 220  172.24103279   57.98606763   5.00    172.24095    57.98596   172.24084    57.98598     16.52202     0.02962    36.16319     15.96751     0.06553    16.07457  178 161       0.495681       0.743821 
A, 221  173.19375000   12.15047222   5.17    173.19376    12.15049   173.19381    12.15033     16.02836     0.02232    48.14551     15.25739     0.04360    24.40541  179 162       0.066864       0.537331 
A, 222  173.28658333   16.06547222   5.61    173.28641    16.06602   173.28632    16.06589     16.32412     0.02782    38.52242     15.63418     0.05735    18.43658  180 163       2.056595       1.790974 
A, 223  173.55929166    8.48147222   5.69    173.55940     8.48151   173.55936     8.48156     16.38104     0.03254    32.86612     15.12940     0.04027    26.46316  181 164       0.416334       0.408247 
A, 224  173.78720800   50.19249990   6.58    173.78716    50.19254   173.78740    50.19237     17.23232     0.05151    20.58198     16.45879     0.09614    10.80095  182 165       0.218526       0.827273 
A, 225  174.32386780   35.83245858   6.03    174.32384    35.83241   174.32367    35.83239     16.43344     0.02801    38.26317     15.72540     0.05677    18.63110  183 166       0.195475       0.753470 
A, 226  174.79204070  -12.28454921   5.81    174.79200   -12.28468   174.79186   -12.28479     17.12723     0.05632    18.78195     16.55926     0.13482     7.56386  184 167       0.476842       1.100451 
A, 227  175.40918430  -20.26545798   5.69    175.40875   -20.26542   175.40933   -20.26532     16.78023     0.04256    25.01168     15.86490     0.07300    14.37790  185 168       1.560223       0.711692 
A, 228  175.90977970   38.14133978   5.80    175.90981    38.14128   175.90970    38.14134     16.87751     0.03997    26.66527     16.13555     0.07743    13.52811  186 169       0.228888       0.286543 
A, 229  176.63608330   -1.91063890   6.16    176.63585    -1.91114   176.63590    -1.91118     17.07056     0.05718    18.49121     16.60126     0.13886     7.32968  187 170       1.987487       2.054119 
D, 230  176.70175000    1.40558330   6.27    -99.99900   -99.99900   -99.99900   -99.99900    -99.99900    -9.99000   -99.99900    -99.99900    -9.99000   -99.99900  194 172    2284.752425    9262.398861 
A, 231  176.74080000   40.61907000   5.01    176.74085    40.61908   176.74091    40.61906     15.89371     0.01769    60.87714     15.17533     0.03353    31.88747  188 171       0.182399       0.403116 
D, 232  176.74537500   -0.09380560   6.30    -99.99900   -99.99900   -99.99900   -99.99900    -99.99900    -9.99000   -99.99900    -99.99900    -9.99000   -99.99900  189 172    3861.816007    3862.314619 
A, 233  176.77670833   -1.16616666   5.31    176.77680    -1.16607   176.77670    -1.16621     16.48623     0.03450    30.96970     15.79293     0.06904    15.23220  189 172       0.461997       0.171879 
A, 234  177.01370370    7.03563490   6.34    177.01363     7.03552   177.01358     7.03526     16.55589     0.03586    29.78318     15.68527     0.06183    17.06547  190 173       0.480614       1.428833 
B, 235  177.06754000   52.89425000   5.70    177.06777    52.89443   -99.99900   -99.99900     18.36175     0.13249     7.70507    -99.99900    -9.99000   -99.99900  191 174       1.056692     109.253217 
A, 236  177.06937570   52.86399858   6.42    177.06928    52.86397   177.06935    52.86396     16.06274     0.01943    55.38361     15.42764     0.03946    27.01714  192 174       0.355122       0.170389 
A, 237  177.10902530   30.33869677   5.13    177.10909    30.33871   177.10924    30.33877     16.92097     0.04381    24.28454     16.35283     0.09859    10.52027  193 175       0.222280       0.814801 
B, 238  177.13825000    0.94507220   5.84    177.13824     0.94486   -99.99900   -99.99900     18.22254     0.15242     6.63524    -99.99900    -9.99000   -99.99900  194 172       0.754776    7711.269170 
A, 239  177.44354166    7.81405555   5.66    177.44344     7.81399   177.44339     7.81395     17.34872     0.07250    14.48062     16.19073     0.09722    10.67505  195 176       0.428004       0.664981 
D, 240  178.08863000    0.92685833   6.37    -99.99900   -99.99900   -99.99900   -99.99900    -99.99900    -9.99000   -99.99900    -99.99900    -9.99000   -99.99900  194 172    3422.025381    8892.884085 
A, 241  178.55941340  -12.18818926   5.83    178.55948   -12.18814   178.55963   -12.18791     17.42933     0.07308    14.36213     16.62944     0.14278     7.11516  196 177       0.277898       1.260796 
A, 242  178.58299441   23.56590841   5.01    178.58302    23.56590   178.58305    23.56589     16.81010     0.03933    27.10639     15.92781     0.06993    15.03240  197 178       0.111355       0.221205 
A, 243  178.60305991   13.69605218   5.00    178.60310    13.69601   178.60307    13.69627     16.76010     0.04190    25.41804     16.10022     0.08755    11.90841  198 179       0.221683       0.793190 
A, 244  179.45160964    6.61998161   5.14    179.45151     6.62006   179.45154     6.62004     16.97297     0.05187    20.43479     16.41071     0.11784     8.72267  199 180       0.471608       0.323220 
D, 245  180.26258330    1.56566667   6.06    -99.99900   -99.99900   -99.99900   -99.99900    -99.99900    -9.99000   -99.99900    -99.99900    -9.99000   -99.99900  202 183    6726.304299    6727.573347 
A, 246  180.53242178   32.59410995   5.26    180.53243    32.59403   180.53244    32.59408     15.98508     0.01957    54.96760     15.26325     0.03769    28.30952  200 181       0.306505       0.122750 
D, 247  180.69320830   -0.95047222   5.93    -99.99900   -99.99900   -99.99900   -99.99900    -99.99900    -9.99000   -99.99900    -99.99900    -9.99000   -99.99900  201 182    2730.532462    2729.158805 
A, 248  181.17389474   -0.36378588   5.09    181.17382    -0.36370   181.17350    -0.36393     16.18402     0.02651    40.45644     15.29066     0.04655    22.82870  201 182       0.421688       1.509950 
A, 249  181.27124170   -0.00776944   6.75    181.27052    -0.00756   181.27112    -0.00760     17.45337     0.07611    13.77102     16.78137     0.16472     6.10401  202 183       2.709987       0.762173 
A, 250  181.90599880    6.50284332   6.04    181.90609     6.50269   181.90627     6.50286     17.14512     0.06093    17.32400     16.39494     0.12002     8.55577  203 184       0.659835       0.992928 
D, 251  181.97558330   -0.09813889   6.01    -99.99900   -99.99900   -99.99900   -99.99900    -99.99900    -9.99000   -99.99900    -99.99900    -9.99000   -99.99900  204 183    1078.050814    2556.934693 
B, 252  182.09924999    0.17436111   5.27    182.09955     0.17445   -99.99900   -99.99900     17.91141     0.11635     8.84039    -99.99900    -9.99000   -99.99900  204 183       1.143802    3052.390474 
A, 253  182.21944502   21.17610232   5.06    182.21943    21.17616   182.21943    21.17620     16.07322     0.02197    48.92593     15.42558     0.04584    23.19094  205 185       0.204614       0.344746 
B, 254  182.24679167   -2.00966667   6.20    182.24695    -2.00985   -99.99900   -99.99900     18.15946     0.13795     7.38116    -99.99900    -9.99000   -99.99900  206 182       0.869911    7073.257244 
B, 255  182.34995830   -0.11291670   5.86    182.34964    -0.11352   -99.99900   -99.99900     17.43582     0.07550    13.88727    -99.99900    -9.99000   -99.99900  207 183       2.472253    3902.287060 
A, 256  182.46970927   18.52978084   5.15    182.46973    18.52966   182.46978    18.52963     16.28260     0.02728    39.30269     15.68744     0.05916    17.85701  208 186       0.426798       0.621399 
A, 257  183.11242083    5.09263611   6.44    183.11237     5.09257   183.11240     5.09252     16.96398     0.04960    21.39207     16.42154     0.12197     8.41119  209 187       0.280150       0.423016 
A, 258  183.29919000  -12.76762400   5.86    183.29920   -12.76756   183.29919   -12.76756     16.26430     0.02880    37.20678     15.86220     0.07548    13.89114  210 188       0.234520       0.235887 
D, 259  183.82029860    0.39018341   5.93    -99.99900   -99.99900   -99.99900   -99.99900    -99.99900    -9.99000   -99.99900    -99.99900    -9.99000   -99.99900  212 190    4503.606209    4502.097193 
A, 260  184.11491600   45.31963880   6.65    184.11479    45.31980   184.11486    45.31965     17.32975     0.05579    18.96687     16.47146     0.09697    10.70436  211 189       0.756274       0.211855 
A, 261  184.33893340    1.52846356   6.20    184.33887     1.52864   184.33867     1.52827     17.83624     0.10697     9.65788     16.73336     0.15596     6.47373  212 190       0.679471       1.178865 
A, 262  184.54662400   18.13070550   5.30    184.54671    18.13086   184.54655    18.13054     17.19017     0.05901    17.90461     16.37093     0.10637     9.71575  213 191       0.621109       0.660651 
D, 263  184.77225000    0.84375000   6.01    -99.99900   -99.99900   -99.99900   -99.99900    -99.99900    -9.99000   -99.99900    -99.99900    -9.99000   -99.99900  212 190    2917.763528    2917.043431 
A, 264  185.44341967   44.75779109   5.19    185.44344    44.75775   185.44351    44.75776     16.36252     0.02457    43.69759     15.55242     0.04456    23.86895  214 192       0.157124       0.356112 
A, 265  185.65818188   19.97859073   5.13    185.65819    19.97861   185.65831    19.97847     16.37259     0.02893    37.02943     15.81774     0.06599    15.95736  215 193       0.081479       0.628795 
B, 266  187.10479000   -2.56090331   5.77    187.10459    -2.56139   -99.99900   -99.99900     18.31584     0.16200     6.21445    -99.99900    -9.99000   -99.99900  216 190       1.912074   17772.781705 
D, 267  187.30503360    4.32437446   5.89    -99.99900   -99.99900   -99.99900   -99.99900    -99.99900    -9.99000   -99.99900    -99.99900    -9.99000   -99.99900  217 194    8354.796909    8355.005137 
A, 268  188.38947332    6.37616502   5.30    188.38948     6.37620   188.38955     6.37623     16.45157     0.03663    29.14403     15.40649     0.05337    19.84849  217 194       0.118751       0.352681 
A, 269  189.02520800   46.95698050   5.55    189.02524    46.95690   189.02524    46.95684     16.50653     0.02835    37.80280     15.53868     0.04438    23.96834  218 195       0.321144       0.535830 
D, 270  189.19983333   62.16155555   5.19    -99.99900   -99.99900   -99.99900   -99.99900    -99.99900    -9.99000   -99.99900    -99.99900    -9.99000   -99.99900  223 200   19965.090572   19963.567167 
A, 271  190.69966293   52.21853315   5.04    190.69967    52.21852   190.69955    52.21853     16.42167     0.02457    43.68998     15.79959     0.05131    20.66410  219 196       0.044312       0.394922 
A, 272  190.92005410   25.48996970   5.83    190.92011    25.49001   190.92015    25.48987     16.46689     0.03000    35.69182     15.49759     0.04840    21.93715  220 197       0.266981       0.488403 
A, 273  192.71636150   31.50608276   6.15    192.71635    31.50631   192.71625    31.50622     16.39806     0.02758    38.86411     15.38704     0.04258    25.00236  221 198       0.812467       0.634785 
B, 274  194.12903260   25.54762379   5.91    194.12918    25.54764   -99.99900   -99.99900     16.99799     0.04614    23.03608    -99.99900    -9.99000   -99.99900  222 199       0.549944       2.841304 
A, 275  194.48948070   63.82698942   6.02    194.48974    63.82691   194.48933    63.82680     16.94404     0.03584    29.79689     16.37124     0.07928    13.20184  223 200       0.984458       0.855074 
A, 276  196.53447010    3.94065562   6.02    196.53449     3.94062   196.53445     3.94053     16.96199     0.05138    20.63467     16.22604     0.09867    10.51084  224 201       0.158564       0.445403 
B, 277  197.71980130   25.53518849   5.84    197.71998    25.53470   -99.99900   -99.99900     17.37737     0.06182    17.06867    -99.99900    -9.99000   -99.99900  225 199       1.874073   12929.650444 
A, 278  198.66837400   54.54366940   5.52    198.66837    54.54369   198.66833    54.54367     16.58615     0.02768    38.72843     15.68157     0.04573    23.24555  226 202       0.083832       0.164936 
A, 279  199.03391600   10.47577770   6.35    199.03393    10.47583   199.03378    10.47577     16.54275     0.03337    32.04190     15.73520     0.06132    17.21146  227 203       0.188207       0.496440 
A, 280  199.33658333   -2.65361111   5.25    199.33649    -2.65351   199.33646    -2.65311     17.37360     0.07157    14.67556     16.55191     0.12859     7.95355  228 204       0.507887       1.857105 
A, 281  199.79708500    9.84764345   6.13    199.79695     9.84762   199.79682     9.84783     16.90483     0.04200    25.35546     16.25093     0.08850    11.77544  229 205       0.478716       1.163530 
A, 282  201.92217620   57.54399285   5.74    201.92219    57.54385   201.92224    57.54397     17.27737     0.04655    22.82755     16.29411     0.07337    14.30394  230 206       0.533201       0.232386 
A, 283  203.23937490   22.14330830   5.11    203.23938    22.14327   203.23939    22.14334     15.59996     0.01435    75.14458     14.93740     0.02871    37.31302  231 207       0.126448       0.132925 
A, 284  203.55234824   12.33908622   5.12    203.55251    12.33916   203.55248    12.33907     16.55748     0.03314    32.26651     15.72680     0.06040    17.47960  232 208       0.647650       0.470563 
A, 285  203.96171270   35.55439429   5.90    203.96173    35.55442   203.96153    35.55417     16.70806     0.03270    32.70558     15.91870     0.06036    17.49372  233 209       0.104244       1.032223 
A, 286  203.98433333   -3.47727777   5.67    203.98432    -3.47729   203.98419    -3.47733     15.63390     0.01678    64.20934     14.84188     0.02925    36.61543  234 210       0.077485       0.545274 
A, 287  204.37004203   41.92773724   5.03    204.37016    41.92786   204.37031    41.92768     16.65671     0.03063    34.94527     15.97810     0.06226    16.94460  235 211       0.609658       0.999979 
A, 288  205.06263381   39.44185963   5.03    205.06284    39.44190   205.06309    39.44203     16.25074     0.02254    47.66795     15.56118     0.04407    24.14110  236 212       0.768817       1.748853 
A, 289  205.16766666   28.22448888   5.34    205.16765    28.22446   205.16763    28.22446     16.07763     0.02000    53.79387     15.10290     0.03097    34.55779  237 213       0.134028       0.166632 
A, 290  205.42274999   46.18619444   5.02    205.42271    46.18620   205.42294    46.18629     17.03017     0.04485    23.71255     16.54445     0.10640     9.71267  238 214       0.159753       0.756124 
A, 291  205.47508160   35.16825393   5.23    205.47506    35.16822   205.47506    35.16814     16.37523     0.02549    42.10167     15.57179     0.04577    23.22428  239 215       0.147508       0.410589 
A, 292  205.53375000    9.47738888   7.54    205.53367     9.47720   205.53315     9.47735     17.62467     0.07968    13.13304     16.97855     0.16972     5.91038  240 216       0.738011       2.166911 
A, 293  206.36092677   23.49704816   5.06    206.36090    23.49707   206.36091    23.49703     15.65416     0.01473    73.22855     15.08611     0.03141    34.06919  241 217       0.143625       0.091225 
A, 294  209.20585600  -26.70839700   5.72    209.20569   -26.70840   209.20529   -26.70812     16.62432     0.03828    27.86398     15.54284     0.05623    18.81382  242 218       0.580782       2.287083 
B, 295  209.44724999   53.09513888   5.32    209.44704    53.09485   -99.99900   -99.99900     17.68455     0.07108    14.77924    -99.99900    -9.99000   -99.99900  243 219       1.269237       3.234071 
D, 296  210.11995830   -0.19763890   6.04    -99.99900   -99.99900   -99.99900   -99.99900    -99.99900    -9.99000   -99.99900    -99.99900    -9.99000   -99.99900  234 210   25045.814357   25046.277424 
D, 297  210.12495830   -1.42250000   6.04    -99.99900   -99.99900   -99.99900   -99.99900    -99.99900    -9.99000   -99.99900    -99.99900    -9.99000   -99.99900  234 210   23311.120899   23311.590675 
A, 298  210.44723420   27.82639831   6.14    210.44719    27.82664   210.44699    27.82594     17.53297     0.06955    15.11643     16.95691     0.15647     6.45099  244 220       0.871134       1.869154 
D, 299  210.45816670   51.71952780   5.17    -99.99900   -99.99900   -99.99900   -99.99900    -99.99900    -9.99000   -99.99900    -99.99900    -9.99000   -99.99900  243 219    6145.241153    6148.531340 
A, 300  210.72777200   40.40088527   6.04    210.72766    40.40102   210.72786    40.40092     17.92360     0.09203    11.30458     16.93541     0.14429     7.03584  245 221       0.643677       0.342822 
A, 301  210.82970350    9.04749814   5.88    210.82974     9.04752   210.82988     9.04734     17.23557     0.05786    18.27016     16.71017     0.13420     7.60061  246 222       0.149520       0.871946 
B, 302  210.87222000  -12.00948200   5.84    210.87253   -12.00956   -99.99900   -99.99900     18.03992     0.13046     7.83257    -99.99900    -9.99000   -99.99900  247 227       1.151602   11579.769620 
D, 303  211.62133330   -1.26977780   6.33    -99.99900   -99.99900   -99.99900   -99.99900    -99.99900    -9.99000   -99.99900    -99.99900    -9.99000   -99.99900  234 210   28618.789345   28619.258740 
D, 304  211.69533330   -1.73405560   6.10    -99.99900   -99.99900   -99.99900   -99.99900    -99.99900    -9.99000   -99.99900    -99.99900    -9.99000   -99.99900  234 210   28460.194851   28460.662312 
A, 305  212.09549999   53.00580555   5.07    212.09533    53.00590   212.09547    53.00588     17.87796     0.08028    13.03037     16.95744     0.13351     7.64237  248 223       0.712117       0.286057 
B, 306  212.29743370  -15.98657168   5.83    212.29721   -15.98631   -99.99900   -99.99900     17.88502     0.11630     8.84418    -99.99900    -9.99000   -99.99900  249 228       1.222995   10275.955464 
A, 307  212.79703330   12.29368966   5.90    212.79703    12.29375   212.79705    12.29367     16.45378     0.02967    36.09800     15.45845     0.04601    23.10211  250 224       0.200503       0.092458 
A, 308  213.36299000  -22.56173700   5.92    213.36313   -22.56176   213.36302   -22.56183     16.70332     0.04116    25.88419     15.79254     0.06893    15.25594  251 225       0.527741       0.353774 
B, 309  213.51816666   51.25994444   5.24    213.51795    51.25970   -99.99900   -99.99900     18.00609     0.08254    12.66029    -99.99900    -9.99000   -99.99900  252 223       1.158544    8107.875337 
A, 310  213.63154166   57.54280555   5.16    213.63138    57.54295   213.63141    57.54304     18.04164     0.08737    11.93333     17.16696     0.14821     6.83725  253 226       0.777583       0.959900 
D, 311  213.66475000    1.51013888   5.94    -99.99900   -99.99900   -99.99900   -99.99900    -99.99900    -9.99000   -99.99900    -99.99900    -9.99000   -99.99900  246 222   28990.499198   28989.683453 
D, 312  213.69508333   54.77550000   5.42    -99.99900   -99.99900   -99.99900   -99.99900    -99.99900    -9.99000   -99.99900    -99.99900    -9.99000   -99.99900  248 223    8587.870573    8587.570704 
A, 313  213.73292250  -13.48035431   5.78    213.73317   -13.47986   213.73268   -13.48063     17.63692     0.09349    11.12103     16.80059     0.16830     5.96424  254 227       1.987433       1.313874 
D, 314  214.05295833    0.26283333   6.03    -99.99900   -99.99900   -99.99900   -99.99900    -99.99900    -9.99000   -99.99900    -99.99900    -9.99000   -99.99900  263 236   30936.337292   30936.292921 
D, 315  214.22087500    1.78394440   6.07    -99.99900   -99.99900   -99.99900   -99.99900    -99.99900    -9.99000   -99.99900    -99.99900    -9.99000   -99.99900  246 222   28858.305192   28857.471892 
D, 316  214.36945833    1.28677778   6.02    -99.99900   -99.99900   -99.99900   -99.99900    -99.99900    -9.99000   -99.99900    -99.99900    -9.99000   -99.99900  246 222   30707.556698   30706.725170 
D, 317  214.98537499   55.88783333   5.00    -99.99900   -99.99900   -99.99900   -99.99900    -99.99900    -9.99000   -99.99900    -99.99900    -9.99000   -99.99900  253 226    7698.202490    7698.383412 
A, 318  215.15143000  -16.04173500   5.73    215.15141   -16.04187   215.15133   -16.04185     15.65511     0.01769    60.88060     14.90102     0.03245    32.96491  255 228       0.492294       0.535951 
D, 319  215.50095830    0.18416670   5.89    -99.99900   -99.99900   -99.99900   -99.99900    -99.99900    -9.99000   -99.99900    -99.99900    -9.99000   -99.99900  263 236   28698.050005   28697.933345 
A, 320  215.85800711   13.05019556   5.02    215.85805    13.05020   215.85814    13.05016     16.10405     0.02158    49.80747     15.55326     0.04854    21.87373  256 229       0.164820       0.506641 
D, 321  215.88212500   -0.30252778   6.13    -99.99900   -99.99900   -99.99900   -99.99900    -99.99900    -9.99000   -99.99900    -99.99900    -9.99000   -99.99900  263 236   26623.637229   26623.507532 
C, 322  216.31805050   32.90265034   5.89    -99.99900   -99.99900   216.31846    32.90276    -99.99900    -9.99000   -99.99900     16.35106     0.08231    12.69688  257 230       2.863661      1.528151 
D, 323  216.32383333   -0.26136111   6.18    -99.99900   -99.99900   -99.99900   -99.99900    -99.99900    -9.99000   -99.99900    -99.99900    -9.99000   -99.99900  263 236   26374.986729   26374.830764 
A, 324  216.87370833   35.36916111   5.53    216.87384    35.36922   216.87357    35.36931     17.40890     0.05790    18.25600     16.53033     0.09892    10.48385  258 231       0.513157       0.737918 
A, 325  216.91079000   33.21166600   6.12    216.91055    33.21163   216.91092    33.21162     16.67918     0.03103    34.48740     15.82946     0.05438    19.47136  259 232       0.878681       0.500277 
A, 326  217.08913280  -16.04536083   6.11    217.08922   -16.04515   217.08934   -16.04506     16.42164     0.03303    32.37260     15.76649     0.06932    15.16856  260 233       0.810501       1.324816 
D, 327  217.26283333   -1.07872222   6.80    -99.99900   -99.99900   -99.99900   -99.99900    -99.99900    -9.99000   -99.99900    -99.99900    -9.99000   -99.99900  263 236   22921.979192   22921.773616 
D, 328  217.29258333   -0.03538889   6.04    -99.99900   -99.99900   -99.99900   -99.99900    -99.99900    -9.99000   -99.99900    -99.99900    -9.99000   -99.99900  263 236   26651.547661   26651.334425 
A, 329  217.40820833   33.07116666   5.39    217.40862    33.07126   217.40883    33.07088     17.88654     0.08651    12.05641     16.85114     0.12910     7.91969  261 234       1.531799       2.465205 
A, 330  217.46737000   54.78824900   6.18    217.46723    54.78782   217.46724    54.78772     17.34565     0.04666    22.77291     16.84924     0.11034     9.34868  262 235       1.619390       1.956241 
A, 331  217.91853330   -7.41207447   6.14    217.91852    -7.41209   217.91863    -7.41202     17.24893     0.06514    16.17324     16.38502     0.11147     9.24870  263 236       0.065268       0.401057 
A, 332  219.02084569   21.54423663   5.22    219.02088    21.54431   219.02088    21.54426     16.52183     0.02851    37.58603     15.93707     0.06280    16.79395  264 237       0.285024       0.145823 
A, 333  219.04891570   50.11865442   5.85    219.04879    50.11870   219.04906    50.11862     17.19908     0.04311    24.68633     16.62643     0.09623    10.78987  265 238       0.465859       0.543165 
A, 334  219.46593790   23.38704160   5.30    219.46589    23.38705   219.46592    23.38708     16.04788     0.01948    55.24209     15.04641     0.02944    36.38079  266 239       0.164794       0.155107 
D, 335  219.48558333   51.85419444   5.17    -99.99900   -99.99900   -99.99900   -99.99900    -99.99900    -9.99000   -99.99900    -99.99900    -9.99000   -99.99900  265 238    6442.618511    6442.650201 
D, 336  220.00541666   -1.11727778   6.13    -99.99900   -99.99900   -99.99900   -99.99900    -99.99900    -9.99000   -99.99900    -99.99900    -9.99000   -99.99900  263 236   23874.207223   23873.849022 
A, 337  220.96111436   36.38753780   5.12    220.96112    36.38763   220.96108    36.38763     15.84787     0.01568    68.74548     14.98946     0.02597    41.31495  267 240       0.322545       0.350952 
A, 338  225.15349900   28.26750830   5.55    225.15350    28.26749   225.15346    28.26757     16.40810     0.02459    43.65286     15.62133     0.04430    24.01204  268 241       0.054799       0.256118 
C, 339  227.42408000  -17.82411100   6.12    -99.99900   -99.99900   227.42364   -17.82402    -99.99900    -9.99000   -99.99900     15.97390     0.09174    11.34185  275 242   18699.489748      1.603375 
A, 340  227.64705421   51.81141544   5.06    227.64704    51.81140   227.64702    51.81141     16.24931     0.01875    57.42297     15.62407     0.03828    27.86737  269 243       0.068180       0.131211 
A, 341  228.41516666    8.90180555   5.47    228.41516     8.90189   228.41541     8.90202     17.27827     0.05715    18.50369     16.65377     0.12307     8.33131  270 244       0.299975       1.173669 
A, 342  228.68711630   21.23882642   5.92    228.68713    21.23925   228.68758    21.23931     17.14854     0.05125    20.68863     16.33346     0.08814    11.82544  271 245       1.518900       2.407931 
A, 343  230.76208330   59.27584440   5.11    230.76238    59.27587   230.76209    59.27633     16.34637     0.02171    49.51096     15.36108     0.02956    36.23140  272 246       1.070342       1.757869 
A, 344  230.94041905   33.79995642   5.33    230.94044    33.79997   230.94033    33.79997     16.80009     0.03201    33.41929     15.74366     0.04614    23.03459  273 247       0.093773       0.338977 
A, 345  231.01708333    8.27758333   5.08    231.01717     8.27771   231.01711     8.27764     17.42042     0.06723    15.65496     16.53532     0.11416     9.01920  274 248       0.541268       0.217983 
A, 346  231.65767083  -20.83351667   6.59    231.65768   -20.83366   231.65782   -20.83363     16.92877     0.05439    19.46704     16.28100     0.11114     9.27747  275 249       0.528860       0.676418 
A, 347  231.80358333    6.68941666   5.57    231.80356     6.68944   231.80345     6.68952     16.84713     0.04084    26.08702     16.21658     0.08688    12.00298  276 250       0.108128       0.592784 
A, 348  233.74898973   13.45039414   5.04    233.74904    13.45041   233.74907    13.45045     16.03975     0.02006    53.63675     15.30713     0.03770    28.30087  277 251       0.170168       0.335663 
A, 349  233.88695800   19.72225000   6.40    233.88697    19.72224   233.88699    19.72220     15.88409     0.01756    61.32193     15.18075     0.03389    31.53788  278 252       0.059794       0.209626 
A, 350  235.94506680   17.00790591   5.82    235.94515    17.00805   235.94519    17.00803     16.94659     0.04295    24.78153     16.38275     0.09644    10.76564  279 253       0.605835       0.644467 
D, 351  236.27341670   42.53655560   6.50    -99.99900   -99.99900   -99.99900   -99.99900    -99.99900    -9.99000   -99.99900    -99.99900    -9.99000   -99.99900  285 257   16026.660744   16026.658573 
B, 352  236.29124150   16.60886345   5.82    236.29098    16.60839   -99.99900   -99.99900     16.96348     0.04717    22.52236    -99.99900    -9.99000   -99.99900  280 253       1.950120    1901.829182 
A, 353  236.46704100   60.47332022   5.78    236.46704    60.47336   236.46716    60.47344     16.01430     0.01432    75.31624     15.15213     0.02331    46.08022  281 254       0.128552       0.587062 
D, 354  237.50387500   43.30077780   5.84    -99.99900   -99.99900   -99.99900   -99.99900    -99.99900    -9.99000   -99.99900    -99.99900    -9.99000   -99.99900  285 257   11971.645202   11971.626311 
B, 355  238.85103350   -6.89766289   5.81    238.85095    -6.89761   -99.99900   -99.99900     17.48071     0.07888    13.26963    -99.99900    -9.99000   -99.99900  282 255       0.345399    3594.840241 
A, 356  239.71246090   -7.40266413   6.11    239.71253    -7.40273   239.71250    -7.40266     16.27211     0.02922    36.65442     15.36976     0.04901    21.65709  283 255       0.350007       0.125886 
D, 357  239.78787500   22.20484167   6.07    -99.99900   -99.99900   -99.99900   -99.99900    -99.99900    -9.99000   -99.99900    -99.99900    -9.99000   -99.99900  291 263   14739.736744   14739.250724 
A, 358  240.29649990  -18.47641110   5.06    240.29666   -18.47635   240.29657   -18.47639     15.60596     0.01908    56.40509     15.07184     0.04196    25.37859  284 256       0.620247       0.273215 
A, 359  240.72490880   42.47359515   6.09    240.72482    42.47364   240.72482    42.47366     16.03547     0.01650    65.29485     15.25450     0.02935    36.49933  285 257       0.345008       0.382136 
D, 360  240.95445830   55.17563889   6.04    -99.99900   -99.99900   -99.99900   -99.99900    -99.99900    -9.99000   -99.99900    -99.99900    -9.99000   -99.99900  293 264   19392.609856   19392.656391 
A, 361  242.40529130   30.69660519   6.14    242.40524    30.69666   242.40491    30.69681     17.64178     0.07079    14.84213     17.04371     0.15188     6.66015  286 258       0.257415       1.566180 
A, 362  242.43971000  -12.98169708   5.83    242.43993   -12.98158   242.43983   -12.98117     16.56898     0.03892    27.40031     16.21917     0.10493     9.85562  287 259       0.916905       1.926461 
A, 363  242.56966544   41.29827146   5.00    242.56966    41.29826   242.56960    41.29810     16.58330     0.02552    42.05017     16.06768     0.05824    18.14608  288 260       0.055620       0.676443 
A, 364  243.60470833   46.67470555   5.31    243.60465    46.67474   243.60465    46.67474     15.81919     0.01359    79.41432     14.97674     0.02263    47.48870  289 261       0.248585       0.242323 
A, 365  243.64733300    1.24577500   5.78    243.64728     1.24580   243.64723     1.24576     16.85956     0.04159    25.60744     16.16289     0.08525    12.24269  290 262       0.193377       0.393807 
A, 366  243.69600000   20.98415833   5.09    243.69603    20.98410   243.69592    20.98420     16.75129     0.03426    31.19062     16.15728     0.07388    14.20196  291 263       0.221848       0.328601 
B, 367  245.06367660   -0.19786005   5.68    245.06368    -0.19740   -99.99900   -99.99900     18.12024     0.12504     8.19265    -99.99900    -9.99000   -99.99900  292 262       1.651898    7280.874513 
A, 368  245.25383000   51.93022000   5.71    245.25392    51.93023   245.25394    51.93024     15.65513     0.01142    94.54095     14.82606     0.01885    57.10777  293 264       0.320464       0.387769 
A, 369  245.81366660   47.09997220   5.13    245.81363    47.09998   245.81363    47.10001     15.55837     0.01122    96.28200     14.86018     0.02035    52.86418  294 265       0.125049       0.193092 
A, 370  245.88256020   31.20014751   6.26    245.88260    31.20012   245.88263    31.20017     16.66117     0.03023    35.42192     15.74321     0.04886    21.72485  295 266       0.183935       0.267027 
A, 371  246.61042035   27.85902656   5.16    246.61044    27.85900   246.61045    27.85904     14.99961     0.00858   126.00805     14.22448     0.01457    74.03608  296 267       0.108602       0.114373 
A, 372  246.62167000   28.98266000   5.04    246.62166    28.98268   246.62167    28.98267     16.62431     0.02939    36.44361     15.97449     0.05897    17.91569  297 268       0.095300       0.047557 
A, 373  247.29706666   24.12770556   6.48    247.29713    24.12791   247.29713    24.12769     16.66432     0.03061    34.96868     15.92293     0.05718    18.49080  298 269       0.776264       0.229940 
A, 374  247.64126390   40.20269293   6.07    247.64130    40.20263   247.64148    40.20267     17.45983     0.05174    20.48650     16.90981     0.11692     8.79547  299 270       0.240949       0.766159 
A, 375  250.34053470   37.92226289   6.05    250.34071    37.92227   250.33990    37.92245     17.90335     0.07521    13.94222     17.25770     0.15326     6.59584  300 271       0.639475       2.389158 
A, 376  252.67608300   16.28930550   5.52    252.67610    16.28928   252.67608    16.28934     16.19711     0.02302    46.65660     15.41756     0.04236    25.13573  301 272       0.105610       0.142747 
A, 377  254.14774990   45.68709720   5.34    254.14781    45.68703   254.14780    45.68703     16.25109     0.01775    60.65520     15.51023     0.03202    33.41469  302 273       0.312846       0.317685 
A, 378  254.75883333   27.15977500   5.31    254.75885    27.15974   254.75880    27.15978     15.90646     0.01692    63.65640     15.05719     0.02837    37.77341  303 274       0.136529       0.107492 
A, 379  254.96262500   32.65795270   5.17    254.96270    32.65794   254.96265    32.65790     16.32047     0.02194    48.97906     15.61331     0.04203    25.33589  304 275       0.287874       0.212180 
A, 380  261.03642916   19.02864444   6.44    261.03645    19.02929   261.03651    19.02861     17.66862     0.07776    13.46932     17.11170     0.17220     5.81847  305 276       2.335628       0.308640 
D, 381  267.00211000   22.78121067   5.95    -99.99900   -99.99900   -99.99900   -99.99900    -99.99900    -9.99000   -99.99900    -99.99900    -9.99000   -99.99900  305 276   25370.664838   25371.808720 
A, 382  268.18375000   50.60918050   5.02    268.18374    50.60920   268.18373    50.60922     15.10054     0.00782   138.37172     14.43273     0.01363    79.16750  306 277       0.069821       0.161848 
A, 383  293.03176500   71.65233549   6.08    293.03164    71.65227   293.03169    71.65226     16.99068     0.03106    34.46178     16.27112     0.05929    17.81557  307 278       0.516933       0.390979 
A, 384  308.04164010  -21.23397495   6.24    308.04160   -21.23391   308.04165   -21.23386     16.49790     0.03737    28.55590     15.59749     0.06263    16.84131  308 279       0.277319       0.421515 
A, 385  308.48297000  -27.64850000   5.80    308.48286   -27.64841   308.48340   -27.64844     16.83066     0.04904    21.64498     15.88293     0.07744    13.52553  309 280       0.503020       1.580719 
B, 386  313.34070000    0.78522220   5.92    313.34067     0.78541   -99.99900   -99.99900     17.61305     0.08389    12.44955    -99.99900    -9.99000   -99.99900  310 281       0.687604    3212.926498 
A, 387  313.52704000   -0.08744440   6.04    313.52702    -0.08729   313.52714    -0.08757     17.17849     0.05763    18.34321     16.48413     0.11902     8.63164  311 281       0.572042       0.567351 
B, 388  315.22758000  -17.25624900   6.09    315.22784   -17.25595   -99.99900   -99.99900     17.43918     0.08807    11.83479    -99.99900    -9.99000   -99.99900  312 282       1.431470   27683.893975 
B, 389  315.58008300  -14.98166660   6.65    315.58018   -14.98200   -99.99900   -99.99900     17.79202     0.11565     8.89727    -99.99900    -9.99000   -99.99900  313 282       1.264109   20548.966107 
B, 390  319.55304160   -0.06408330   5.46    319.55291    -0.06424   -99.99900   -99.99900     17.74169     0.09823    10.56077    -99.99900    -9.99000   -99.99900  314 281       0.742066   21693.411605 
A, 391  319.60403000  -10.93262000   5.90    319.60372   -10.93268   319.60349   -10.93271     16.23783     0.03028    35.35802     15.45560     0.05528    19.14412  315 282       1.122678       1.984100 
A, 392  319.86799999   10.48516666   5.18    319.86797    10.48518   319.86739    10.48477     17.05143     0.04927    21.53982     16.45986     0.10788     9.57239  316 283       0.107363       2.628136 
B, 393  319.96620833   -0.67225000   5.87    319.96608    -0.67214   -99.99900   -99.99900     18.21317     0.14392     7.05501    -99.99900    -9.99000   -99.99900  317 286       0.608707   20648.610199 
A, 394  320.87033000  -24.36040000   5.73    320.87034   -24.36044   320.87015   -24.36047     17.08748     0.05934    17.80120     16.65970     0.15231     6.64016  318 284       0.143283       0.699125 
B, 395  322.79287500  -43.98402780   6.45    322.79303   -43.98429   -99.99900   -99.99900     18.00163     0.11081     9.30707    -99.99900    -9.99000   -99.99900  319 284       1.111875   70983.099447 
A, 396  323.13829583   12.29868333   6.59    323.13836    12.29877   323.13822    12.29877     16.03651     0.02138    50.28677     15.57180     0.05121    20.70676  320 285       0.398203       0.405043 
A, 397  325.66362499   -1.33341666   5.61    325.66357    -1.33331   325.66370    -1.33343     17.06388     0.05340    19.83490     16.13769     0.09244    11.25226  321 286       0.440808       0.266313 
B, 398  326.98087000    1.13202770   5.81    326.98140     1.13210   -99.99900   -99.99900     18.02956     0.12180     8.42338    -99.99900    -9.99000   -99.99900  322 286       1.940850   10062.911107 
B, 399  328.73399660   -9.50762740   5.92    328.73380    -9.50769   -99.99900   -99.99900     17.74104     0.09873    10.50511    -99.99900    -9.99000   -99.99900  323 289       0.748634   21796.024896 
A, 400  330.27762490    3.03547500   5.06    330.27758     3.03546   330.27758     3.03547     15.94335     0.02051    52.43105     15.40735     0.04680    22.70494  324 287       0.174832       0.160755 
D, 401  330.38362500    1.92472222   6.16    -99.99900   -99.99900   -99.99900   -99.99900    -99.99900    -9.99000   -99.99900    -99.99900    -9.99000   -99.99900  324 287    4016.828774    4016.862682 
A, 402  330.61154160   15.16455000   5.07    330.61159    15.16459   330.61168    15.16447     15.63718     0.01521    70.87555     15.14768     0.03483    30.67293  325 288       0.239846       0.556630 
D, 403  330.63833333    1.52230555   5.23    -99.99900   -99.99900   -99.99900   -99.99900    -99.99900    -9.99000   -99.99900    -99.99900    -9.99000   -99.99900  324 287    5600.020974    5600.053457 
D, 404  331.07466670    1.19577778   5.94    -99.99900   -99.99900   -99.99900   -99.99900    -99.99900    -9.99000   -99.99900    -99.99900    -9.99000   -99.99900  324 287    7217.769447    7217.799250 
D, 405  331.64504170    2.02675000   5.10    -99.99900   -99.99900   -99.99900   -99.99900    -99.99900    -9.99000   -99.99900    -99.99900    -9.99000   -99.99900  327 287    4407.602373    6117.308297 
A, 406  331.79216660   -4.28230000   5.53    331.79218    -4.28231   331.79219    -4.28232     15.14503     0.01177    91.78303     14.12299     0.01719    62.64582  326 289       0.070963       0.127842 
D, 407  332.61350000    3.07458330   6.90    -99.99900   -99.99900   -99.99900   -99.99900    -99.99900    -9.99000   -99.99900    -99.99900    -9.99000   -99.99900  327 287    1283.437916    8410.487370 
B, 408  332.65412500    2.72047220   5.20    332.65394     2.72037   -99.99900   -99.99900     17.81210     0.10217    10.13409    -99.99900    -9.99000   -99.99900  327 287       0.748205    8630.381892 
B, 409  332.75250000  -63.34883330   6.88    332.75198   -63.34861   -99.99900   -99.99900     18.20778     0.12214     8.39892    -99.99900    -9.99000   -99.99900  328 300       2.038681   58765.222088 
D, 410  332.80070833  -32.10355556   6.32    -99.99900   -99.99900   -99.99900   -99.99900    -99.99900    -9.99000   -99.99900    -99.99900    -9.99000   -99.99900  318 284   51202.264547   51202.786564 
B, 411  332.92087499    0.18858333   5.23    332.92054     0.18874   -99.99900   -99.99900     18.06451     0.13065     7.82000    -99.99900    -9.99000   -99.99900  329 290       1.316257    3398.080081 
A, 412  333.21454166   -0.70852777   5.42    333.21483    -0.70854   333.21454    -0.70848     17.10833     0.05738    18.42702     16.75472     0.15596     6.47356  330 290       1.042383       0.158681 
D, 413  333.27191666    0.56883333   5.31    -99.99900   -99.99900   -99.99900   -99.99900    -99.99900    -9.99000   -99.99900    -99.99900    -9.99000   -99.99900  329 292    1863.451303    3500.230819 
B, 414  333.83425000   -0.15233333   5.28    333.83435    -0.15259   -99.99900   -99.99900     18.30962     0.16122     6.24692    -99.99900    -9.99000   -99.99900  331 292       0.975989    1864.078679 
A, 415  333.98597890   26.10816837   6.03    333.98529    26.10833   333.98557    26.10819     17.42013     0.06726    15.64689     16.66738     0.12663     8.08405  332 291       2.567795       1.483450 
A, 416  334.18341666    0.23002778   5.01    334.18344     0.22997   334.18330     0.23013     17.06804     0.05463    19.37787     16.47437     0.12092     8.48833  333 292       0.228892       0.559228 
D, 417  334.18529170   -0.28058333   6.10    -99.99900   -99.99900   -99.99900   -99.99900    -99.99900    -9.99000   -99.99900    -99.99900    -9.99000   -99.99900  331 292    1344.813589    1838.588643 
D, 418  334.82175000    1.04691667   6.16    -99.99900   -99.99900   -99.99900   -99.99900    -99.99900    -9.99000   -99.99900    -99.99900    -9.99000   -99.99900  333 292    3732.296053    3732.132548 
A, 419  335.07704000   -1.02969114   5.62    335.07700    -1.02971   335.07719    -1.02965     16.88923     0.04898    21.66951     16.09445     0.08879    11.73430  334 293       0.170588       0.566059 
A, 420  335.78962500    3.43897220   6.05    335.78996     3.43923   335.78932     3.43895     18.29041     0.15114     6.69530     16.95932     0.17987     5.54990  335 294       1.533302       1.094361 
A, 421  336.30991660    3.50347220   5.35    336.30995     3.50346   336.30997     3.50348     16.35536     0.02866    37.38411     15.63562     0.05730    18.45363  336 295       0.135687       0.206501 
A, 422  336.55170830   -6.30202490   5.08    336.55173    -6.30201   336.55166    -6.30197     15.70823     0.01811    59.44894     15.03698     0.03706    28.79838  337 296       0.081450       0.270095 
D, 423  337.11595830    1.46930556   6.01    -99.99900   -99.99900   -99.99900   -99.99900    -99.99900    -9.99000   -99.99900    -99.99900    -9.99000   -99.99900  336 295    7876.878602    7876.908352 
D, 424  337.18141000    1.17561110   5.95    -99.99900   -99.99900   -99.99900   -99.99900    -99.99900    -9.99000   -99.99900    -99.99900    -9.99000   -99.99900  336 295    8948.248865    8948.280340 
A, 425  337.18812499   -7.96538333   5.14    337.18804    -7.96533   337.18786    -7.96525     16.35976     0.03201    33.42007     15.61784     0.06189    17.04634  338 297       0.350268       1.052457 
D, 426  337.19879166    1.87791667   6.08    -99.99900   -99.99900   -99.99900   -99.99900    -99.99900    -9.99000   -99.99900    -99.99900    -9.99000   -99.99900  336 295    6669.658329    6669.676698 
D, 427  337.25687000   14.95249900   6.15    -99.99900   -99.99900   -99.99900   -99.99900    -99.99900    -9.99000   -99.99900    -99.99900    -9.99000   -99.99900  325 288   23935.179114   23934.866292 
D, 428  337.95370830   -0.59652780   5.87    -99.99900   -99.99900   -99.99900   -99.99900    -99.99900    -9.99000   -99.99900    -99.99900    -9.99000   -99.99900  340 293    6341.604708   10472.191313 
D, 429  338.05012500    0.21066667   6.18    -99.99900   -99.99900   -99.99900   -99.99900    -99.99900    -9.99000   -99.99900    -99.99900    -9.99000   -99.99900  341 293    6322.534923   11596.647648 
A, 430  338.22977070   29.50897599   6.67    338.22961    29.50901   338.22908    29.50879     17.49890     0.06845    15.36802     17.07643     0.17285     5.79476  339 298       0.587688       2.555932 
D, 431  338.36516660   -1.11788880   5.11    -99.99900   -99.99900   -99.99900   -99.99900    -99.99900    -9.99000   -99.99900    -99.99900    -9.99000   -99.99900  340 293    5401.831040   11840.973389 
D, 432  339.18575000    0.54913889   6.40    -99.99900   -99.99900   -99.99900   -99.99900    -99.99900    -9.99000   -99.99900    -99.99900    -9.99000   -99.99900  341 295    2149.749123   14842.403085 
B, 433  339.70916660   -0.45050000   5.17    339.70923    -0.45078   -99.99900   -99.99900     18.06537     0.13324     7.65898    -99.99900    -9.99000   -99.99900  340 293       1.036367   16804.948278 
B, 434  339.78149990    0.50627770   5.09    339.78135     0.50613   -99.99900   -99.99900     17.86085     0.11109     9.28164    -99.99900    -9.99000   -99.99900  341 295       0.741411   16510.902713 
D, 435  339.94779166    2.12986111   6.26    -99.99900   -99.99900   -99.99900   -99.99900    -99.99900    -9.99000   -99.99900    -99.99900    -9.99000   -99.99900  341 295    5876.045555   13998.654038 
A, 436  340.20417000  -18.66217000   5.98    340.20428   -18.66230   340.20421   -18.66229     16.55300     0.03916    27.22990     15.56931     0.06204    17.00590  342 299       0.620266       0.450494 
D, 437  340.65645000    3.57266660   5.88    -99.99900   -99.99900   -99.99900   -99.99900    -99.99900    -9.99000   -99.99900    -99.99900    -9.99000   -99.99900  341 295   11480.228082   15649.297722 
B, 438  341.35112490    0.40394440   5.16    341.35111     0.40391   -99.99900   -99.99900     18.12551     0.14471     7.01392    -99.99900    -9.99000   -99.99900  343 301       0.137371   19971.221483 
A, 439  342.50837500  -50.26170833   6.00    342.50849   -50.26180   342.50866   -50.26145     16.24785     0.02424    44.29976     15.56669     0.04764    22.29594  344 300       0.537589       1.387324 
D, 440  343.02266670    2.42552780   6.12    -99.99900   -99.99900   -99.99900   -99.99900    -99.99900    -9.99000   -99.99900    -99.99900    -9.99000   -99.99900  345 301    3548.001966   15527.609613 
B, 441  343.90850000    2.85738890   6.34    343.90859     2.85734   -99.99900   -99.99900     17.82150     0.11027     9.35474    -99.99900    -9.99000   -99.99900  345 301       0.366013   13636.125957 
D, 442  346.09570830    0.75150000   6.36    -99.99900   -99.99900   -99.99900   -99.99900    -99.99900    -9.99000   -99.99900    -99.99900    -9.99000   -99.99900  346 301    2994.202236    2993.311594 
A, 443  346.89729000    0.53038880   5.87    346.89752     0.53044   346.89725     0.53039     17.25475     0.06309    16.71477     16.36622     0.11062     9.32328  346 301       0.833742       0.161227 
A, 444  347.66205860   18.92220166   6.00    347.66200    18.92204   347.66198    18.92223     15.87543     0.01783    60.39551     15.29972     0.03901    27.33244  347 302       0.609001       0.297623 
B, 445  348.06849990    1.01430550   5.08    348.06859     1.01409   -99.99900   -99.99900     18.08240     0.13405     7.61001    -99.99900    -9.99000   -99.99900  348 301       0.843896    4562.227766 
A, 446  348.94404000   -0.39947220   6.12    348.94454    -0.39943   348.94390    -0.39956     17.33542     0.07059    14.88521     16.65326     0.14182     7.16637  349 303       1.790562       0.579686 
A, 447  349.40937500   22.73600830   5.50    349.40941    22.73600   349.40942    22.73603     16.12512     0.02197    48.92821     15.36245     0.04152    25.65429  350 304       0.134809       0.174299 
D, 448  349.50000000  -31.21666667   6.51    -99.99900   -99.99900   -99.99900   -99.99900    -99.99900    -9.99000   -99.99900    -99.99900    -9.99000   -99.99900  359 299   27524.551847   56236.582520 
B, 449  349.51166000   -2.77611110   6.05    349.51134    -2.77648   -99.99900   -99.99900     18.17609     0.14351     7.07658    -99.99900    -9.99000   -99.99900  351 303       1.758305    8796.351408 
A, 450  351.30935080   26.47995309   5.77    351.30943    26.47989   351.30933    26.47993     16.13779     0.02205    48.74090     15.48675     0.04541    23.41366  352 305       0.355399       0.118129 
A, 451  351.40266666   -5.89119444   5.22    351.40269    -5.89123   351.40270    -5.89123     16.32317     0.02992    35.78809     15.64214     0.05991    17.62777  353 306       0.159372       0.197033 
B, 452  352.28450000   -3.03299990   6.42    352.28455    -3.03269   -99.99900   -99.99900     17.97375     0.12411     8.25792    -99.99900    -9.99000   -99.99900  354 306       1.128855   10768.192998 
D, 453  352.31025000   -4.05669440   5.90    -99.99900   -99.99900   -99.99900   -99.99900    -99.99900    -9.99000   -99.99900    -99.99900    -9.99000   -99.99900  354 306    3687.578451    7368.290767 
A, 454  352.41375000   30.06410550   5.24    352.41373    30.06417   352.41372    30.06409     16.15038     0.02175    49.41288     15.51707     0.04544    23.39681  355 307       0.241956       0.113659 
A, 455  352.53629166    9.96213888   5.30    352.53635     9.96214   352.53654     9.96232     16.19715     0.02485    43.19775     15.14049     0.03740    28.53243  356 308       0.198269       1.121250 
B, 456  353.72937490   -0.17280550   5.11    353.72908    -0.17293   -99.99900   -99.99900     18.00262     0.12466     8.21940    -99.99900    -9.99000   -99.99900  357 303       1.161901   17247.026273 
A, 457  356.13958330   16.88791110   5.00    356.13960    16.88790   356.13955    16.88796     15.25945     0.01155    93.52414     14.57375     0.02212    48.58597  358 309       0.073221       0.217899 
B, 458  357.13890000  -30.90284400   6.90    357.13927   -30.90295   -99.99900   -99.99900     17.69470     0.09049    11.50559    -99.99900    -9.99000   -99.99900  359 299       1.385784   75223.207047 
D, 459  357.82899110    6.40192191   5.81    -99.99900   -99.99900   -99.99900   -99.99900    -99.99900    -9.99000   -99.99900    -99.99900    -9.99000   -99.99900  362 312    6407.584722    6406.600191 
A, 460  357.85129166   -4.98536111   5.25    357.85133    -4.98542   357.85140    -4.98555     17.10128     0.05568    19.00510     16.09338     0.08980    11.59768  360 310       0.258275       0.780248 
A, 461  359.13521490   -6.38312644   6.15    359.13517    -6.38313   359.13522    -6.38318     16.48962     0.03230    33.11732     15.66557     0.06072    17.38501  361 311       0.162583       0.178051 
D, 462  359.21491000    0.39258330   6.00    -99.99900   -99.99900   -99.99900   -99.99900    -99.99900    -9.99000   -99.99900    -99.99900    -9.99000   -99.99900  357 310   19853.651507   19973.826885 
A, 463  359.60016666    6.57705555   5.32    359.60024     6.57703   359.59997     6.57697     16.32874     0.02959    36.19654     15.37548     0.04694    22.63556  362 312       0.279296       0.763156 
