abcd count        RA           Dec   redshift  unW1_RA    unW1_Dec     unW2_RA    unW2_Dec     unW1_mag unW1_magerr    unW1_snr     unW2_mag unW2_magerr    unW2_snr idx_w1 idx_w2    sep_w1         sep_w2
A,   1    0.34011348   26.83588138   5.75      0.34017    26.83588     0.34007    26.83592     16.28356     0.02572    41.71322     15.52264     0.04992    21.25284    0   0       0.194752       0.208425 
A,   2    0.66411726   25.84304425   5.82      0.66405    25.84301     0.66408    25.84298     16.25184     0.02611    41.08257     15.42124     0.04685    22.67720    1   1       0.262595       0.255583 
A,   3    1.46808330   -0.11549990   5.85      1.46790    -0.11552     1.46794    -0.11549     17.49972     0.07934    13.19076     16.70931     0.15384     6.56923    2   2       0.679795       0.532875 
A,   4    2.10739000   -6.43456000   5.93      2.10737    -6.43448     2.10749    -6.43457     16.80906     0.04465    23.81887     15.96683     0.07854    13.33069    3   3       0.297947       0.352107 
A,   5    2.21429170   36.27041380   5.17      2.21432    36.27043     2.21429    36.27044     16.02202     0.02082    51.65239     15.43729     0.04444    23.93484    4   4       0.124134       0.112030 
B,   6    2.37870183   32.87026179   6.10      2.37873    32.87013   -99.99900   -99.99900     17.95561     0.10566     9.78428    -99.99900    -9.99000   -99.99900    5   4       0.484904   12254.960559 
A,   7    3.13699900   36.53780550   5.44      3.13720    36.53778     3.13716    36.53787     15.82563     0.01738    61.96658     15.23363     0.03626    29.44953    6   5       0.746264       0.643661 
A,   8    4.31116660  -10.01539722   5.01      4.31119   -10.01543     4.31114   -10.01532     15.97716     0.02163    49.70171     15.31772     0.04493    23.67010    7   6       0.135572       0.289470 
A,   9    4.39361347   17.08630447   5.80      4.39350    17.08650     4.39354    17.08601     17.82950     0.10253    10.09749     16.69880     0.14504     6.99681    8   7       0.829142       1.084752 
A,  10    4.81408000  -24.29916000   5.68      4.81412   -24.29915     4.81397   -24.29913     16.32547     0.02839    37.74950     15.68205     0.06080    17.36358    9   8       0.163540       0.412208 
A,  11    5.13112370  -36.89494760   6.90      5.13116   -36.89500     5.13104   -36.89494     16.87723     0.04090    26.05182     16.41952     0.10230    10.12114   10   9       0.213809       0.296179 
A,  12    5.87779160   -0.31011110   5.06      5.87791    -0.31000     5.87808    -0.30978     16.85128     0.04593    23.14480     16.13009     0.09253    11.24068   11  10       0.591337       1.570286 
B,  13    6.12404166   39.22193055   6.62      6.12400    39.22208   -99.99900   -99.99900     17.39019     0.06566    16.04029    -99.99900    -9.99000   -99.99900   12  14       0.542408    9813.274477 
A,  14    6.36183330   -1.75903060   5.07      6.36179    -1.75904     6.36176    -1.75902     14.85470     0.00881   122.68309     14.23590     0.01840    58.51606   13  11       0.150352       0.262022 
A,  15    7.02733292    4.95712319   6.00      7.02741     4.95709     7.02747     4.95723     17.18144     0.05956    17.73308     16.60976     0.13482     7.56358   14  12       0.302170       0.622248 
A,  16    7.85774999    7.17692220   5.33      7.85783     7.17694     7.85784     7.17699     16.66119     0.03887    27.43377     15.68643     0.06341    16.62723   15  13       0.301205       0.396154 
D,  17    8.29750000   -1.42358330   6.13    -99.99900   -99.99900   -99.99900   -99.99900    -99.99900    -9.99000   -99.99900    -99.99900    -9.99000   -99.99900   13  11    7072.414431    7072.508704 
A,  18    8.55979200   37.99833330   5.63      8.55975    37.99826     8.55983    37.99819     16.48096     0.02895    37.00746     15.73414     0.05560    19.03115   16  14       0.289189       0.514662 
A,  19    9.35732902   -8.11901741   5.72      9.35724    -8.11890     9.35732    -8.11914     16.82449     0.04213    25.27517     16.20711     0.09515    10.91780   17  15       0.534227       0.451353 
A,  20    9.65041600  -15.45655550   7.02      9.65038   -15.45662     9.65027   -15.45639     16.74329     0.04119    25.86290     16.31337     0.10440     9.90765   18  16       0.260713       0.790085 
A,  21    9.73550794  -10.43163860   5.95      9.73550   -10.43165     9.73566   -10.43166     16.49520     0.03205    33.38110     15.72586     0.06149    17.16183   19  17       0.057644       0.539593 
B,  22   11.38986666    9.03248889   6.42     11.38973     9.03256   -99.99900   -99.99900     17.77973     0.10455     9.89261    -99.99900    -9.99000   -99.99900   20  13       0.545882   14363.100640 
A,  23   12.52777099   34.75601483   6.25     12.52794    34.75605    12.52775    34.75600     16.58396     0.03260    32.81178     15.71086     0.05495    19.26160   21  18       0.613937       0.072434 
A,  24   13.58924990   -1.15600000   5.09     13.58937    -1.15593    13.58947    -1.15585     16.96053     0.05554    19.05304     16.15635     0.10258    10.09171   22  19       0.509626       0.959578 
D,  25   13.76212500    1.77175000   6.01    -99.99900   -99.99900   -99.99900   -99.99900    -99.99900    -9.99000   -99.99900    -99.99900    -9.99000   -99.99900   22  19   10557.989062   10557.686663 
A,  26   14.23349900   22.68671110   5.49     14.23355    22.68677    14.23358    22.68672     16.93936     0.04771    22.25956     15.99786     0.07826    13.37999   23  20       0.275839       0.299148 
A,  27   15.05426347   28.04053195   6.33     15.05426    28.04052    15.05427    28.04053     14.44912     0.00632   171.21294     13.64772     0.01055   102.40971   24  21       0.048177       0.024988 
D,  28   15.71099900   -2.30274990   5.95    -99.99900   -99.99900   -99.99900   -99.99900    -99.99900    -9.99000   -99.99900    -99.99900    -9.99000   -99.99900   22  19    8682.257654    8682.079196 
A,  29   17.02749990    7.18905555   5.53     17.02746     7.18920    17.02734     7.18904     16.34213     0.03086    34.68538     15.49378     0.05429    19.50380   25  22       0.543400       0.576008 
D,  30   17.12483330   -1.00433330   5.11    -99.99900   -99.99900   -99.99900   -99.99900    -99.99900    -9.99000   -99.99900    -99.99900    -9.99000   -99.99900   29  25    7941.772992    7942.292523 
B,  31   17.47137900  -30.79064200   6.79     17.47127   -30.79044   -99.99900   -99.99900     17.96721     0.10984     9.39294    -99.99900    -9.99000   -99.99900   26  29       0.844958   22680.916015 
A,  32   18.47395830    5.99752777   5.00     18.47396     5.99760    18.47394     5.99762     16.68888     0.04128    25.80795     16.13510     0.09378    11.08464   27  23       0.256908       0.349468 
A,  33   18.72962500   32.63786940   5.22     18.72950    32.63769    18.72952    32.63771     16.85157     0.04099    25.98888     16.18668     0.08491    12.29339   28  24       0.777551       0.683153 
A,  34   18.93658330    0.25413880   5.10     18.93671     0.25414    18.93697     0.25402     17.17112     0.06523    16.15039     16.71007     0.15840     6.36635   29  25       0.463215       1.435906 
A,  35   18.94279165   -2.88673330   5.07     18.94252    -2.88669    18.94260    -2.88666     16.37132     0.02988    35.83459     15.83728     0.07028    14.95345   30  26       1.003271       0.753931 
A,  36   19.05958330    5.63824990   5.33     19.05962     5.63819    19.05956     5.63826     16.35703     0.03071    34.86067     15.64676     0.06063    17.41291   31  27       0.240249       0.090863 
A,  37   20.22470800   21.78505550   5.42     20.22457    21.78543    20.22457    21.78525     16.55197     0.03293    32.47650     15.92151     0.07169    14.65116   32  28       1.452938       0.854438 
A,  38   21.42133775  -25.88228802   5.79     21.42127   -25.88225    21.42112   -25.88220     16.22680     0.02457    43.68502     15.60274     0.05286    20.04204   33  29       0.290581       0.855534 
B,  39   22.28100000   -0.47930550   5.01     22.28079    -0.47927   -99.99900   -99.99900     18.14395     0.13623     7.48028    -99.99900    -9.99000   -99.99900   34  32       0.763595    6920.146104 
D,  40   22.49379100   -0.59436110   5.78    -99.99900   -99.99900   -99.99900   -99.99900    -99.99900    -9.99000   -99.99900    -99.99900    -9.99000   -99.99900   34  31     871.581520    6300.305417 
A,  41   22.86391660   -3.35005270   5.18     22.86394    -3.35007    22.86394    -3.35004     14.54553     0.00709   152.65363     13.88960     0.01357    79.52296   35  30       0.093450       0.085490 
A,  42   23.00710000   -2.26753000   5.90     23.00698    -2.26742    23.00721    -2.26744     16.57207     0.03411    31.33189     15.44696     0.04784    22.19660   36  31       0.587264       0.502045 
A,  43   23.36183330    1.11047222   5.30     23.36182     1.11045    23.36178     1.11035     16.85346     0.04709    22.55870     15.87434     0.07564    13.86041   37  32       0.097776       0.478316 
D,  44   24.01320800    2.43491660   6.21    -99.99900   -99.99900   -99.99900   -99.99900    -99.99900    -9.99000   -99.99900    -99.99900    -9.99000   -99.99900   37  32    5313.533437    5313.913601 
A,  45   25.23764000  -11.68319000   5.85     25.23758   -11.68316    25.23763   -11.68313     16.77010     0.04088    26.06287     15.90539     0.07069    14.86411   38  33       0.222194       0.217062 
A,  46   25.68219720  -33.46263000   6.31     25.68215   -33.46265    25.68230   -33.46257     16.13201     0.02171    49.50283     15.36531     0.04028    26.46017   39  34       0.172145       0.409089 
A,  47   25.79266666  -55.75296666   6.25     25.79264   -55.75294    25.79296   -55.75286     17.06751     0.04023    26.48830     15.93247     0.05435    19.48063   40  35       0.131540       1.112527 
A,  48   27.15681283    6.00557339   5.98     27.15684     6.00566    27.15689     6.00560     16.11215     0.02384    45.05253     15.35954     0.04615    23.02906   41  36       0.337003       0.277105 
A,  49   28.88866660    4.25187250   5.35     28.88863     4.25190    28.88861     4.25191     16.13260     0.02528    42.45147     15.26958     0.04318    24.65058   42  37       0.165394       0.264956 
A,  50   29.43937500   30.01963330   5.63     29.43932    30.01962    29.43931    30.01965     15.44538     0.01374    78.52955     14.66185     0.02549    42.09739   43  38       0.189558       0.248932 
A,  51   29.51726000  -29.08868000   5.99     29.51731   -29.08867    29.51710   -29.08848     16.25075     0.02569    41.75695     15.50013     0.04805    22.09920   44  39       0.187159       0.937948 
A,  52   29.99154790  -36.56572300   6.02     29.99155   -36.56573    29.99149   -36.56565     16.61138     0.03236    33.05601     15.91552     0.06452    16.33237   45  40       0.029059       0.343099 
D,  53   30.74254166   -2.86488888   6.03    -99.99900   -99.99900   -99.99900   -99.99900    -99.99900    -9.99000   -99.99900    -99.99900    -9.99000   -99.99900   47  41    7522.648329   11074.766538 
A,  54   30.88491549    0.20813044   5.72     30.88496     0.20806    30.88494     0.20814     16.52553     0.03427    31.18621     15.88199     0.07198    14.58835   46  41       0.295730       0.092256 
D,  55   31.44429160   -9.92325000   5.37    -99.99900   -99.99900   -99.99900   -99.99900    -99.99900    -9.99000   -99.99900    -99.99900    -9.99000   -99.99900   54  47   15580.240409   15579.722023 
D,  56   31.54666666   -2.92716666   6.03    -99.99900   -99.99900   -99.99900   -99.99900    -99.99900    -9.99000   -99.99900    -99.99900    -9.99000   -99.99900   49  41    5910.807121   11535.747915 
B,  57   32.01795830   -1.20952770   5.23     32.01797    -1.20965   -99.99900   -99.99900     18.01060     0.12046     8.52251    -99.99900    -9.99000   -99.99900   47  42       0.431687    5223.574764 
D,  58   32.55495800   -4.93913880   6.43    -99.99900   -99.99900   -99.99900   -99.99900    -99.99900    -9.99000   -99.99900    -99.99900    -9.99000   -99.99900   50  43    5064.534154    5064.595893 
A,  59   32.73612490    0.05130560   5.05     32.73600     0.05153    32.73606     0.05131     16.91908     0.04559    23.31901     16.08531     0.08331    12.53855   48  42       0.905912       0.239816 
B,  60   32.93554170   -2.05108330   6.37     32.93555    -2.05149   -99.99900   -99.99900     17.74617     0.09229    11.27120    -99.99900    -9.99000   -99.99900   49  42       1.478501    7602.611059 
D,  61   33.32058330   -6.43755560   6.72    -99.99900   -99.99900   -99.99900   -99.99900    -99.99900    -9.99000   -99.99900    -99.99900    -9.99000   -99.99900   50  43    3883.150587    3883.194457 
A,  62   33.84695830   -5.49605555   5.13     33.84687    -5.49600    33.84689    -5.49600     17.84858     0.10141    10.21448     16.87969     0.16375     6.14288   50  43       0.376053       0.321332 
A,  63   34.10066660   23.06929720   5.26     34.10067    23.06926    34.10067    23.06933     16.46377     0.03346    31.95116     15.71536     0.06483    16.25304   51  44       0.129036       0.121275 
D,  64   34.11587500   -4.92613880   6.01    -99.99900   -99.99900   -99.99900   -99.99900    -99.99900    -9.99000   -99.99900    -99.99900    -9.99000   -99.99900   50  43    2268.607697    2268.567879 
D,  65   34.33995833   -2.14794444   6.20    -99.99900   -99.99900   -99.99900   -99.99900    -99.99900    -9.99000   -99.99900    -99.99900    -9.99000   -99.99900   49  45    5067.771501    6132.096634 
A,  66   34.58783330   -0.46269460   5.11     34.58782    -0.46287    34.58779    -0.46271     17.54400     0.08206    12.73746     16.79651     0.15549     6.49478   52  45       0.648333       0.170267 
D,  67   35.12383330   -4.53444440   5.90    -99.99900   -99.99900   -99.99900   -99.99900    -99.99900    -9.99000   -99.99900    -99.99900    -9.99000   -99.99900   53  46    3021.134849    3021.171484 
D,  68   35.30133330   -3.70877777   5.02    -99.99900   -99.99900   -99.99900   -99.99900    -99.99900    -9.99000   -99.99900    -99.99900    -9.99000   -99.99900   53  46      21.034442      20.977920 
A,  69   35.30254160   -3.71450000   5.02     35.30255    -3.71449    35.30254    -3.71448     16.31069     0.02796    38.33315     15.70387     0.06061    17.41872   53  46       0.054129       0.077655 
A,  70   35.34462500   -8.04763880   6.16     35.34458    -8.04761    35.34434    -8.04746     18.05241     0.11847     8.67383     17.05725     0.18662     5.33228   54  47       0.199067       1.205316 
A,  71   36.11057000  -47.19149000   6.50     36.11061   -47.19153    36.11065   -47.19148     16.12137     0.01878    57.30495     15.42872     0.03651    29.24423   55  48       0.206215       0.301032 
A,  72   36.50780677    3.04983831   6.54     36.50775     3.04980    36.50776     3.04969     16.66178     0.03825    27.88609     16.18557     0.09299    11.18320   56  49       0.244296       0.545367 
D,  73   36.93037500   -6.09172220   6.20    -99.99900   -99.99900   -99.99900   -99.99900    -99.99900    -9.99000   -99.99900    -99.99900    -9.99000   -99.99900   57  50    6115.516886    6115.357500 
D,  74   37.50945830    0.77966666   5.41    -99.99900   -99.99900   -99.99900   -99.99900    -99.99900    -9.99000   -99.99900    -99.99900    -9.99000   -99.99900   56  49    8932.741664    8932.363889 
A,  75   37.90683330   -7.48177777   5.37     37.90687    -7.48177    37.90682    -7.48175     15.99005     0.02026    53.09999     15.00860     0.03157    33.89540   57  50       0.122836       0.121766 
A,  76   37.97065700  -28.83891100   6.00     37.97054   -28.83901    37.97069   -28.83870     17.65086     0.07881    13.28234     16.75317     0.13486     7.56138   58  51       0.537098       0.757889 
D,  77   38.92675000   -5.54488889   6.09    -99.99900   -99.99900   -99.99900   -99.99900    -99.99900    -9.99000   -99.99900    -99.99900    -9.99000   -99.99900   57  50    7880.357738    7880.350388 
D,  78   39.87600000   -0.75149990   5.82    -99.99900   -99.99900   -99.99900   -99.99900    -99.99900    -9.99000   -99.99900    -99.99900    -9.99000   -99.99900   61  49   12724.042612   18283.637326 
B,  79   40.01591406   17.54580925   5.68     40.01651    17.54597   -99.99900   -99.99900     17.55158     0.08353    12.50522    -99.99900    -9.99000   -99.99900   59  57       2.231092   24462.122776 
A,  80   40.47050000    4.59818330   5.22     40.47042     4.59824    40.47046     4.59825     16.20561     0.02604    41.19817     15.53443     0.05463    19.37934   60  52       0.351699       0.280812 
D,  81   41.00000000  -50.13333333   6.74    -99.99900   -99.99900   -99.99900   -99.99900    -99.99900    -9.99000   -99.99900    -99.99900    -9.99000   -99.99900   55  48   20542.199710   20542.166118 
B,  82   42.66909000   -2.91745000   5.89     42.66910    -2.91736   -99.99900   -99.99900     17.88779     0.11128     9.26507    -99.99900    -9.99000   -99.99900   61  55       0.319777   14867.245899 
A,  83   42.83887490    3.55483880   5.00     42.83886     3.55488    42.83884     3.55502     15.70339     0.01673    64.39526     14.99934     0.03230    33.11325   62  53       0.175229       0.666757 
A,  84   45.18408200  -22.54088500   5.68     45.18404   -22.54077    45.18401   -22.54075     16.21304     0.02527    42.46149     15.79466     0.06047    17.45874   63  54       0.441536       0.544200 
D,  85   45.32087490    0.34055556   5.50    -99.99900   -99.99900   -99.99900   -99.99900    -99.99900    -9.99000   -99.99900    -99.99900    -9.99000   -99.99900   62  55   14619.867006    3118.538397 
C,  86   45.88083300   -0.32024990   6.08    -99.99900   -99.99900    45.88039    -0.32077    -99.99900    -9.99000   -99.99900     16.61019     0.13464     7.57447   61  55   14869.439790      2.469793 
A,  87   46.32048300  -31.84886100   6.61     46.32057   -31.84877    46.32057   -31.84850     17.48723     0.06444    16.35251     16.88890     0.13867     7.34041   64  56       0.458363       1.347941 
A,  88   46.67712500   18.88773610   5.36     46.67712    18.88777    46.67712    18.88777     14.27554     0.00624   173.62222     13.46135     0.01027   105.24227   65  57       0.119646       0.138980 
D,  89   49.20779100  -13.67563800   5.99    -99.99900   -99.99900   -99.99900   -99.99900    -99.99900    -9.99000   -99.99900    -99.99900    -9.99000   -99.99900   70  60   18735.606533   18734.358702 
B,  90   49.29342829  -26.55436370   5.94     49.29332   -26.55433   -99.99900   -99.99900     17.93633     0.09893    10.48228    -99.99900    -9.99000   -99.99900   66  54       0.403559   20679.293319 
D,  91   50.47945830    0.49483350   5.04    -99.99900   -99.99900   -99.99900   -99.99900    -99.99900    -9.99000   -99.99900    -99.99900    -9.99000   -99.99900   71  61   14920.801420   14919.904698 
A,  92   50.91808333  -47.02225833   6.25     50.91804   -47.02233    50.91790   -47.02207     17.91904     0.07735    13.54236     17.16460     0.14621     6.93709   67  58       0.291603       0.923786 
A,  93   52.14794200  -32.88967800   5.86     52.14796   -32.88957    52.14804   -32.88974     17.03371     0.04332    24.56903     16.12175     0.07082    14.83708   68  59       0.397807       0.407594 
B,  94   52.61633333  -40.42122222   6.25     52.61650   -40.42136   -99.99900   -99.99900     17.50899     0.06071    17.38760    -99.99900    -9.99000   -99.99900   69  58       0.791582   24537.086245 
A,  95   53.96052436  -15.79569428   5.87     53.96070   -15.79576    53.96028   -15.79585     17.75888     0.08886    11.72522     16.65898     0.12360     8.29399   70  60       0.690386       1.032935 
A,  96   54.62212490    0.36563880   5.03     54.62211     0.36555    54.62186     0.36557     16.78548     0.04262    24.97697     16.17731     0.09355    11.11281   71  61       0.326971       0.989245 
A,  97   55.42437500   -0.80354444   5.68     55.42457    -0.80366    55.42443    -0.80345     17.27909     0.06410    16.44347     16.53916     0.12506     8.19108   72  62       0.802628       0.385910 
A,  98   55.42440400   -0.80354013   5.68     55.42457    -0.80366    55.42443    -0.80345     17.27909     0.06410    16.44347     16.53916     0.12506     8.19108   72  62       0.722930       0.326187 
A,  99   56.71685000  -16.47691000   5.99     56.71705   -16.47688    56.71695   -16.47690     16.64568     0.03500    30.52594     15.71670     0.05673    18.64273   74  64       0.739706       0.377841 
D, 100   57.49749990    0.56763880   5.20    -99.99900   -99.99900   -99.99900   -99.99900    -99.99900    -9.99000   -99.99900    -99.99900    -9.99000   -99.99900   75  65    3896.422104    3896.566724 
A, 101   58.45721356    1.06796142   6.07     58.45730     1.06787    58.45729     1.06799     16.86709     0.04735    22.43425     16.30975     0.10463     9.88449   75  65       0.455419       0.287724 
A, 102   60.55289450   24.85678567   6.18     60.55279    24.85660    60.55274    24.85664     16.51759     0.03616    29.53012     15.88267     0.07559    13.86960   76  66       0.774205       0.768554 
A, 103   62.08012500  -56.54133888   6.03     62.08042   -56.54127    62.08059   -56.54119     17.36821     0.04146    25.68827     16.57545     0.07548    13.89055   77  67       1.105626       1.741847 
A, 104   62.51345833  -44.24463888   6.21     62.51344   -44.24470    62.51280   -44.24461     17.39655     0.04986    21.27900     16.93304     0.12006     8.55281   78  68       0.227653       2.372146 
A, 105   62.86929100   -9.13050000   6.81     62.86927    -9.13044    62.86930    -9.13047     16.83414     0.04314    24.67225     16.05513     0.07869    13.30405   79  69       0.234225       0.094925 
A, 106   65.04725000  -44.88994444   6.07     65.04729   -44.88988    65.04749   -44.88996     17.32330     0.04497    23.64520     16.49658     0.07989    13.09612   80  70       0.264786       0.870441 
A, 107   65.40853700  -26.95433511   6.14     65.40852   -26.95434    65.40854   -26.95436     16.31162     0.02567    41.79114     15.81883     0.05965    17.70565   81  71       0.056599       0.088089 
A, 108   65.50414653  -19.45796853   6.12     65.50404   -19.45799    65.50423   -19.45796     16.02659     0.02103    51.12415     15.05003     0.03193    33.50960   82  72       0.406182       0.316136 
A, 109   69.94616600   16.57102770   6.51     69.94624    16.57105    69.94625    16.57107     13.98475     0.00510   212.38820     13.27857     0.00900   120.17210   83  73       0.271442       0.334684 
A, 110   71.03221433   -4.55918682   5.89     71.03234    -4.55913    71.03219    -4.55931     17.35287     0.06210    16.98802     16.71601     0.13231     7.71625   84  74       0.516727       0.442232 
A, 111   71.45075000   -2.33329000   5.69     71.45074    -2.33331    71.45075    -2.33326     16.24612     0.02483    43.23236     15.68266     0.05666    18.66731   85  75       0.088545       0.116382 
A, 112   73.50745000  -44.80864000   6.09     73.50751   -44.80840    73.50757   -44.80848     17.18270     0.03981    26.77767     16.54467     0.08240    12.68219   86  76       0.878375       0.717526 
A, 113   75.93566000   -7.50613000   5.88     75.93537    -7.50604    75.93569    -7.50639     17.13695     0.05583    18.95000     16.50471     0.11315     9.10386   87  77       1.072725       0.946641 
A, 114   89.93944458  -15.58338950   6.05     89.93943   -15.58338    89.93942   -15.58340     15.51402     0.01400    77.05577     14.52478     0.02042    52.67920   88  78       0.068628       0.088230 
A, 115  106.60995800   29.35152770   6.58    106.61033    29.35128   106.61020    29.35135     15.93647     0.02187    49.15161     15.34707     0.04626    22.97232   89  79       1.624721       1.079729 
A, 116  108.44294160    8.92573692   5.92    108.44293     8.92575   108.44284     8.92567     16.01839     0.02307    46.57257     15.12663     0.03868    27.57545   90  80       0.060452       0.426077 
A, 117  112.76303000   44.99707000   5.01    112.76304    44.99702   112.76294    44.99714     15.92318     0.02016    53.36153     15.38825     0.04431    24.00767   91  81       0.168387       0.408137 
A, 118  115.47800000   25.34156944   5.19    115.47797    25.34157   115.47794    25.34156     14.73065     0.00862   125.49644     13.87391     0.01392    77.51022   92  82       0.107446       0.220956 
A, 119  116.95491660   11.89790550   5.26    116.95488    11.89791   116.95489    11.89791     14.59745     0.00764   141.65437     13.78314     0.01269    85.04971   93  83       0.119542       0.089393 
A, 120  119.07558120   41.06905919   5.06    119.07536    41.06904   119.07562    41.06923     16.84570     0.04492    23.67407     16.14247     0.08716    11.96415   94  84       0.788590       0.631307 
A, 121  120.77258300   31.64283330   6.38    120.77263    31.64290   120.77224    31.64278     16.98544     0.05309    19.95629     16.50136     0.12649     8.09325   95  85       0.301119       1.259822 
A, 122  122.72630860   51.09447300   5.82    122.72639    51.09454   122.72639    51.09438     16.90075     0.04419    24.07427     16.16192     0.08459    12.34250   96  86       0.366792       0.435322 
A, 123  123.20341660    4.68237220   5.29    123.20342     4.68237   123.20338     4.68244     16.35093     0.03047    35.13791     15.42074     0.05087    20.84520   97  87       0.027248       0.286243 
A, 124  124.61418450   17.38111271   6.02    124.61428    17.38124   124.61409    17.38108     15.61409     0.01699    63.39024     14.91963     0.03278    32.62812   98  88       0.560886       0.340327 
A, 125  126.22506340   13.03804903   5.15    126.22505    13.03805   126.22499    13.03802     16.52508     0.03676    29.03630     15.62419     0.06174    17.09021   99  89       0.067113       0.274081 
A, 126  127.05586220   26.56541403   6.05    127.05590    26.56523   127.05595    26.56531     16.71206     0.04138    25.74417     16.09587     0.08848    11.77735  100  90       0.691712       0.488980 
A, 127  127.28174060    3.06570093   5.85    127.28191     3.06557   127.28197     3.06548     17.43787     0.07173    14.64275     16.56504     0.12835     7.96897  101  91       0.759147       1.127083 
A, 128  127.38320800   41.29455550   6.77    127.38302    41.29456   127.38311    41.29451     17.25065     0.06102    17.29866     16.60627     0.12827     7.97401  102  92       0.688311       0.387281 
A, 129  127.38791660   25.11266666   5.35    127.38782    25.11269   127.38794    25.11274     16.70923     0.04166    25.56608     15.86420     0.07578    13.83296  103  93       0.374446       0.260060 
A, 130  128.32358330   27.44138888   5.02    128.32361    27.44151   128.32371    27.44125     17.11906     0.05840    18.09516     16.63849     0.14671     6.91191  104  94       0.441643       0.662929 
D, 131  128.50366670    2.19636110   6.15    -99.99900   -99.99900   -99.99900   -99.99900    -99.99900    -9.99000   -99.99900    -99.99900    -9.99000   -99.99900  107  97    5221.247371    5221.180845 
A, 132  128.85733330   32.29794444   5.89    128.85681    32.29743   128.85734    32.29853     18.03695     0.12712     8.05087     16.84961     0.17007     5.89711  105  95       2.638561       2.116695 
A, 133  128.97651322    5.63140460   5.07    128.97651     5.63144   128.97644     5.63157     16.40917     0.03029    35.35069     15.74397     0.06404    16.45859  106  96       0.116705       0.666208 
A, 134  129.18276650    0.91479339   5.81    129.18273     0.91481   129.18271     0.91482     15.27095     0.01201    89.90162     14.43811     0.02068    52.00682  107  97       0.150340       0.234088 
A, 135  129.40766600   49.48344440   6.71    129.40740    49.48337   129.40738    49.48344     17.24860     0.06057    17.42908     16.00580     0.07422    14.13347  108  98       1.005917       1.046467 
A, 136  129.94533300   39.00319440   6.91    129.94530    39.00317   129.94549    39.00311     16.42445     0.03125    34.24846     15.70150     0.06093    17.32438  109  99       0.145581       0.632206 
A, 137  129.98065000    0.26505830   5.84    129.98075     0.26514   129.98010     0.26457     17.60543     0.08628    12.09081     16.91772     0.16871     5.94864  110 100       0.459947       2.636222 
A, 138  130.14626150   56.40561756   5.84    130.14651    56.40568   130.14631    56.40547     16.80221     0.04153    25.64792     16.18875     0.08460    12.34078  111 101       0.931534       0.566350 
A, 139  130.33132310   29.08459657   5.98    130.33148    29.08452   130.33135    29.08446     17.18977     0.06499    16.21101     16.40485     0.12004     8.55389  112 102       0.619997       0.494563 
A, 140  130.62263840   12.31405085   6.07    130.62277    12.31422   130.62269    12.31418     16.34121     0.02925    36.62640     15.75025     0.06701    15.70772  113 103       0.769024       0.508239 
D, 141  131.03587500   -1.53791670   6.18    -99.99900   -99.99900   -99.99900   -99.99900    -99.99900    -9.99000   -99.99900    -99.99900    -9.99000   -99.99900  110 100    7520.712540    7520.141116 
D, 142  131.13166660   -0.88183333   6.25    -99.99900   -99.99900   -99.99900   -99.99900    -99.99900    -9.99000   -99.99900    -99.99900    -9.99000   -99.99900  110 100    5849.466684    5849.689434 
A, 143  131.61600383    8.01436554   5.00    131.61605     8.01444   131.61624     8.01457     16.90685     0.04707    22.56899     16.39003     0.10989     9.38895  114 104       0.295160       1.116039 
A, 144  132.70102550   32.77998310   5.87    132.70094    32.77991   132.70115    32.77994     16.70667     0.03867    27.58326     15.97365     0.07754    13.50754  115 105       0.393400       0.464663 
D, 145  133.45350000    1.65305555   6.01    -99.99900   -99.99900   -99.99900   -99.99900    -99.99900    -9.99000   -99.99900    -99.99900    -9.99000   -99.99900  117 100    7107.329172   13466.298612 
A, 146  133.62655121   20.94745469   5.17    133.62657    20.94741   133.62671    20.94753     16.23620     0.02727    39.31533     15.48871     0.05542    19.09403  116 106       0.194286       0.643638 
D, 147  134.41054160    0.93686111   6.35    -99.99900   -99.99900   -99.99900   -99.99900    -99.99900    -9.99000   -99.99900    -99.99900    -9.99000   -99.99900  117 100    3357.532027   16132.163012 
B, 148  134.55629170    0.01586110   5.99    134.55660     0.01572   -99.99900   -99.99900     18.62841     0.20423     4.83194    -99.99900    -9.99000   -99.99900  117 100       1.221583   16498.593743 
D, 149  134.77995830    0.38219444   6.39    -99.99900   -99.99900   -99.99900   -99.99900    -99.99900    -9.99000   -99.99900    -99.99900    -9.99000   -99.99900  117 100    1545.029694   17284.668087 
B, 150  135.38604310   16.25189854   5.63    135.38598    16.25208   -99.99900   -99.99900     17.63402     0.09443    11.00461    -99.99900    -9.99000   -99.99900  118 107       0.701570       2.769172 
A, 151  135.69067056    8.85442286   5.21    135.69078     8.85427   135.69088     8.85431     16.62733     0.03821    27.92117     15.85904     0.07214    14.55623  120 109       0.681605       0.849109 
D, 152  135.72862500    1.91969444   6.01    -99.99900   -99.99900   -99.99900   -99.99900    -99.99900    -9.99000   -99.99900    -99.99900    -9.99000   -99.99900  117 118    8048.841886   20287.268761 
D, 153  135.81116660    2.19119444   5.92    -99.99900   -99.99900   -99.99900   -99.99900    -99.99900    -9.99000   -99.99900    -99.99900    -9.99000   -99.99900  117 118    9040.673469   19658.913778 
A, 154  135.87045680  -13.83368626   5.91    135.87044   -13.83351   135.87057   -13.83354     17.36612     0.06803    15.46434     16.47179     0.11245     9.16390  121 110       0.620470       0.673407 
D, 155  136.43604160    3.01633333   6.27    -99.99900   -99.99900   -99.99900   -99.99900    -99.99900    -9.99000   -99.99900    -99.99900    -9.99000   -99.99900  117 118   12746.221861   16657.140952 
A, 156  136.62812499   69.50855555   5.47    136.62848    69.50857   136.62811    69.50852     16.70547     0.03360    31.81419     15.82260     0.05585    18.94359  122 111       1.285118       0.136626 
D, 157  137.33958330    4.67858330   6.15    -99.99900   -99.99900   -99.99900   -99.99900    -99.99900    -9.99000   -99.99900    -99.99900    -9.99000   -99.99900  131 118   13181.390629   13181.372555 
B, 158  137.55679100   16.94161110   6.72    137.55713    16.94140   -99.99900   -99.99900     17.50787     0.08216    12.72069    -99.99900    -9.99000   -99.99900  123 107       1.435778    8202.424974 
A, 159  137.72720800   -4.23522220   6.63    137.72724    -4.23513   137.72725    -4.23516     16.86394     0.04343    24.50381     15.99247     0.07481    14.01814  124 112       0.359798       0.289063 
D, 160  137.80945830    1.87205555   6.07    -99.99900   -99.99900   -99.99900   -99.99900    -99.99900    -9.99000   -99.99900    -99.99900    -9.99000   -99.99900  128 118   11059.926558   13744.897895 
B, 161  138.31896345   59.32268879   5.12    138.31951    59.32232   -99.99900   -99.99900     17.08109     0.04980    21.30611    -99.99900    -9.99000   -99.99900  125 113       2.371987       2.819585 
A, 162  138.93184201   49.40462411   5.19    138.93172    49.40474   138.93177    49.40465     16.47113     0.03072    34.84226     15.62675     0.05391    19.64505  126 114       0.613165       0.297784 
A, 163  139.49149069   38.51115496   5.11    139.49124    38.51096   139.49109    38.51086     17.58963     0.07815    13.39825     16.86419     0.15624     6.46102  127 115       1.132157       1.811123 
D, 164  139.63820830    1.65647220   6.19    -99.99900   -99.99900   -99.99900   -99.99900    -99.99900    -9.99000   -99.99900    -99.99900    -9.99000   -99.99900  128 118    6063.273868    9814.865567 
B, 165  140.33566670    0.12302780   6.56    140.33538     0.12330   -99.99900   -99.99900     17.33504     0.06974    15.07306    -99.99900    -9.99000   -99.99900  128 118       1.421726   14301.523898 
A, 166  140.57005630   26.89973758   5.05    140.56993    26.89992   140.57004    26.89983     17.08440     0.05459    19.39466     16.60849     0.13212     7.72806  129 116       0.781037       0.348810 
A, 167  140.90326724   30.16377289   5.07    140.90318    30.16405   140.90286    30.16379     17.48787     0.07574    13.84132     16.61985     0.13211     7.72847  130 117       1.036738       1.458140 
A, 168  140.94633330    4.04844440   6.60    140.94645     4.04842   140.94644     4.04844     16.53503     0.03509    30.44095     15.77163     0.06598    15.96122  131 118       0.414459       0.399842 
A, 169  141.84091980   20.02323341   5.77    141.84082    20.02327   141.84112    20.02334     16.91215     0.04912    21.60900     16.58205     0.14174     7.17104  133 120       0.371347       0.838321 
C, 170  143.20733070   12.36828033   5.02    -99.99900   -99.99900   143.20674    12.36828    -99.99900    -9.99000   -99.99900     16.54099     0.12782     8.00429  137 121   23198.979744      2.139643 
A, 171  143.84712500   -2.13177777   5.32    143.84725    -2.13159   143.84738    -2.13180     16.85035     0.04609    23.06254     16.06045     0.08409    12.41794  134 122       0.802999       0.931634 
A, 172  147.23068155   21.10876938   5.17    147.23073    21.10882   147.23080    21.10894     17.11553     0.05825    18.14376     16.47751     0.12354     8.29791  135 123       0.252447       0.742917 
A, 173  149.28198799    6.18320692   5.14    149.28199     6.18326   149.28190     6.18326     16.03681     0.02257    47.60258     15.46749     0.05063    20.94799  136 124       0.202186       0.356020 
A, 174  149.30083333   10.27180555   5.14    149.30093    10.27179   149.30074    10.27175     17.22871     0.06309    16.71410     16.54087     0.12675     8.07599  137 125       0.351048       0.385880 
A, 175  149.36611150    5.31813227   5.18    149.36610     5.31803   149.36595     5.31808     16.88441     0.04693    22.63946     16.41967     0.11473     8.97188  138 126       0.364666       0.610492 
D, 176  149.41829170    0.89266670   6.05    -99.99900   -99.99900   -99.99900   -99.99900    -99.99900    -9.99000   -99.99900    -99.99900    -9.99000   -99.99900  138 126   15932.421303   15932.610635 
A, 177  149.55845095   35.41356330   5.12    149.55780    35.41326   149.55776    35.41334     16.68388     0.03591    29.74157     16.26388     0.09262    11.22939  139 127       2.583423       2.606886 
D, 178  149.78374999    2.45204444   5.07    -99.99900   -99.99900   -99.99900   -99.99900    -99.99900    -9.99000   -99.99900    -99.99900    -9.99000   -99.99900  138 126   10426.530314   10426.789928 
A, 179  150.18239929   21.05740935   5.07    150.18239    21.05739   150.18240    21.05734     16.57680     0.03716    28.72141     15.84908     0.07190    14.60702  140 128       0.074197       0.241970 
D, 180  150.21458333    2.58263333   5.30    -99.99900   -99.99900   -99.99900   -99.99900    -99.99900    -9.99000   -99.99900    -99.99900    -9.99000   -99.99900  138 126   10310.293068   10310.629269 
D, 181  151.00566670    2.65852780   6.41    -99.99900   -99.99900   -99.99900   -99.99900    -99.99900    -9.99000   -99.99900    -99.99900    -9.99000   -99.99900  138 126   11247.414204   11247.855970 
A, 182  151.56087499   -3.17511111   5.55    151.56087    -3.17521   151.56089    -3.17518     16.29070     0.02763    38.79804     15.50441     0.05268    20.11303  141 129       0.346673       0.254673 
A, 183  153.40139162   42.67400058   5.03    153.40145    42.67412   153.40140    42.67428     17.20612     0.05269    20.11060     16.78894     0.13788     7.38500  142 130       0.499338       1.000034 
A, 184  155.50795833    8.02283333   5.36    155.50802     8.02287   155.50776     8.02315     16.05450     0.02490    43.11187     14.89604     0.03226    33.15641  143 131       0.250103       1.337558 
A, 185  155.54186210   22.87373501   5.47    155.54180    22.87368   155.54182    22.87367     15.80849     0.01795    59.97704     14.83427     0.02842    37.71075  144 132       0.301597       0.264706 
A, 186  156.59845266   25.71651275   5.25    156.59837    25.71650   156.59842    25.71640     16.68744     0.03837    27.79922     15.70936     0.06169    17.10479  145 133       0.312879       0.421403 
A, 187  157.13939876    7.77193216   5.15    157.13936     7.77198   157.13949     7.77207     16.88250     0.04775    22.24058     16.19152     0.10172    10.18203  146 134       0.212117       0.606149 
A, 188  157.61295850    5.41529456   6.31    157.61281     5.41522   157.61289     5.41524     16.52297     0.03584    29.79320     15.73529     0.06691    15.73077  147 135       0.578286       0.311188 
A, 189  157.90703640   -2.65990731   5.88    157.90701    -2.66002   157.90706    -2.66020     16.95067     0.04842    21.92625     16.21840     0.09764    10.62695  148 136       0.414684       1.068396 
D, 190  158.55970833   57.37436111   5.40    -99.99900   -99.99900   -99.99900   -99.99900    -99.99900    -9.99000   -99.99900    -99.99900    -9.99000   -99.99900  157 145   14945.763328   14945.539247 
A, 191  158.57770505   20.55005942   5.01    158.57768    20.55001   158.57767    20.55005     15.82914     0.01924    55.92450     15.13645     0.03872    27.54514  149 137       0.209693       0.143686 
A, 192  158.69380000  -14.42110000   6.07    158.69373   -14.42109   158.69379   -14.42095     15.95182     0.02141    50.20536     15.18877     0.04024    26.48388  150 138       0.243314       0.526549 
A, 193  159.22579100   -2.54387343   6.38    159.22571    -2.54393   159.22573    -2.54383     16.83711     0.04593    23.14246     15.71575     0.06372    16.54403  151 139       0.357510       0.269085 
D, 194  160.20250000  -11.93061111   5.44    -99.99900   -99.99900   -99.99900   -99.99900    -99.99900    -9.99000   -99.99900    -99.99900    -9.99000   -99.99900  150 138   10482.649379   10482.133901 
A, 195  160.89663741   10.17627122   5.08    160.89658    10.17620   160.89664    10.17643     17.87580     0.11549     8.90987     16.80195     0.17026     5.88986  152 140       0.347775       0.555783 
A, 196  161.13767000   -1.41727770   5.78    161.13765    -1.41728   161.13755    -1.41713     16.22196     0.02611    41.08057     15.59842     0.05625    18.80585  153 141       0.087013       0.676619 
A, 197  162.08291670   -1.16116944   6.63    162.08281    -1.16121   162.08264    -1.16128     15.68313     0.01715    62.79338     15.52883     0.05391    19.64511  154 142       0.399099       1.084553 
A, 198  162.15304100   33.66323880   5.61    162.15298    33.66328   162.15310    33.66324     17.31110     0.06094    17.32241     16.56580     0.11794     8.71455  155 143       0.267938       0.202478 
A, 199  162.18777100   46.62181837   6.23    162.18773    46.62175   162.18765    46.62165     16.25944     0.02464    43.57118     15.72596     0.05554    19.05374  156 144       0.285465       0.735707 
A, 200  162.65194802   58.07352357   5.16    162.65201    58.07355   162.65193    58.07363     16.50619     0.02860    37.47155     15.65131     0.04956    21.41171  157 145       0.242399       0.376618 
A, 201  163.34578703   58.07003623   5.26    163.34580    58.07015   163.34562    58.07008     16.68489     0.03302    32.38649     15.99771     0.06577    16.01432  158 146       0.419282       0.627319 
A, 202  163.52216600   46.62506940   5.47    163.52216    46.62506   163.52203    46.62506     16.70718     0.03510    30.43777     15.95247     0.06485    16.24674  159 147       0.054672       0.504452 
A, 203  163.68929649   16.56038561   5.13    163.68944    16.56050   163.68959    16.56052     15.96783     0.02186    49.17057     15.34752     0.04695    22.62905  160 148       0.648657       1.149684 
A, 204  164.86920000   -9.10566660   5.92    164.86884    -9.10576   164.86886    -9.10572     17.55618     0.07959    13.14806     16.75988     0.14877     6.80936  161 149       1.333190       1.238785 
A, 205  165.39316612    5.52607366   5.00    165.39316     5.52608   165.39307     5.52613     16.58937     0.03862    27.61527     16.14334     0.09475    10.96663  162 150       0.036159       0.387215 
A, 206  166.08995800   21.57466660   6.74    166.08995    21.57473   166.09006    21.57433     17.23463     0.05969    17.69333     16.53485     0.12398     8.26703  163 151       0.233568       1.280461 
B, 207  167.47262710   56.95211429   5.95    167.47265    56.95216   -99.99900   -99.99900     17.82064     0.08396    12.43849    -99.99900    -9.99000   -99.99900  164 146       0.203839   15392.704020 
B, 208  167.64156600  -13.49599950   6.51    167.64193   -13.49636   -99.99900   -99.99900     17.80299     0.10294    10.05541    -99.99900    -9.99000   -99.99900  165 149       1.849123   18693.133584 
A, 209  169.83600000   34.88003000   5.01    169.83590    34.88004   169.83601    34.88010     16.71805     0.03540    30.17510     16.06554     0.07323    14.33132  166 152       0.352324       0.249286 
A, 210  170.00616000    6.69008330   7.08    170.00605     6.68999   170.00626     6.69018     16.94249     0.04973    21.33698     16.47663     0.12729     8.03967  167 153       0.506868       0.485290 
A, 211  170.70851309   13.71012455   5.19    170.70854    13.71001   170.70839    13.70985     17.47835     0.07755    13.50577     16.78857     0.15701     6.42715  168 154       0.420961       1.096020 
A, 212  170.79645833   -0.73851111   5.00    170.79646    -0.73859   170.79644    -0.73830     17.10506     0.05762    18.34883     16.43902     0.11788     8.71967  169 155       0.301751       0.747698 
A, 213  171.31714388   44.81247508   5.11    171.31717    44.81243   171.31722    44.81246     16.08936     0.02075    51.81485     15.41537     0.04157    25.62102  170 156       0.172570       0.266693 
A, 214  171.65820596   17.58293115   5.22    171.65825    17.58293   171.65812    17.58275     16.67039     0.03835    27.81706     15.88873     0.07244    14.49417  171 157       0.174293       0.733056 
A, 215  172.17700110   26.88666537   5.77    172.17693    26.88647   172.17698    26.88641     17.16842     0.05511    19.20710     16.60292     0.12525     8.17808  172 158       0.748563       0.906485 
A, 216  172.24103279   57.98606763   5.00    172.24096    57.98595   172.24084    57.98598     16.52918     0.02972    36.04001     15.97213     0.06560    16.05535  173 159       0.492048       0.742509 
A, 217  173.19375000   12.15047222   5.17    173.19376    12.15049   173.19381    12.15033     16.03341     0.02235    48.07459     15.26525     0.04379    24.29691  174 160       0.066926       0.540784 
A, 218  173.28658333   16.06547222   5.61    173.28641    16.06602   173.28632    16.06589     16.32910     0.02786    38.47558     15.63799     0.05739    18.42420  175 161       2.055607       1.789671 
A, 219  173.55929166    8.48147222   5.69    173.55949     8.48149   173.55936     8.48156     16.35400     0.03166    33.80093     15.13243     0.04027    26.46627  176 162       0.723091       0.408632 
A, 220  173.78720800   50.19249990   6.58    173.78715    50.19255   173.78740    50.19237     17.23739     0.05158    20.55334     16.46146     0.09610    10.80575  177 163       0.277972       0.830206 
A, 221  174.32386780   35.83245858   6.03    174.32383    35.83242   174.32367    35.83239     16.43865     0.02806    38.19583     15.72723     0.05670    18.65326  178 164       0.190992       0.758309 
A, 222  174.79204070  -12.28454921   5.81    174.79200   -12.28468   174.79187   -12.28481     17.13187     0.05636    18.76714     16.55973     0.13450     7.58249  179 165       0.480678       1.119280 
A, 223  175.40918430  -20.26545798   5.69    175.40875   -20.26542   175.40933   -20.26532     16.78276     0.04253    25.03115     15.86473     0.07279    14.42062  180 166       1.553525       0.717329 
A, 224  175.90977970   38.14133978   5.80    175.90980    38.14128   175.90970    38.14134     16.88390     0.04008    26.59212     16.14009     0.07754    13.50861  181 167       0.225057       0.286430 
A, 225  176.63608330   -1.91063890   6.16    176.63585    -1.91114   176.63590    -1.91118     17.07405     0.05718    18.49177     16.60485     0.13892     7.32615  182 168       1.985758       2.051720 
D, 226  176.70175000    1.40558330   6.27    -99.99900   -99.99900   -99.99900   -99.99900    -99.99900    -9.99000   -99.99900    -99.99900    -9.99000   -99.99900  189 170    2284.743576    9262.399407 
A, 227  176.74080000   40.61907000   5.01    176.74084    40.61908   176.74091    40.61906     15.89728     0.01769    60.86414     15.17848     0.03353    31.88247  183 169       0.157564       0.404046 
D, 228  176.74537500   -0.09380560   6.30    -99.99900   -99.99900   -99.99900   -99.99900    -99.99900    -9.99000   -99.99900    -99.99900    -9.99000   -99.99900  184 170    3861.819461    3862.315165 
A, 229  176.77670833   -1.16616666   5.31    176.77680    -1.16607   176.77670    -1.16621     16.48909     0.03448    30.98800     15.79624     0.06905    15.22838  184 170       0.459899       0.172041 
A, 230  177.01370370    7.03563490   6.34    177.01363     7.03552   177.01358     7.03526     16.56011     0.03588    29.76132     15.68834     0.06184    17.06268  185 171       0.478578       1.429379 
B, 231  177.06754000   52.89425000   5.70    177.06777    52.89443   -99.99900   -99.99900     18.36697     0.13269     7.69296    -99.99900    -9.99000   -99.99900  186 172       1.053034     109.251980 
A, 232  177.06937570   52.86399858   6.42    177.06927    52.86397   177.06935    52.86396     16.05955     0.01931    55.72517     15.43102     0.03947    27.00772  187 172       0.396247       0.170609 
A, 233  177.10902530   30.33869677   5.13    177.10909    30.33871   177.10924    30.33877     16.92161     0.04369    24.35281     16.35632     0.09863    10.51622  188 173       0.223477       0.818066 
B, 234  177.13825000    0.94507220   5.84    177.13824     0.94487   -99.99900   -99.99900     18.22332     0.15207     6.65155    -99.99900    -9.99000   -99.99900  189 170       0.744831    7711.269384 
A, 235  177.44354166    7.81405555   5.66    177.44344     7.81399   177.44338     7.81395     17.35030     0.07239    14.50477     16.18882     0.09681    10.72233  190 174       0.432879       0.673710 
D, 236  178.08863000    0.92685833   6.37    -99.99900   -99.99900   -99.99900   -99.99900    -99.99900    -9.99000   -99.99900    -99.99900    -9.99000   -99.99900  189 170    3422.027783    8892.883634 
A, 237  178.55941340  -12.18818926   5.83    178.55947   -12.18814   178.55963   -12.18791     17.43335     0.07311    14.35724     16.63424     0.14298     7.10459  191 175       0.277368       1.267248 
A, 238  178.58299441   23.56590841   5.01    178.58303    23.56590   178.58305    23.56589     16.81547     0.03940    27.06128     15.93114     0.06994    15.02878  192 176       0.118044       0.220696 
A, 239  178.60305991   13.69605218   5.00    178.60310    13.69601   178.60307    13.69627     16.76516     0.04196    25.38055     16.10398     0.08760    11.90146  193 177       0.220888       0.794163 
A, 240  179.45160964    6.61998161   5.14    179.45151     6.62006   179.45154     6.62004     16.97622     0.05187    20.43622     16.41411     0.11789     8.71891  194 178       0.464592       0.322274 
D, 241  180.26258330    1.56566667   6.06    -99.99900   -99.99900   -99.99900   -99.99900    -99.99900    -9.99000   -99.99900    -99.99900    -9.99000   -99.99900  197 181    6726.306471    6727.574282 
A, 242  180.53242178   32.59410995   5.26    180.53243    32.59403   180.53244    32.59408     15.98929     0.01959    54.92452     15.26681     0.03771    28.29280  195 179       0.304474       0.122926 
D, 243  180.69320830   -0.95047222   5.93    -99.99900   -99.99900   -99.99900   -99.99900    -99.99900    -9.99000   -99.99900    -99.99900    -9.99000   -99.99900  196 180    2730.528187    2729.158167 
A, 244  181.17389474   -0.36378588   5.09    181.17382    -0.36370   181.17350    -0.36393     16.18695     0.02651    40.46480     15.29365     0.04656    22.82288  196 180       0.428571       1.510778 
A, 245  181.27124170   -0.00776944   6.75    181.27052    -0.00756   181.27112    -0.00760     17.46274     0.07652    13.69422     16.78432     0.16475     6.10271  197 181       2.702694       0.761523 
A, 246  181.90599880    6.50284332   6.04    181.90609     6.50269   181.90627     6.50286     17.14913     0.06097    17.31384     16.39853     0.12011     8.54883  198 182       0.660929       0.992345 
D, 247  181.97558330   -0.09813889   6.01    -99.99900   -99.99900   -99.99900   -99.99900    -99.99900    -9.99000   -99.99900    -99.99900    -9.99000   -99.99900  199 181    1078.073219    2556.937994 
B, 248  182.09924999    0.17436111   5.27    182.09956     0.17446   -99.99900   -99.99900     17.93141     0.11806     8.70533    -99.99900    -9.99000   -99.99900  199 181       1.178272    3052.394928 
A, 249  182.21944502   21.17610232   5.06    182.21943    21.17615   182.21943    21.17620     16.08010     0.02204    48.76905     15.42953     0.04588    23.16889  200 183       0.200279       0.341561 
B, 250  182.24679167   -2.00966667   6.20    182.24695    -2.00985   -99.99900   -99.99900     18.16403     0.13809     7.37308    -99.99900    -9.99000   -99.99900  201 180       0.872115    7073.257571 
B, 251  182.34995830   -0.11291670   5.86    182.34964    -0.11352   -99.99900   -99.99900     17.43846     0.07545    13.89670    -99.99900    -9.99000   -99.99900  202 181       2.479662    3902.290482 
A, 252  182.46970927   18.52978084   5.15    182.46972    18.52966   182.46978    18.52963     16.28677     0.02729    39.28334     15.68967     0.05912    17.87054  203 184       0.427194       0.622450 
A, 253  183.11242083    5.09263611   6.44    183.11237     5.09258   183.11240     5.09252     16.98089     0.05022    21.12543     16.42432     0.12197     8.41121  204 185       0.272427       0.424989 
A, 254  183.29919000  -12.76762400   5.86    183.29920   -12.76756   183.29919   -12.76756     16.26818     0.02880    37.19509     15.86577     0.07551    13.88456  205 186       0.233250       0.236629 
D, 255  183.82029860    0.39018341   5.93    -99.99900   -99.99900   -99.99900   -99.99900    -99.99900    -9.99000   -99.99900    -99.99900    -9.99000   -99.99900  207 188    4503.601091    4502.099163 
A, 256  184.11491600   45.31963880   6.65    184.11478    45.31980   184.11486    45.31965     17.33281     0.05576    18.97499     16.48509     0.09788    10.59981  206 187       0.766573       0.214710 
A, 257  184.33893340    1.52846356   6.20    184.33887     1.52864   184.33867     1.52828     17.83928     0.10694     9.66127     16.73721     0.15607     6.46848  207 188       0.674354       1.178066 
A, 258  184.54662400   18.13070550   5.30    184.54671    18.13086   184.54655    18.13054     17.19530     0.05910    17.87547     16.37437     0.10643     9.70990  208 189       0.623383       0.661431 
D, 259  184.77225000    0.84375000   6.01    -99.99900   -99.99900   -99.99900   -99.99900    -99.99900    -9.99000   -99.99900    -99.99900    -9.99000   -99.99900  207 188    2917.759009    2917.045999 
A, 260  185.44341967   44.75779109   5.19    185.44344    44.75775   185.44351    44.75776     16.36667     0.02458    43.68031     15.55565     0.04457    23.86412  209 190       0.160045       0.357918 
A, 261  185.65818188   19.97859073   5.13    185.65819    19.97861   185.65831    19.97847     16.37652     0.02895    37.00991     15.82094     0.06601    15.95271  210 191       0.079818       0.627848 
B, 262  187.10479000   -2.56090331   5.77    187.10473    -2.56112   -99.99900   -99.99900     17.65350     0.09117    11.41602    -99.99900    -9.99000   -99.99900  211 188       0.790073   17772.784251 
D, 263  187.30503360    4.32437446   5.89    -99.99900   -99.99900   -99.99900   -99.99900    -99.99900    -9.99000   -99.99900    -99.99900    -9.99000   -99.99900  212 192    8354.843193    8355.082812 
A, 264  188.38947332    6.37616502   5.30    188.38949     6.37621   188.38952     6.37627     16.43167     0.03590    29.74403     15.28536     0.04780    22.21918  212 192       0.164828       0.404303 
A, 265  189.02520800   46.95698050   5.55    189.02524    46.95690   189.02524    46.95684     16.51068     0.02836    37.78923     15.54188     0.04438    23.96695  213 193       0.318846       0.533617 
D, 266  189.19983333   62.16155555   5.19    -99.99900   -99.99900   -99.99900   -99.99900    -99.99900    -9.99000   -99.99900    -99.99900    -9.99000   -99.99900  218 198   19965.102441   19963.571068 
A, 267  190.69966293   52.21853315   5.04    190.69967    52.21852   190.69955    52.21853     16.42592     0.02459    43.66261     15.80352     0.05134    20.65222  214 194       0.045612       0.396418 
A, 268  190.92005410   25.48996970   5.83    190.92011    25.49001   190.92015    25.48987     16.47454     0.03012    35.55320     15.50144     0.04844    21.91751  215 195       0.263139       0.487804 
A, 269  192.71636150   31.50608276   6.15    192.71635    31.50631   192.71625    31.50622     16.40645     0.02771    38.69026     15.39016     0.04259    24.99780  216 196       0.806095       0.634418 
B, 270  194.12903260   25.54762379   5.91    194.12918    25.54764   -99.99900   -99.99900     17.00682     0.04637    22.91789    -99.99900    -9.99000   -99.99900  217 197       0.546269       2.839710 
A, 271  194.48948070   63.82698942   6.02    194.48975    63.82691   194.48933    63.82680     16.94833     0.03586    29.78058     16.37455     0.07927    13.20262  218 198       0.993581       0.851010 
A, 272  196.53447010    3.94065562   6.02    196.53449     3.94062   196.53445     3.94054     16.96742     0.05150    20.58641     16.23380     0.09913    10.46023  219 199       0.160632       0.418910 
B, 273  197.71980130   25.53518849   5.84    197.71998    25.53470   -99.99900   -99.99900     17.38005     0.06176    17.08401    -99.99900    -9.99000   -99.99900  220 197       1.869445   12929.648981 
A, 274  198.66837400   54.54366940   5.52    198.66836    54.54369   198.66833    54.54367     16.59078     0.02770    38.69316     15.68511     0.04574    23.23921  221 200       0.086770       0.165707 
A, 275  199.03391600   10.47577770   6.35    199.03393    10.47583   199.03378    10.47577     16.54950     0.03346    31.94911     15.73859     0.06133    17.20667  222 201       0.195335       0.495039 
A, 276  199.33658333   -2.65361111   5.25    199.33649    -2.65350   199.33646    -2.65311     17.37993     0.07178    14.63206     16.55591     0.12872     7.94476  223 202       0.519941       1.857137 
A, 277  199.79708500    9.84764345   6.13    199.79695     9.84762   199.79682     9.84783     16.90755     0.04198    25.36561     16.25462     0.08856    11.76700  224 203       0.480147       1.164894 
A, 278  201.92217620   57.54399285   5.74    201.92219    57.54385   201.92224    57.54397     17.28274     0.04662    22.79337     16.29764     0.07339    14.30029  225 204       0.533515       0.234235 
A, 279  203.23937490   22.14330830   5.11    203.23938    22.14327   203.23939    22.14334     15.60365     0.01436    75.13184     14.94055     0.02872    37.31075  226 205       0.126431       0.131721 
A, 280  203.55234824   12.33908622   5.12    203.55251    12.33916   203.55248    12.33908     16.56143     0.03315    32.25468     15.73003     0.06042    17.47547  227 206       0.643250       0.470841 
A, 281  203.96171270   35.55439429   5.90    203.96173    35.55442   203.96153    35.55417     16.71204     0.03271    32.69380     15.92185     0.06036    17.49288  228 207       0.102779       1.036902 
A, 282  203.98433333   -3.47727777   5.67    203.98431    -3.47729   203.98419    -3.47729     15.63389     0.01672    64.42545     14.84373     0.02923    36.64896  229 208       0.105209       0.531753 
A, 283  204.37004203   41.92773724   5.03    204.37016    41.92786   204.37031    41.92768     16.66035     0.03064    34.93723     15.98418     0.06243    16.89624  230 209       0.609462       1.002027 
A, 284  205.06263381   39.44185963   5.03    205.06284    39.44189   205.06309    39.44203     16.25887     0.02264    47.46120     15.56406     0.04406    24.14407  231 210       0.761865       1.750493 
A, 285  205.16766666   28.22448888   5.34    205.16765    28.22446   205.16763    28.22446     16.08120     0.02000    53.80049     15.10175     0.03085    34.69288  232 211       0.133210       0.166352 
A, 286  205.42274999   46.18619444   5.02    205.42271    46.18620   205.42294    46.18629     17.03412     0.04486    23.70736     16.54635     0.10626     9.72542  233 212       0.152796       0.752699 
A, 287  205.47508160   35.16825393   5.23    205.47506    35.16822   205.47506    35.16814     16.37996     0.02551    42.05668     15.57473     0.04577    23.22708  234 213       0.150344       0.410927 
A, 288  205.53375000    9.47738888   7.54    205.53367     9.47720   205.53315     9.47735     17.62872     0.07974    13.12203     16.98105     0.16969     5.91147  235 214       0.732342       2.170176 
A, 289  206.36092677   23.49704816   5.06    206.36090    23.49708   206.36091    23.49703     15.65845     0.01474    73.16723     15.08929     0.03142    34.05750  236 215       0.154452       0.092433 
A, 290  209.20585600  -26.70839700   5.72    209.20573   -26.70838   209.20529   -26.70811     16.61436     0.03780    28.22850     15.54585     0.05623    18.81295  237 216       0.462700       2.287240 
B, 291  209.44724999   53.09513888   5.32    209.44704    53.09485   -99.99900   -99.99900     17.67825     0.07049    14.90844    -99.99900    -9.99000   -99.99900  238 217       1.299241       3.229963 
D, 292  210.11995830   -0.19763890   6.04    -99.99900   -99.99900   -99.99900   -99.99900    -99.99900    -9.99000   -99.99900    -99.99900    -9.99000   -99.99900  229 208   25045.840408   25046.222613 
D, 293  210.12495830   -1.42250000   6.04    -99.99900   -99.99900   -99.99900   -99.99900    -99.99900    -9.99000   -99.99900    -99.99900    -9.99000   -99.99900  229 208   23311.150885   23311.560645 
A, 294  210.44723420   27.82639831   6.14    210.44719    27.82664   210.44699    27.82594     17.54292     0.06996    15.02470     16.96211     0.15677     6.43766  239 218       0.866926       1.864599 
A, 295  210.72777200   40.40088527   6.04    210.72766    40.40102   210.72786    40.40092     17.92807     0.09210    11.29611     16.93803     0.14421     7.03990  240 219       0.642197       0.335448 
A, 296  210.82970350    9.04749814   5.88    210.82974     9.04752   210.82988     9.04734     17.23891     0.05785    18.27169     16.71147     0.13401     7.61196  241 220       0.150244       0.874432 
B, 297  210.87222000  -12.00948200   5.84    210.87253   -12.00956   -99.99900   -99.99900     18.04007     0.13011     7.85467    -99.99900    -9.99000   -99.99900  242 225       1.143778   11579.767855 
D, 298  211.62133330   -1.26977780   6.33    -99.99900   -99.99900   -99.99900   -99.99900    -99.99900    -9.99000   -99.99900    -99.99900    -9.99000   -99.99900  229 208   28618.820178   28619.234994 
D, 299  211.69533330   -1.73405560   6.10    -99.99900   -99.99900   -99.99900   -99.99900    -99.99900    -9.99000   -99.99900    -99.99900    -9.99000   -99.99900  229 208   28460.226796   28460.647570 
A, 300  212.09549999   53.00580555   5.07    212.09533    53.00590   212.09547    53.00588     17.87177     0.07960    13.14662     16.95894     0.13332     7.65425  243 221       0.690039       0.286462 
B, 301  212.29743370  -15.98657168   5.83    212.29719   -15.98631   -99.99900   -99.99900     17.89851     0.11733     8.76278    -99.99900    -9.99000   -99.99900  244 226       1.288403   10275.981103 
A, 302  212.79703330   12.29368966   5.90    212.79703    12.29375   212.79705    12.29367     16.45720     0.02968    36.08373     15.46131     0.04601    23.10291  245 222       0.201788       0.091925 
A, 303  213.36299000  -22.56173700   5.92    213.36315   -22.56188   213.36302   -22.56183     16.62844     0.03840    27.78009     15.79491     0.06891    15.26147  246 223       0.769968       0.352090 
B, 304  213.51816666   51.25994444   5.24    213.51796    51.25970   -99.99900   -99.99900     18.01209     0.08274    12.62880    -99.99900    -9.99000   -99.99900  247 221       1.153531    8107.875991 
A, 305  213.63154166   57.54280555   5.16    213.63137    57.54295   213.63141    57.54304     18.05258     0.08795    11.85129     17.17034     0.14823     6.83594  248 224       0.791323       0.957375 
D, 306  213.66475000    1.51013888   5.94    -99.99900   -99.99900   -99.99900   -99.99900    -99.99900    -9.99000   -99.99900    -99.99900    -9.99000   -99.99900  241 220   28990.497742   28989.680865 
D, 307  213.69508333   54.77550000   5.42    -99.99900   -99.99900   -99.99900   -99.99900    -99.99900    -9.99000   -99.99900    -99.99900    -9.99000   -99.99900  243 221    8587.854656    8587.571239 
A, 308  213.73292250  -13.48035431   5.78    213.73300   -13.47986   213.73268   -13.48063     17.62059     0.09180    11.33431     16.80487     0.16856     5.95419  249 225       1.816302       1.317991 
D, 309  214.05295833    0.26283333   6.03    -99.99900   -99.99900   -99.99900   -99.99900    -99.99900    -9.99000   -99.99900    -99.99900    -9.99000   -99.99900  258 234   30936.340786   30936.293228 
D, 310  214.22087500    1.78394440   6.07    -99.99900   -99.99900   -99.99900   -99.99900    -99.99900    -9.99000   -99.99900    -99.99900    -9.99000   -99.99900  241 220   28858.303651   28857.469280 
D, 311  214.36945833    1.28677778   6.02    -99.99900   -99.99900   -99.99900   -99.99900    -99.99900    -9.99000   -99.99900    -99.99900    -9.99000   -99.99900  241 220   30707.555166   30706.722560 
D, 312  214.98537499   55.88783333   5.00    -99.99900   -99.99900   -99.99900   -99.99900    -99.99900    -9.99000   -99.99900    -99.99900    -9.99000   -99.99900  248 224    7698.213396    7698.380247 
A, 313  215.15143000  -16.04173500   5.73    215.15143   -16.04190   215.15134   -16.04184     15.65530     0.01764    61.04781     14.90475     0.03247    32.94525  250 226       0.600357       0.515452 
D, 314  215.50095830    0.18416670   5.89    -99.99900   -99.99900   -99.99900   -99.99900    -99.99900    -9.99000   -99.99900    -99.99900    -9.99000   -99.99900  258 234   28698.053240   28697.933599 
A, 315  215.85800711   13.05019556   5.02    215.85804    13.05018   215.85814    13.05016     16.09419     0.02132    50.43736     15.55858     0.04865    21.82147  251 227       0.118892       0.504535 
D, 316  215.88212500   -0.30252778   6.13    -99.99900   -99.99900   -99.99900   -99.99900    -99.99900    -9.99000   -99.99900    -99.99900    -9.99000   -99.99900  258 234   26623.640408   26623.507776 
A, 317  216.31805050   32.90265034   5.89    216.31860    32.90257   216.31846    32.90276     16.99036     0.03960    26.92223     16.35510     0.08241    12.68124  252 228       2.009174       1.530581 
D, 318  216.32383333   -0.26136111   6.18    -99.99900   -99.99900   -99.99900   -99.99900    -99.99900    -9.99000   -99.99900    -99.99900    -9.99000   -99.99900  258 234   26374.989783   26374.830986 
A, 319  216.87370833   35.36916111   5.53    216.87384    35.36922   216.87357    35.36931     17.41324     0.05795    18.23896     16.53390     0.09897    10.47784  253 229       0.512149       0.737981 
A, 320  216.91079000   33.21166600   6.12    216.91055    33.21163   216.91092    33.21162     16.68297     0.03105    34.46718     15.83254     0.05439    19.46667  254 230       0.874420       0.501485 
A, 321  217.08913280  -16.04536083   6.11    217.08922   -16.04516   217.08934   -16.04506     16.42693     0.03309    32.31084     15.76799     0.06924    15.18713  255 231       0.774090       1.325118 
D, 322  217.26283333   -1.07872222   6.80    -99.99900   -99.99900   -99.99900   -99.99900    -99.99900    -9.99000   -99.99900    -99.99900    -9.99000   -99.99900  258 234   22921.981974   22921.773793 
D, 323  217.29258333   -0.03538889   6.04    -99.99900   -99.99900   -99.99900   -99.99900    -99.99900    -9.99000   -99.99900    -99.99900    -9.99000   -99.99900  258 234   26651.550396   26651.334595 
A, 324  217.40820833   33.07116666   5.39    217.40864    33.07121   217.40883    33.07088     17.87568     0.08543    12.21548     16.85344     0.12905     7.92333  256 232       1.547353       2.465665 
A, 325  217.46737000   54.78824900   6.18    217.46739    54.78809   217.46723    54.78772     17.43431     0.05038    21.05344     16.84875     0.10997     9.38127  257 233       0.579480       1.952260 
A, 326  217.91853330   -7.41207447   6.14    217.91852    -7.41209   217.91863    -7.41202     17.25621     0.06537    16.11307     16.38823     0.11150     9.24587  258 234       0.065317       0.401349 
A, 327  219.02084569   21.54423663   5.22    219.02088    21.54431   219.02088    21.54426     16.52607     0.02853    37.55541     15.94008     0.06281    16.79018  259 235       0.288607       0.145719 
A, 328  219.04891570   50.11865442   5.85    219.04880    50.11870   219.04907    50.11862     17.20771     0.04332    24.56820     16.63353     0.09657    10.75059  260 236       0.463231       0.552121 
A, 329  219.46593790   23.38704160   5.30    219.46589    23.38705   219.46592    23.38708     16.03674     0.01923    55.97643     15.04952     0.02945    36.37358  261 237       0.167932       0.155336 
D, 330  219.48558333   51.85419444   5.17    -99.99900   -99.99900   -99.99900   -99.99900    -99.99900    -9.99000   -99.99900    -99.99900    -9.99000   -99.99900  260 236    6442.615901    6442.643499 
D, 331  220.00541666   -1.11727778   6.13    -99.99900   -99.99900   -99.99900   -99.99900    -99.99900    -9.99000   -99.99900    -99.99900    -9.99000   -99.99900  258 234   23874.208727   23873.849021 
A, 332  220.96111436   36.38753780   5.12    220.96112    36.38763   220.96108    36.38763     15.85135     0.01568    68.72815     14.99236     0.02597    41.30943  262 238       0.323039       0.350176 
A, 333  225.15349900   28.26750830   5.55    225.15351    28.26749   225.15346    28.26757     16.41139     0.02459    43.65014     15.62448     0.04432    24.00305  263 239       0.053155       0.255800 
C, 334  227.42408000  -17.82411100   6.12    -99.99900   -99.99900   227.42365   -17.82403    -99.99900    -9.99000   -99.99900     15.96838     0.09102    11.43497  270 240   18699.462156      1.571846 
A, 335  227.64705421   51.81141544   5.06    227.64704    51.81140   227.64702    51.81141     16.25342     0.01876    57.38681     15.62681     0.03827    27.87432  264 241       0.068692       0.132722 
A, 336  228.41516666    8.90180555   5.47    228.41517     8.90188   228.41541     8.90202     17.27980     0.05706    18.53293     16.65694     0.12312     8.32807  265 242       0.284994       1.173428 
A, 337  228.68711630   21.23882642   5.92    228.68704    21.23922   228.68759    21.23930     17.14554     0.05085    20.85665     16.34642     0.08891    11.71782  266 243       1.434923       2.430550 
A, 338  230.76208330   59.27584440   5.11    230.76239    59.27580   230.76209    59.27633     16.44033     0.02345    45.79700     15.36319     0.02953    36.26324  267 244       1.105716       1.744842 
A, 339  230.94041905   33.79995642   5.33    230.94044    33.79997   230.94033    33.79997     16.80160     0.03196    33.47561     15.74608     0.04613    23.03863  268 245       0.089388       0.336995 
A, 340  231.01708333    8.27758333   5.08    231.01718     8.27770   231.01711     8.27764     17.43438     0.06787    15.50216     16.54006     0.11436     9.00313  269 246       0.558678       0.217163 
A, 341  231.65767083  -20.83351667   6.59    231.65767   -20.83366   231.65782   -20.83363     16.93581     0.05457    19.39914     16.28462     0.11121     9.27174  270 247       0.526204       0.677306 
A, 342  231.80358333    6.68941666   5.57    231.80356     6.68944   231.80345     6.68952     16.85091     0.04087    26.06786     16.21927     0.08689    12.00190  271 248       0.108641       0.592953 
A, 343  233.74898973   13.45039414   5.04    233.74903    13.45040   233.74907    13.45045     16.04694     0.02013    53.42970     15.31004     0.03772    28.29040  272 249       0.147378       0.336698 
A, 344  233.88695800   19.72225000   6.40    233.88696    19.72224   233.88699    19.72220     15.88727     0.01757    61.31223     15.18356     0.03390    31.53097  273 250       0.057352       0.209217 
A, 345  235.94506680   17.00790591   5.82    235.94515    17.00804   235.94519    17.00803     16.94292     0.04269    24.93563     16.38837     0.09668    10.73770  274 251       0.571988       0.641239 
D, 346  236.27341670   42.53655560   6.50    -99.99900   -99.99900   -99.99900   -99.99900    -99.99900    -9.99000   -99.99900    -99.99900    -9.99000   -99.99900  280 255   16026.645459   16026.660937 
B, 347  236.29124150   16.60886345   5.82    236.29111    16.60855   -99.99900   -99.99900     17.11607     0.05344    19.82096    -99.99900    -9.99000   -99.99900  275 251       1.218029    1901.821820 
A, 348  236.46704100   60.47332022   5.78    236.46704    60.47335   236.46716    60.47343     16.01956     0.01435    75.17969     15.15564     0.02332    46.06119  276 252       0.119283       0.586553 
D, 349  237.50387500   43.30077780   5.84    -99.99900   -99.99900   -99.99900   -99.99900    -99.99900    -9.99000   -99.99900    -99.99900    -9.99000   -99.99900  280 255   11971.630364   11971.628634 
B, 350  238.85103350   -6.89766289   5.81    238.85105    -6.89756   -99.99900   -99.99900     17.54634     0.08346    12.51603    -99.99900    -9.99000   -99.99900  277 253       0.364378    3594.838811 
A, 351  239.71246090   -7.40266413   6.11    239.71252    -7.40273   239.71250    -7.40266     16.27713     0.02927    36.59874     15.37212     0.04899    21.66744  278 253       0.320133       0.125795 
D, 352  239.78787500   22.20484167   6.07    -99.99900   -99.99900   -99.99900   -99.99900    -99.99900    -9.99000   -99.99900    -99.99900    -9.99000   -99.99900  286 261   14739.714305   14739.243411 
A, 353  240.29649990  -18.47641110   5.06    240.29666   -18.47635   240.29658   -18.47639     15.60987     0.01909    56.36301     15.07081     0.04181    25.47359  279 254       0.635652       0.299202 
A, 354  240.72490880   42.47359515   6.09    240.72482    42.47364   240.72482    42.47366     16.04140     0.01655    65.11845     15.25724     0.02934    36.50269  280 255       0.358926       0.380123 
D, 355  240.95445830   55.17563889   6.04    -99.99900   -99.99900   -99.99900   -99.99900    -99.99900    -9.99000   -99.99900    -99.99900    -9.99000   -99.99900  288 262   19392.607111   19392.655019 
A, 356  242.40529130   30.69660519   6.14    242.40524    30.69666   242.40491    30.69681     17.64841     0.07102    14.79321     17.04766     0.15201     6.65437  281 256       0.256417       1.564765 
A, 357  242.43971000  -12.98169708   5.83    242.43993   -12.98157   242.43982   -12.98118     16.57339     0.03897    27.36424     16.22340     0.10506     9.84258  282 257       0.919226       1.908644 
A, 358  242.56966544   41.29827146   5.00    242.56966    41.29826   242.56960    41.29810     16.59189     0.02565    41.83314     16.07339     0.05841    18.09334  283 258       0.056951       0.676340 
A, 359  243.60470833   46.67470555   5.31    243.60465    46.67474   243.60465    46.67474     15.82778     0.01365    79.02251     14.98278     0.02269    47.34495  284 259       0.236402       0.244581 
A, 360  243.64733300    1.24577500   5.78    243.64729     1.24580   243.64722     1.24575     16.88262     0.04235    25.13863     16.17783     0.08617    12.10587  285 260       0.187242       0.416687 
A, 361  243.69600000   20.98415833   5.09    243.69603    20.98411   243.69592    20.98420     16.75145     0.03417    31.27486     16.15822     0.07375    14.22700  286 261       0.198199       0.336280 
B, 362  245.06367660   -0.19786005   5.68    245.06368    -0.19741   -99.99900   -99.99900     18.13195     0.12596     8.12921    -99.99900    -9.99000   -99.99900  287 260       1.633890    7280.882957 
A, 363  245.25383000   51.93022000   5.71    245.25392    51.93023   245.25394    51.93024     15.65898     0.01143    94.47503     14.82947     0.01886    57.07628  288 262       0.318955       0.385518 
A, 364  245.81366660   47.09997220   5.13    245.81363    47.09998   245.81363    47.10001     15.56167     0.01122    96.26694     14.86295     0.02035    52.86141  289 263       0.120022       0.191260 
A, 365  245.88256020   31.20014751   6.26    245.88260    31.20012   245.88263    31.20017     16.66472     0.03023    35.41628     15.74659     0.04889    21.71293  290 264       0.187270       0.267899 
A, 366  246.61042035   27.85902656   5.16    246.61044    27.85900   246.61045    27.85904     15.00374     0.00859   125.91196     14.22750     0.01457    74.02806  291 265       0.110041       0.112879 
A, 367  246.62167000   28.98266000   5.04    246.62166    28.98268   246.62167    28.98267     16.62885     0.02942    36.40100     15.97830     0.05902    17.90098  292 266       0.094389       0.047003 
A, 368  247.29706666   24.12770556   6.48    247.29717    24.12790   247.29713    24.12769     16.68481     0.03109    34.42304     15.92782     0.05728    18.45914  293 267       0.791162       0.228579 
A, 369  247.64126390   40.20269293   6.07    247.64130    40.20263   247.64148    40.20267     17.45857     0.05151    20.58110     16.92206     0.11788     8.71987  295 269       0.241524       0.782280 
B, 370  250.34053470   37.92226289   6.05    250.34067    37.92217   -99.99900   -99.99900     17.87963     0.07342    14.29347    -99.99900    -9.99000   -99.99900  296 270       0.590482       3.109010 
A, 371  252.67608300   16.28930550   5.52    252.67610    16.28928   252.67608    16.28934     16.20165     0.02305    46.60180     15.42056     0.04236    25.13549  297 271       0.107505       0.141158 
A, 372  254.14774990   45.68709720   5.34    254.14779    45.68704   254.14780    45.68703     16.25279     0.01773    60.73373     15.51349     0.03203    33.40318  298 272       0.266424       0.317011 
A, 373  254.75883333   27.15977500   5.31    254.75885    27.15974   254.75880    27.15978     15.90979     0.01692    63.65386     15.06086     0.02839    37.74751  299 273       0.134656       0.107143 
A, 374  254.96262500   32.65795270   5.17    254.96270    32.65793   254.96265    32.65790     16.32442     0.02196    48.93990     15.61667     0.04205    25.32385  300 274       0.290902       0.213086 
A, 375  261.03642916   19.02864444   6.44    261.03657    19.02871   261.03651    19.02861     17.89625     0.09429    11.02159     17.11700     0.17255     5.80560  301 275       0.540250       0.307041 
D, 376  267.00211000   22.78121067   5.95    -99.99900   -99.99900   -99.99900   -99.99900    -99.99900    -9.99000   -99.99900    -99.99900    -9.99000   -99.99900  301 275   25371.445938   25371.821389 
A, 377  268.18375000   50.60918050   5.02    268.18374    50.60920   268.18373    50.60922     15.10309     0.00781   138.45349     14.43570     0.01363    79.16695  302 276       0.069959       0.163248 
A, 378  293.03176500   71.65233549   6.08    293.03164    71.65227   293.03169    71.65226     17.01291     0.03159    33.86976     16.27711     0.05943    17.77286  303 277       0.486455       0.387149 
A, 379  308.04164010  -21.23397495   6.24    308.04160   -21.23391   308.04165   -21.23386     16.50202     0.03739    28.53810     15.60063     0.06262    16.84225  304 278       0.265790       0.422363 
A, 380  308.48297000  -27.64850000   5.80    308.48286   -27.64841   308.48340   -27.64844     16.83292     0.04899    21.66508     15.88587     0.07741    13.53086  305 279       0.504052       1.580941 
B, 381  313.34070000    0.78522220   5.92    313.34068     0.78542   -99.99900   -99.99900     17.62002     0.08416    12.40776    -99.99900    -9.99000   -99.99900  306 280       0.709727    3212.923195 
A, 382  313.52704000   -0.08744440   6.04    313.52702    -0.08729   313.52714    -0.08757     17.18337     0.05772    18.31327     16.48734     0.11902     8.63113  307 280       0.567033       0.566626 
B, 383  315.22758000  -17.25624900   6.09    315.22784   -17.25594   -99.99900   -99.99900     17.43664     0.08761    11.89959    -99.99900    -9.99000   -99.99900  308 281       1.433537   27683.897731 
B, 384  315.58008300  -14.98166660   6.65    315.58017   -14.98200   -99.99900   -99.99900     17.79987     0.11608     8.86231    -99.99900    -9.99000   -99.99900  309 281       1.260465   20548.970246 
B, 385  319.55304160   -0.06408330   5.46    319.55291    -0.06424   -99.99900   -99.99900     17.74636     0.09833    10.54973    -99.99900    -9.99000   -99.99900  310 280       0.729319   21693.407604 
A, 386  319.60403000  -10.93262000   5.90    319.60372   -10.93268   319.60349   -10.93271     16.25083     0.03054    35.05136     15.45955     0.05531    19.13521  311 281       1.123495       1.979681 
A, 387  319.86799999   10.48516666   5.18    319.86792    10.48519   319.86739    10.48477     17.04037     0.04868    21.80864     16.46435     0.10799     9.56230  312 282       0.310001       2.624255 
B, 388  319.96620833   -0.67225000   5.87    319.96608    -0.67215   -99.99900   -99.99900     18.21770     0.14406     7.04756    -99.99900    -9.99000   -99.99900  313 285       0.581381   20648.614322 
A, 389  320.87033000  -24.36040000   5.73    320.87034   -24.36044   320.87015   -24.36047     17.09386     0.05951    17.74840     16.66437     0.15249     6.63158  314 283       0.144822       0.699437 
A, 390  323.13829583   12.29868333   6.59    323.13837    12.29878   323.13823    12.29877     16.04214     0.02142    50.19728     15.58119     0.05147    20.59837  315 284       0.415348       0.394354 
A, 391  325.66362499   -1.33341666   5.61    325.66357    -1.33331   325.66370    -1.33343     17.05201     0.05267    20.11949     16.14277     0.09259    11.23331  316 285       0.432697       0.270559 
B, 392  326.98087000    1.13202770   5.81    326.98140     1.13210   -99.99900   -99.99900     18.03420     0.12191     8.41511    -99.99900    -9.99000   -99.99900  317 285       1.940128   10062.910877 
B, 393  328.73399660   -9.50762740   5.92    328.73382    -9.50768   -99.99900   -99.99900     17.75245     0.09943    10.42716    -99.99900    -9.99000   -99.99900  318 288       0.668750   21796.023576 
A, 394  330.27762490    3.03547500   5.06    330.27758     3.03546   330.27758     3.03547     15.94790     0.02054    52.37315     15.41114     0.04682    22.69447  319 286       0.172808       0.159370 
D, 395  330.38362500    1.92472222   6.16    -99.99900   -99.99900   -99.99900   -99.99900    -99.99900    -9.99000   -99.99900    -99.99900    -9.99000   -99.99900  319 286    4016.830177    4016.863209 
A, 396  330.61154160   15.16455000   5.07    330.61159    15.16459   330.61168    15.16447     15.64098     0.01522    70.85732     15.15158     0.03485    30.66119  320 287       0.241077       0.556929 
D, 397  330.63833333    1.52230555   5.23    -99.99900   -99.99900   -99.99900   -99.99900    -99.99900    -9.99000   -99.99900    -99.99900    -9.99000   -99.99900  319 286    5600.022127    5600.053793 
D, 398  331.07466670    1.19577778   5.94    -99.99900   -99.99900   -99.99900   -99.99900    -99.99900    -9.99000   -99.99900    -99.99900    -9.99000   -99.99900  319 286    7217.770255    7217.799337 
A, 399  331.79216660   -4.28230000   5.53    331.79219    -4.28231   331.79219    -4.28232     15.14821     0.01176    91.79031     14.12698     0.01721    62.60435  321 288       0.076206       0.130086 
D, 400  332.61350000    3.07458330   6.90    -99.99900   -99.99900   -99.99900   -99.99900    -99.99900    -9.99000   -99.99900    -99.99900    -9.99000   -99.99900  319 286    8410.491039    8410.486071 
D, 401  332.80070833  -32.10355556   6.32    -99.99900   -99.99900   -99.99900   -99.99900    -99.99900    -9.99000   -99.99900    -99.99900    -9.99000   -99.99900  314 283   51202.264135   51202.787645 
B, 402  332.92087499    0.18858333   5.23    332.92056     0.18874   -99.99900   -99.99900     18.07140     0.13103     7.79611    -99.99900    -9.99000   -99.99900  322 289       1.275834    3398.083733 
A, 403  333.21454166   -0.70852777   5.42    333.21483    -0.70854   333.21454    -0.70848     17.11155     0.05737    18.43120     16.75799     0.15596     6.47368  323 289       1.042927       0.154305 
D, 404  333.27191666    0.56883333   5.31    -99.99900   -99.99900   -99.99900   -99.99900    -99.99900    -9.99000   -99.99900    -99.99900    -9.99000   -99.99900  322 291    1863.425271    3500.226782 
B, 405  333.83425000   -0.15233333   5.28    333.83436    -0.15259   -99.99900   -99.99900     18.33180     0.16385     6.13885    -99.99900    -9.99000   -99.99900  324 291       0.999440    1864.075924 
A, 406  333.98597890   26.10816837   6.03    333.98529    26.10833   333.98557    26.10819     17.43787     0.06813    15.44060     16.67209     0.12680     8.07208  325 290       2.562074       1.477666 
A, 407  334.18341666    0.23002778   5.01    334.18344     0.22997   334.18330     0.23013     17.07584     0.05486    19.29689     16.48115     0.12129     8.46068  326 291       0.232279       0.562490 
D, 408  334.18529170   -0.28058333   6.10    -99.99900   -99.99900   -99.99900   -99.99900    -99.99900    -9.99000   -99.99900    -99.99900    -9.99000   -99.99900  324 291    1344.756075    1838.588810 
D, 409  334.82175000    1.04691667   6.16    -99.99900   -99.99900   -99.99900   -99.99900    -99.99900    -9.99000   -99.99900    -99.99900    -9.99000   -99.99900  326 291    3732.301247    3732.135047 
A, 410  335.07704000   -1.02969114   5.62    335.07700    -1.02971   335.07718    -1.02965     16.89635     0.04913    21.60151     16.08797     0.08805    11.83829  327 292       0.156625       0.512136 
C, 411  335.78962500    3.43897220   6.05    -99.99900   -99.99900   335.78932     3.43895    -99.99900    -9.99000   -99.99900     16.96275     0.17990     5.54900  328 293    1887.514337      1.095704 
A, 412  336.30991660    3.50347220   5.35    336.30995     3.50346   336.30997     3.50348     16.35940     0.02868    37.36441     15.63927     0.05732    18.44669  328 294       0.138378       0.206157 
A, 413  336.55170830   -6.30202490   5.08    336.55173    -6.30201   336.55166    -6.30197     15.71241     0.01812    59.40710     15.04126     0.03709    28.77471  329 295       0.080501       0.269643 
D, 414  337.11595830    1.46930556   6.01    -99.99900   -99.99900   -99.99900   -99.99900    -99.99900    -9.99000   -99.99900    -99.99900    -9.99000   -99.99900  328 294    7876.873129    7876.908087 
D, 415  337.18141000    1.17561110   5.95    -99.99900   -99.99900   -99.99900   -99.99900    -99.99900    -9.99000   -99.99900    -99.99900    -9.99000   -99.99900  328 294    8948.243379    8948.280067 
A, 416  337.18812499   -7.96538333   5.14    337.18804    -7.96533   337.18787    -7.96525     16.36306     0.03200    33.43058     15.62175     0.06193    17.03732  330 296       0.345668       1.048552 
D, 417  337.19879166    1.87791667   6.08    -99.99900   -99.99900   -99.99900   -99.99900    -99.99900    -9.99000   -99.99900    -99.99900    -9.99000   -99.99900  328 294    6669.652994    6669.676487 
D, 418  337.25687000   14.95249900   6.15    -99.99900   -99.99900   -99.99900   -99.99900    -99.99900    -9.99000   -99.99900    -99.99900    -9.99000   -99.99900  320 287   23935.179742   23934.865932 
D, 419  337.95370830   -0.59652780   5.87    -99.99900   -99.99900   -99.99900   -99.99900    -99.99900    -9.99000   -99.99900    -99.99900    -9.99000   -99.99900  332 292    6341.841377   10472.243514 
D, 420  338.05012500    0.21066667   6.18    -99.99900   -99.99900   -99.99900   -99.99900    -99.99900    -9.99000   -99.99900    -99.99900    -9.99000   -99.99900  333 292    6322.530662   11596.702578 
A, 421  338.22977070   29.50897599   6.67    338.22961    29.50901   338.22909    29.50879     17.50309     0.06850    15.35528     17.08688     0.17390     5.75678  331 297       0.586845       2.552700 
D, 422  338.36516660   -1.11788880   5.11    -99.99900   -99.99900   -99.99900   -99.99900    -99.99900    -9.99000   -99.99900    -99.99900    -9.99000   -99.99900  332 292    5401.922094   11841.021684 
D, 423  339.18575000    0.54913889   6.40    -99.99900   -99.99900   -99.99900   -99.99900    -99.99900    -9.99000   -99.99900    -99.99900    -9.99000   -99.99900  333 294    2149.752114   14842.403003 
B, 424  339.70916660   -0.45050000   5.17    339.70930    -0.45087   -99.99900   -99.99900     18.05722     0.13181     7.74729    -99.99900    -9.99000   -99.99900  332 292       1.425230   16805.000020 
B, 425  339.78149990    0.50627770   5.09    339.78135     0.50613   -99.99900   -99.99900     17.86458     0.11110     9.28077    -99.99900    -9.99000   -99.99900  333 294       0.762124   16510.902673 
D, 426  339.94779166    2.12986111   6.26    -99.99900   -99.99900   -99.99900   -99.99900    -99.99900    -9.99000   -99.99900    -99.99900    -9.99000   -99.99900  333 294    5876.075458   13998.654172 
A, 427  340.20417000  -18.66217000   5.98    340.20428   -18.66230   340.20420   -18.66229     16.55506     0.03910    27.27245     15.57195     0.06199    17.01805  334 298       0.606004       0.442967 
D, 428  340.65645000    3.57266660   5.88    -99.99900   -99.99900   -99.99900   -99.99900    -99.99900    -9.99000   -99.99900    -99.99900    -9.99000   -99.99900  333 294   11480.256843   15649.298023 
B, 429  341.35112490    0.40394440   5.16    341.35111     0.40394   -99.99900   -99.99900     18.06836     0.13739     7.41311    -99.99900    -9.99000   -99.99900  335 300       0.069603   19971.221873 
A, 430  342.50837500  -50.26170833   6.00    342.50849   -50.26180   342.50866   -50.26145     16.25407     0.02429    44.19801     15.57203     0.04771    22.26086  336 299       0.538477       1.387351 
D, 431  343.02266670    2.42552780   6.12    -99.99900   -99.99900   -99.99900   -99.99900    -99.99900    -9.99000   -99.99900    -99.99900    -9.99000   -99.99900  337 300    3547.982079   15527.610443 
B, 432  343.90850000    2.85738890   6.34    343.90859     2.85734   -99.99900   -99.99900     17.83368     0.11111     9.28055    -99.99900    -9.99000   -99.99900  337 300       0.362216   13636.126924 
D, 433  346.09570830    0.75150000   6.36    -99.99900   -99.99900   -99.99900   -99.99900    -99.99900    -9.99000   -99.99900    -99.99900    -9.99000   -99.99900  338 300    2994.200998    2993.312270 
A, 434  346.89729000    0.53038880   5.87    346.89752     0.53044   346.89725     0.53039     17.25735     0.06304    16.72656     16.37018     0.11068     9.31829  338 300       0.830519       0.160808 
A, 435  347.66205860   18.92220166   6.00    347.66200    18.92204   347.66198    18.92223     15.88063     0.01786    60.30235     15.30629     0.03913    27.25300  339 301       0.621681       0.298059 
B, 436  348.06849990    1.01430550   5.08    348.06859     1.01409   -99.99900   -99.99900     18.08593     0.13405     7.60958    -99.99900    -9.99000   -99.99900  340 300       0.848874    4562.227782 
A, 437  348.94404000   -0.39947220   6.12    348.94454    -0.39943   348.94390    -0.39956     17.34463     0.07095    14.80782     16.65662     0.14184     7.16573  341 302       1.789199       0.579107 
A, 438  349.40937500   22.73600830   5.50    349.40941    22.73600   349.40942    22.73603     16.13047     0.02200    48.84409     15.36665     0.04155    25.63211  342 303       0.132088       0.173957 
D, 439  349.50000000  -31.21666667   6.51    -99.99900   -99.99900   -99.99900   -99.99900    -99.99900    -9.99000   -99.99900    -99.99900    -9.99000   -99.99900  351 298   27524.507214   56236.590583 
B, 440  349.51166000   -2.77611110   6.05    349.51134    -2.77648   -99.99900   -99.99900     18.18984     0.14479     7.00976    -99.99900    -9.99000   -99.99900  343 302       1.763535    8796.354207 
A, 441  351.30935080   26.47995309   5.77    351.30943    26.47989   351.30933    26.47993     16.14219     0.02207    48.70316     15.48997     0.04541    23.41333  344 304       0.353523       0.116815 
A, 442  351.40266666   -5.89119444   5.22    351.40268    -5.89123   351.40270    -5.89123     16.32702     0.02993    35.77829     15.64557     0.05992    17.62381  345 305       0.157758       0.195652 
B, 443  352.28450000   -3.03299990   6.42    352.28454    -3.03275   -99.99900   -99.99900     17.99874     0.12635     8.10281    -99.99900    -9.99000   -99.99900  346 305       0.925206   10768.191901 
D, 444  352.31025000   -4.05669440   5.90    -99.99900   -99.99900   -99.99900   -99.99900    -99.99900    -9.99000   -99.99900    -99.99900    -9.99000   -99.99900  346 305    3687.372714    7368.289838 
A, 445  352.41375000   30.06410550   5.24    352.41373    30.06417   352.41372    30.06409     16.15446     0.02176    49.39241     15.52163     0.04549    23.37306  347 306       0.243540       0.113667 
A, 446  352.53629166    9.96213888   5.30    352.53637     9.96214   352.53654     9.96232     16.20958     0.02506    42.81910     15.14415     0.03741    28.52422  348 307       0.276426       1.122045 
B, 447  353.72937490   -0.17280550   5.11    353.72908    -0.17293   -99.99900   -99.99900     18.01114     0.12520     8.18159    -99.99900    -9.99000   -99.99900  349 302       1.162271   17247.027109 
A, 448  356.13958330   16.88791110   5.00    356.13960    16.88790   356.13955    16.88796     15.26396     0.01156    93.42812     14.57817     0.02214    48.53938  350 308       0.074080       0.216800 
B, 449  357.13890000  -30.90284400   6.90    357.13926   -30.90297   -99.99900   -99.99900     17.68211     0.08921    11.67685    -99.99900    -9.99000   -99.99900  351 298       1.363727   75223.214768 
D, 450  357.82899110    6.40192191   5.81    -99.99900   -99.99900   -99.99900   -99.99900    -99.99900    -9.99000   -99.99900    -99.99900    -9.99000   -99.99900  354 311    6407.591201    6406.600737 
A, 451  357.85129166   -4.98536111   5.25    357.85133    -4.98542   357.85140    -4.98555     17.10661     0.05575    18.97784     16.09838     0.08992    11.58114  352 309       0.255887       0.781208 
A, 452  359.13521490   -6.38312644   6.15    359.13517    -6.38313   359.13522    -6.38318     16.49391     0.03231    33.10482     15.66963     0.06075    17.37705  353 310       0.161674       0.177498 
D, 453  359.21491000    0.39258330   6.00    -99.99900   -99.99900   -99.99900   -99.99900    -99.99900    -9.99000   -99.99900    -99.99900    -9.99000   -99.99900  349 309   19853.653963   19973.831378 
A, 454  359.60016666    6.57705555   5.32    359.60024     6.57703   359.59997     6.57697     16.33773     0.02974    36.01213     15.37863     0.04694    22.63631  354 311       0.287222       0.762569 
