 qsoName,filterID,mjd,duration,aperJky3,aperJky3Err,aperMag3Ab,aperMag3Err,ppErrBits,nMeas,totExpTime
               SHELLQsJ0220-0432,   1,  +55214.4453675,      +2.0120404,+1.741528E-006,+3.301684E-007,    +23.289675,     +0.205840,          0,          3,    +720.0000000
               SHELLQsJ0220-0432,   2,  +55213.0865946,  +0.0000000E000,-8.489972E-008,+1.106894E-006, -9.999995E008, -9.999995E008,          0,          1,    +200.0000000
               SHELLQsJ0220-0432,   2,  +56626.3143903,      +1.9847207,+9.175001E-007,+3.695042E-007,    +23.976484,     +0.437258,          0,          5,   +2220.0000000
               SHELLQsJ0220-0432,   2,  +56178.3100310,      +0.0068511,+9.999488E-007,+5.234696E-007,    +23.883055,     +0.568379,          0,          2,    +960.0000000
               SHELLQsJ0220-0432,   2,  +55854.9557955,      +1.0531127,+1.048622E-006,+3.181333E-007,    +23.831453,     +0.329393,          0,          6,   +2880.0000000
               SHELLQsJ0220-0432,   2,  +56998.4205344,     +21.9893600,+1.125336E-006,+2.100744E-007,    +23.754795,     +0.202682,          0,         20,   +9600.0000000
               SHELLQsJ0220-0432,   2,  +56919.8327820,     +25.9823543,+1.251279E-006,+1.680300E-007,    +23.639614,     +0.145800,          0,         22,  +10560.0000000
               SHELLQsJ0220-0432,   2,  +56517.2059227,      +9.9656935,+1.299295E-006,+2.040566E-007,    +23.598730,     +0.170517,          0,         16,   +7680.0000000
               SHELLQsJ0220-0432,   2,  +56642.1111985,     +25.0100616,+1.304246E-006,+2.736413E-007,    +23.594600,     +0.227796,          0,         10,   +4800.0000000
               SHELLQsJ0220-0432,   2,  +55877.5750611,     +26.1129898,+1.334805E-006,+2.223053E-007,    +23.569454,     +0.180824,          0,         16,   +7680.0000000
               SHELLQsJ0220-0432,   2,  +56959.4121511,     +27.9356777,+1.400654E-006,+1.801985E-007,    +23.517172,     +0.139683,          0,         22,  +10560.0000000
               SHELLQsJ0220-0432,   2,  +56256.5352119,     +19.0038233,+1.444971E-006,+1.938491E-007,    +23.483353,     +0.145656,          0,         20,   +9600.0000000
               SHELLQsJ0220-0432,   2,  +56878.0083621,     +27.0080131,+1.658216E-006,+2.366454E-007,    +23.333897,     +0.154946,          0,         12,   +5760.0000000
               SHELLQsJ0220-0432,   2,  +56210.2561212,      +0.0067259,+1.906880E-006,+5.123651E-007,    +23.182192,     +0.291730,          0,          2,    +960.0000000
               SHELLQsJ0220-0432,   2,  +57367.6300497,      +9.0426459,+1.936152E-006,+5.052624E-007,    +23.165651,     +0.283336,          0,          4,   +1152.0000000
               SHELLQsJ0220-0432,   2,  +55897.1133320,      +0.0069435,+1.962346E-006,+5.865038E-007,    +23.151060,     +0.324504,          0,          2,    +960.0000000
               SHELLQsJ0220-0432,   2,  +56301.5901952,      +5.0097832,+2.125479E-006,+4.189721E-007,    +23.064358,     +0.214019,          0,          4,   +1920.0000000
               SHELLQsJ0220-0432,   2,  +57306.9062569,     +19.8858704,+2.280064E-006,+4.133360E-007,    +22.988132,     +0.196825,          0,          6,   +1728.0000000
               SHELLQsJ0220-0432,   2,  +57331.1064825,      +0.0041920,+2.681399E-006,+7.814218E-007,    +22.812096,     +0.316409,          0,          2,    +576.0000000
               SHELLQsJ0220-0432,   3,  +55171.2118246,      +0.0039143,-1.603389E-007,+1.445639E-006, -9.999995E008, -9.999995E008,          0,          3,    +180.0000000
               SHELLQsJ0220-0432,   3,  +55927.1333134,      +0.0068050,+1.205087E-007,+7.479512E-007,    +26.181454,     +6.738744,          0,          2,    +960.0000000
               SHELLQsJ0220-0432,   3,  +57362.1779835,      +0.0040913,+1.048593E-006,+9.364105E-007,    +23.832481,     +0.969580,          0,          2,    +576.0000000
               SHELLQsJ0220-0432,   3,  +57297.2621362,      +0.0040216,+1.323992E-006,+7.750341E-007,    +23.579287,     +0.635565,          0,          2,    +576.0000000
               SHELLQsJ0220-0432,   3,  +56231.3092665,     +29.1028704,+1.457191E-006,+1.677752E-007,    +23.475208,     +0.125007,          0,         30,  +14400.0000000
               SHELLQsJ0220-0432,   3,  +56524.4312815,     +19.9545748,+1.463587E-006,+2.243704E-007,    +23.470453,     +0.166445,          0,         18,   +8640.0000000
               SHELLQsJ0220-0432,   3,  +55850.5493514,     +24.9362941,+1.612344E-006,+2.406346E-007,    +23.365355,     +0.162041,          0,         12,   +5760.0000000
               SHELLQsJ0220-0432,   3,  +56251.5020383,     +26.8579816,+1.732851E-006,+2.358721E-007,    +23.287096,     +0.147788,          0,         18,   +8640.0000000
               SHELLQsJ0220-0432,   3,  +57315.5303061,     +25.8582989,+1.924150E-006,+4.801566E-007,    +23.173403,     +0.270937,          0,          6,   +1728.0000000
               SHELLQsJ0220-0432,   3,  +55889.2042437,     +10.9982557,+2.477133E-006,+5.526365E-007,    +22.899126,     +0.242222,          0,          6,   +2340.0000000
               SHELLQsJ0220-0432,   3,  +57373.1726497,      +0.0040470,+2.829149E-006,+1.000145E-006,    +22.754860,     +0.383823,          0,          2,    +576.0000000
               SHELLQsJ0220-0432,   3,  +55215.5706898,      +3.9966546,+3.799699E-006,+9.906549E-007,    +22.434628,     +0.283072,          0,          4,    +400.0000000
               SHELLQsJ0220-0432,   4,  +55216.3911147,      +1.9999985,-1.800423E-006,+1.614800E-006, -9.999995E008, -9.999995E008,          0,          3,    +450.0000000
               SHELLQsJ0220-0432,   4,  +56116.3773896,      +0.0064746,+4.823289E-007,+1.364031E-006,    +24.675642,     +3.070472,          0,          2,    +840.0000000
               SHELLQsJ0220-0432,   4,  +55171.2183522,      +0.0041626,+1.627773E-006,+2.562304E-006,    +23.355015,     +1.709075,          0,          3,    +180.0000000
               SHELLQsJ0220-0432,   4,  +56185.5896810,     +29.0721931,+1.673441E-006,+2.458850E-007,    +23.324974,     +0.159531,          0,         26,  +10920.0000000
               SHELLQsJ0220-0432,   4,  +56231.8023942,     +28.9780515,+1.686579E-006,+1.891943E-007,    +23.316483,     +0.121794,          0,         52,  +21840.0000000
               SHELLQsJ0220-0432,   5,  +55842.0281235,      +5.9652649,+1.320686E-006,+6.389781E-007,    +23.589000,     +0.525304,          0,         10,   +4200.0000000
               SHELLQsJ0220-0432,   5,  +55216.3730234,      +2.0013611,+1.644796E-006,+1.600590E-006,    +23.350720,     +1.056556,          0,          3,    +720.0000000
               SHELLQsJ0220-0432,   5,  +55879.7384199,     +21.7641112,+2.337049E-006,+6.288878E-007,    +22.969330,     +0.292166,          0,         14,   +5880.0000000
               SHELLQsJ0220-0432,   5,  +56259.6266398,     +19.0190698,+2.436399E-006,+3.176986E-007,    +22.924130,     +0.141577,          0,         56,  +23520.0000000
               SHELLQsJ0220-0432,   5,  +56229.0142932,     +21.8985854,+2.570096E-006,+5.716680E-007,    +22.866127,     +0.241501,          0,         14,   +5880.0000000
               SHELLQsJ0220-0432,   5,  +56187.2579498,      +0.0467243,+3.681917E-006,+1.144201E-006,    +22.475815,     +0.337406,          0,          4,   +1680.0000000
               SHELLQsJ0220-0432,   5,  +55171.2250116,      +0.0041684,+7.527031E-006,+3.025735E-006,    +21.699440,     +0.436447,          0,          3,    +180.0000000
