|cntr_01|dist_x  |pang_x     |ra_01           |dec_01           |ra         |dec        |w2mpro|w2sigmpro|w2snr |
|long   |double  |double     |double          |double           |double     |double     |double|double   |double|
|       |arcsec  |deg        |                |                 |deg        |deg        |mag   |mag      |      |
|null   |null    |null       |null            |null             |null       |null       |null  |null     |null  |
       1 0.224737 -159.255936 3.4011348000e-01  2.6835881380e+01   0.3400887  26.8358230 15.266     0.107   10.2 
       2 0.154183   17.033526 6.6411726000e-01  2.5843044250e+01   0.6641312  25.8430852 15.542     0.127    8.5 
       3 1.144653   77.152578 1.4680833000e+00 -1.1549990000e-01   1.4683933  -0.1154292 17.043      null    0.2 
       4 0.085736 -121.659212 2.1073900000e+00 -6.4345600000e+00   2.1073696  -6.4345725 15.684     0.141    7.7 
       5 0.182604  -63.288606 2.2142917000e+00  3.6270413800e+01   2.2142355  36.2704366 15.373     0.092   11.8 
       7 0.427985   41.528574 3.1369990000e+00  3.6537805500e+01   3.1370971  36.5378945 15.134     0.073   14.8 
       8 0.126307 -147.772412 4.3111666000e+00 -1.0015397220e+01   4.3111476 -10.0154269 15.167     0.094   11.5 
      10 0.248401   28.392977 4.8140800000e+00 -2.4299160000e+01   4.8141160 -24.2990993 15.569     0.116    9.4 
      11 0.000000    0.000000 5.1311237000e+00 -3.6894947600e+01   5.1311237 -36.8949476 16.354     0.204    5.3 
      12 1.315421   60.811015 5.8777916000e+00 -3.1011110000e-01   5.8781106  -0.3099329 16.155     0.212    5.1 
      14 0.200458 -102.445245 6.3618333000e+00 -1.7590306000e+00   6.3617789  -1.7590426 14.157     0.048   22.5 
      15 0.800841  101.536636 7.0273329200e+00  4.9571231900e+00   7.0275517   4.9570787 16.410     0.287    3.8 
      16 0.526591   61.051764 7.8577499900e+00  7.1769222000e+00   7.8578790   7.1769930 15.479     0.119    9.1 
      18 0.849046 -166.059904 8.5597920000e+00  3.7998333300e+01   8.5597199  37.9981044 15.758     0.129    8.4 
      19 0.712696  -32.423004 9.3573290200e+00 -8.1190174100e+00   9.3572218  -8.1188503 16.347     0.261    4.2 
      20 0.653851 -106.045075 9.6504160000e+00 -1.5456555500e+01   9.6502349 -15.4566057 16.076     0.213    5.1 
      21 0.235842   79.800984 9.7355079400e+00 -1.0431638600e+01   9.7355735 -10.4316270 15.864     0.160    6.8 
      22 1.130482   22.882749 1.1389866660e+01  9.0324888900e+00  11.3899903   9.0327782 17.160      null   -0.3 
      23 0.400569   86.047322 1.2527770990e+01  3.4756014830e+01  12.5279061  34.7560225 15.791     0.115    9.4 
      26 0.485414 -138.572417 1.4233499000e+01  2.2686711100e+01  14.2334023  22.6866100 16.019     0.160    6.8 
      27 0.128929  157.344031 1.5054263470e+01  2.8040531950e+01  15.0542791  28.0404989 13.638     0.034   31.6 
      29 0.626445 -171.838242 1.7027499900e+01  7.1890555500e+00  17.0274750   7.1888833 15.330     0.105   10.3 
      32 0.210282   16.417513 1.8473958300e+01  5.9975277700e+00  18.4739749   5.9975838 16.063     0.174    6.2 
      33 0.686221 -134.878315 1.8729625000e+01  3.2637869400e+01  18.7294646  32.6377349 16.294     0.193    5.6 
      34 0.689428  108.700025 1.8936583300e+01  2.5413880000e-01  18.9367647   0.2540774 17.112     0.523    2.1 
      35 0.736162  -83.062382 1.8942791650e+01 -2.8867333000e+00  18.9425884  -2.8867086 15.873     0.166    6.6 
      36 0.515978  178.886030 1.9059583300e+01  5.6382499000e+00  19.0595861   5.6381066 15.759     0.134    8.1 
      37 0.936332  -15.361533 2.0224708000e+01  2.1785055500e+01  20.2246338  21.7853063 15.848     0.167    6.5 
      38 0.374906  -64.934258 2.1421337750e+01 -2.5882288020e+01  21.4212329 -25.8822439 15.491     0.112    9.7 
      41 0.060089  112.918663 2.2863916600e+01 -3.3500527000e+00  22.8639320  -3.3500592 13.843     0.036   30.1 
      42 0.235085  -34.058507 2.3007100000e+01 -2.2675300000e+00  23.0070634  -2.2674759 15.480     0.098   11.1 
      43 0.198543 -146.182373 2.3361833300e+01  1.1104722200e+00  23.3618026   1.1104264 16.019     0.198    5.5 
      45 0.373988 -105.750750 2.5237640000e+01 -1.1683190000e+01  25.2375379 -11.6832182 15.924     0.147    7.4 
      46 0.006480 -180.000000 2.5682197200e+01 -3.3462630000e+01  25.6821972 -33.4626318 15.480     0.085   12.8 
      47 0.681778   65.059080 2.5792666660e+01 -5.5752966660e+01  25.7929718 -55.7528868 15.733     0.103   10.5 
      48 0.548512   52.330846 2.7156812830e+01  6.0055733900e+00  27.1569341   6.0056665 15.273     0.098   11.1 
      49 0.262351 -129.853082 2.8888666600e+01  4.2518725000e+00  28.8886105   4.2518258 15.187     0.095   11.5 
      50 0.238812 -106.914212 2.9439375000e+01  3.0019633300e+01  29.4393017  30.0196140 14.657     0.060   18.1 
      51 0.224110  -37.330924 2.9517260000e+01 -2.9088680000e+01  29.5172168 -29.0886305 15.239     0.080   13.5 
      52 0.002520 -180.000000 2.9991547900e+01 -3.6565723000e+01  29.9915479 -36.5657237 15.873     0.125    8.7 
      54 0.294786  152.815510 3.0884915490e+01  2.0813044000e-01  30.8849529   0.2080576 16.019     0.186    5.8 
      57 1.257186  167.096705 3.2017958300e+01 -1.2095277000e+00  32.0180363  -1.2098681 16.885     0.369    2.9 
      59 0.383539   21.242144 3.2736124900e+01  5.1305600000e-02  32.7361635   0.0514049 16.192     0.187    5.8 
      63 0.223403 -171.044346 3.4100666600e+01  2.3069297200e+01  34.1006561  23.0692359 15.727     0.154    7.0 
      65 1.569789   79.401940 3.4161875000e+01 -5.2439055600e+01  34.1625781 -52.4389754 16.888     0.271    4.0 
      67 0.118922  -56.982550 3.4587833300e+01 -4.6269460000e-01  34.5878056  -0.4626766 16.447     0.247    4.4 
      70 0.044797  164.654526 3.5302541600e+01 -3.7145000000e+00  35.3025449  -3.7145120 15.625     0.113    9.6 
      72 0.566721 -168.225230 3.6507806770e+01  3.0498383100e+00  36.5077746   3.0496842 16.135     0.177    6.1 
      75 0.082595  111.021282 3.7906833300e+01 -7.4817777700e+00  37.9068549  -7.4817860 14.988     0.070   15.4 
      76 0.975285  -84.046446 3.7970657000e+01 -2.8838911000e+01  37.9703494 -28.8388829 16.608     0.266    4.1 
      80 0.400860  -81.218207 4.0470500000e+01  4.5981833000e+00  40.4703896   4.5982003 15.602     0.129    8.4 
      82 0.019112  -86.760603 3.6110570000e+01 -4.7191490000e+01  36.1105622 -47.1914897 15.421     0.076   14.3 
      84 0.512970   25.134027 4.2669090000e+01 -2.9174500000e+00  42.6691506  -2.9173210 16.511      null    2.0 
      85 0.203902  -16.165940 4.2838874900e+01  3.5548388000e+00  42.8388591   3.5548932 14.929     0.074   14.8 
      86 1.175214  101.969081 4.3069333300e+01 -5.0588333000e+00  43.0696539  -5.0589010 16.724     0.289    3.8 
      90 0.411108  -38.234227 4.6320483000e+01 -3.1848861000e+01  46.3203998 -31.8487713 16.746     0.243    4.5 
      91 0.148801   25.199208 4.6677125000e+01  1.8887736100e+01  46.6771436  18.8877735 13.455     0.035   30.8 
      93 0.436163  173.594822 4.9293428290e+01 -2.6554363700e+01  49.2934434 -26.5544841 17.467     0.420    2.6 
      94 0.515456   52.178452 4.9923583300e+01 -1.0146111100e+01  49.9236982 -10.1460233 16.233     0.169    6.4 
      96 1.126707  116.075763 5.0918083330e+01 -4.7022258330e+01  50.9184957 -47.0223959 17.104     0.290    3.7 
      97 0.504470    2.472813 5.2147942000e+01 -3.2889678000e+01  52.1479492 -32.8895380 16.191     0.130    8.4 
     100 0.173985 -174.419281 5.4622124900e+01  3.6563880000e-01  54.6221202   0.3655907 16.637     0.308    3.5 
     102 0.875844   86.370848 5.6716850000e+01 -1.6476910000e+01  56.7171032 -16.4768946 15.865     0.140    7.8 
     104 0.456579  170.315036 5.8457213560e+01  1.0679614200e+00  58.4572349   1.0678364 16.285     0.241    4.5 
     105 1.165233 -164.021006 6.0552894500e+01  2.4856785670e+01  60.5527963  24.8564745 16.066     0.212    5.1 
     106 1.068490   58.114292 6.2080125000e+01 -5.6541338880e+01  62.0805821 -56.5411821 16.841     0.184    5.9 
     107 0.800899 -116.745980 6.2513458330e+01 -4.4244638880e+01  62.5131810 -44.2447390 16.913     0.216    5.0 
     108 0.516280  157.194525 6.2869291000e+01 -9.1305000000e+00  62.8693473  -9.1306322 16.252     0.190    5.7 
     109 0.507564  138.294807 6.5047250000e+01 -4.4889944440e+01  65.0473824 -44.8900497 16.822     0.200    5.4 
     110 1.079095  153.089448 6.5408537000e+01 -2.6954335110e+01  65.4086892 -26.9546024 15.656     0.103   10.5 
     111 0.339052 -159.592368 6.5504146530e+01 -1.9457968530e+01  65.5041117 -19.4580568 15.083     0.069   15.8 
     112 0.226124   63.016583 6.9946166000e+01  1.6571027700e+01  69.9462244  16.5710562 13.244     0.032   33.8 
     114 0.126061  154.477768 7.1450750000e+01 -2.3332900000e+00  71.4507651  -2.3333216 15.563     0.108   10.1 
     115 0.467131   21.893894 7.3507450000e+01 -4.4808640000e+01  73.5075182 -44.8085196 16.284     0.140    7.8 
     116 0.415792   86.674429 7.5935660000e+01 -7.5061300000e+00  75.9357763  -7.5061233 16.243     0.206    5.3 
     117 0.221045  179.622487 8.9939444580e+01 -1.5583389500e+01  89.9394450 -15.5834509 14.543     0.048   22.8 
     118 0.860907  132.740486 1.0660995800e+02  2.9351527700e+01 106.6101595  29.3513654 15.187     0.088   12.3 
     119 0.163983  177.887089 1.0844294160e+02  8.9257369200e+00 108.4429433   8.9256914 15.175     0.094   11.6 
     120 0.523254 -163.551531 1.1276303000e+02  4.4997070000e+01 112.7629718  44.9969306 15.300     0.094   11.5 
     121 0.152196 -131.007155 1.1547800000e+02  2.5341569440e+01 115.4779647  25.3415417 13.811     0.041   26.2 
     122 0.066163  -59.600789 1.1695491660e+02  1.1897905500e+01 116.9549004  11.8979148 13.791     0.038   28.6 
     123 0.383207  -96.792533 1.1907558120e+02  4.1069059190e+01 119.0754410  41.0690466 16.385     0.227    4.8 
     124 0.308538   71.918656 1.2077258300e+02  3.1642833300e+01 120.7726787  31.6428599 16.447     0.281    3.9 
     125 0.119707   69.214766 1.2272630860e+02  5.1094473000e+01 122.7263581  51.0944848 15.866     0.144    7.6 
     126 0.220775  -25.613397 1.2320341660e+02  4.6823722000e+00 123.2033900   4.6824275 15.546     0.135    8.0 
     128 0.869968 -101.924002 1.2622506340e+02  1.3038049030e+01 126.2248207  13.0379991 15.858     0.176    6.2 
     130 0.273366  139.486673 1.2728174060e+02  3.0657009300e+00 127.2817900   3.0656432 16.527     0.277    3.9 
     131 0.475308   53.302396 1.2738320800e+02  4.1294555500e+01 127.3833489  41.2946344 16.154     0.191    5.7 
     132 0.226418   28.178240 1.2738791660e+02  2.5112666660e+01 127.3879494  25.1127221 15.836     0.177    6.1 
     133 0.522006   71.787095 1.2832358330e+02  2.7441388880e+01 128.3237385  27.4414342 16.640     0.297    3.7 
     137 0.141533 -133.756716 1.2918276650e+02  9.1479339000e-01 129.1827381   0.9147662 14.416     0.052   21.0 
     138 0.478106   36.396875 1.2940766600e+02  4.9483444400e+01 129.4077873  49.4835513 15.797     0.123    8.8 
     139 0.335631  155.893597 1.2994533300e+02  3.9003194400e+01 129.9453820  39.0031093 15.623     0.123    8.8 
     140 1.036894 -147.088159 1.2998065000e+02  2.6505830000e-01 129.9804935   0.2648165 16.561      null    1.8 
     141 0.319548   27.630982 1.3014626150e+02  5.6405617560e+01 130.1463359  56.4056962 15.963     0.220    4.9 
     142 0.544133  159.064693 1.3033132310e+02  2.9084596570e+01 130.3313849  29.0844554 16.261     0.245    4.4 
     143 0.717915   45.106276 1.3062263840e+02  1.2314050850e+01 130.6227830  12.3141916 15.971     0.175    6.2 
     146 0.266654   46.847440 1.3161600383e+02  8.0143655400e+00 131.6160584   8.0144162 16.286     0.224    4.9 
     148 0.251788 -152.431720 1.3270102550e+02  3.2779983100e+01 132.7009870  32.7799211 15.645     0.151    7.2 
     150 0.249544  125.944797 1.3362655121e+02  2.0947454690e+01 133.6266113  20.9474140 15.165     0.100   10.8 
     160 0.222075  144.707057 1.3662812499e+02  6.9508555550e+01 136.6282268  69.5085052 15.847     0.119    9.1 
     162 1.063302  121.699015 1.3755679100e+02  1.6941611100e+01 137.5570537  16.9414559 16.547      null    1.6 
     163 0.365201   22.971742 1.3772720800e+02 -4.2352222000e+00 137.7272477  -4.2351288 15.860     0.153    7.1 
     166 0.128639    7.944692 1.3893184201e+02  4.9404624110e+01 138.9318496  49.4046595 15.541     0.101   10.8 
     167 0.591472 -176.917715 1.3949149069e+02  3.8511154960e+01 139.4914794  38.5109909 16.799      null    1.3 
     170 0.548220   24.090279 1.4057005630e+02  2.6899737580e+01 140.5701260  26.8998766 16.391     0.253    4.3 
     172 0.708290   -4.274144 1.4094633330e+02  4.0484444000e+00 140.9463186   4.0486406 15.861     0.158    6.9 
     173 0.579680  -31.638633 1.4184091980e+02  2.0023233410e+01 141.8408299  20.0233705 16.873     0.422    2.6 
     175 0.686014   85.886289 1.4384712500e+02 -2.1317777700e+00 143.8473152  -2.1317641 16.483     0.274    4.0 
     176 0.342988   10.693341 1.4723068155e+02  2.1108769380e+01 147.2307005  21.1088630 16.710     0.358    3.0 
     177 0.214356  -98.128455 1.4928198799e+02  6.1832069190e+00 149.2819287   6.1831985 15.544     0.125    8.7 
     178 0.869107 -176.066668 1.4930083333e+02  1.0271805550e+01 149.3008165  10.2715647 16.250     0.243    4.5 
     183 0.089901  -13.815394 1.5018239929e+02  2.1057409350e+01 150.1823929  21.0574336 15.898     0.167    6.5 
     186 0.304813  173.288923 1.5156087499e+02 -3.1751111100e+00 151.5608849  -3.1751952 15.697     0.163    6.7 
     187 0.261086   61.126644 1.5340139162e+02  4.2674000580e+01 153.4014780  42.6740356 16.416     0.241    4.5 
     188 1.734087  -35.883677 1.5550795833e+02  8.0228333300e+00 155.5076732   8.0232236 14.891     0.081   13.4 
     189 0.600688 -157.638083 1.5554186210e+02  2.2873735010e+01 155.5417932  22.8735807 14.814     0.069   15.6 
     190 0.261875 -140.772716 1.5659845266e+02  2.5716512750e+01 156.5984016  25.7164564 15.690     0.137    8.0 
     191 0.374824  -67.323689 1.5713939876e+02  7.7719321600e+00 157.1393018   7.7719723 16.202     0.334    3.2 
     192 0.575726 -134.233306 1.5761295850e+02  5.4152945600e+00 157.6128434   5.4151830 15.571     0.148    7.4 
     193 0.207150  162.209583 1.5790703640e+02 -2.6599073100e+00 157.9070540  -2.6599621 16.203     0.216    5.0 
     195 0.356364 -159.831150 1.5857770505e+02  2.0550059420e+01 158.5776686  20.5499665 15.150     0.092   11.8 
     196 0.407109  -21.661227 1.5869380000e+02 -1.4421100000e+01 158.6937569 -14.4209949 15.135     0.082   13.3 
     197 0.578318  -69.891194 1.5922579100e+02 -2.5438734300e+00 159.2256400  -2.5438182 15.705     0.132    8.2 
     199 0.959930 -103.869839 1.6089663741e+02  1.0176271220e+01 160.8963744  10.1762073 16.488      null    1.8 
     200 0.060603  -13.041783 1.6113767000e+02 -1.4172777000e+00 161.1376662  -1.4172613 15.632     0.136    8.0 
     201 0.768771  121.967448 1.6208291670e+02 -1.1611694400e+00 162.0830979  -1.1612825 15.267     0.108   10.0 
     202 0.424524 -166.572757 1.6215304100e+02  3.3663238800e+01 162.1530081  33.6631241 16.513     0.245    4.4 
     203 0.349453 -151.702312 1.6218777100e+02  4.6621818370e+01 162.1877040  46.6217329 15.858     0.125    8.7 
     204 0.268220  -78.832522 1.6265194802e+02  5.8073523570e+01 162.6518098  58.0735380 15.869     0.136    8.0 
     205 0.375976  -81.758824 1.6334578703e+02  5.8070036230e+01 163.3455916  58.0700512 15.959     0.127    8.5 
     206 0.362749  -79.362703 1.6352216600e+02  4.6625069400e+01 163.5220218  46.6250880 15.913     0.132    8.2 
     208 1.479690  -98.591185 1.6486920000e+02 -9.1056666000e+00 164.8687884  -9.1057280 16.413     0.253    4.3 
     209 0.776506  -31.839517 1.6539316612e+02  5.5260736600e+00 165.3930518   5.5262569 16.004     0.187    5.8 
     210 1.131969 -170.810254 1.6608995800e+02  2.1574666600e+01 166.0899040  21.5743562 16.173     0.210    5.2 
     213 0.530977  -23.363681 1.6983600000e+02  3.4880030000e+01 169.8359287  34.8801654 16.273     0.179    6.1 
     214 0.434305 -149.362645 1.7000616000e+02  6.6900833000e+00 170.0060981   6.6899795 16.082     0.204    5.3 
     215 0.870289 -175.346048 1.7070851309e+02  1.3710124550e+01 170.7084929  13.7098836 16.839      null    1.0 
     216 0.202831   57.213118 1.7079645833e+02 -7.3851111000e-01 170.7965057  -0.7384806 16.640     0.321    3.4 
     217 0.186881  124.201914 1.7131714388e+02  4.4812475080e+01 171.3172044  44.8124459 15.406     0.089   12.1 
     218 0.666374 -131.664015 1.7165820596e+02  1.7582931150e+01 171.6580609  17.5828081 15.931     0.171    6.3 
     219 1.360423  173.372528 1.7217700110e+02  2.6886665370e+01 172.1770500  26.8862900 16.701     0.313    3.5 
     220 0.519415 -153.417459 1.7224103279e+02  5.7986067630e+01 172.2409110  57.9859386 15.835     0.141    7.7 
     221 0.321293  160.482873 1.7319375000e+02  1.2150472220e+01 173.1937805  12.1503881 15.365     0.107   10.1 
     222 1.856081  -20.515072 1.7328658333e+02  1.6065472220e+01 173.2863953  16.0659551 15.865     0.153    7.1 
     223 0.559397   26.068671 1.7355929166e+02  8.4814722200e+00 173.5593607   8.4816118 15.119     0.089   12.3 
     224 0.468998  144.834009 1.7378720800e+02  5.0192499900e+01 173.7873252  50.1923934 16.543     0.228    4.8 
     225 0.213643  -97.338252 1.7432386780e+02  3.5832458580e+01 174.3237952  35.8324510 15.890     0.142    7.6 
     226 0.578808 -150.830395 1.7479204070e+02 -1.2284549210e+01 174.7919605 -12.2846896 15.910     0.161    6.8 
     227 1.535309  110.036832 1.7540918430e+02 -2.0265457980e+01 175.4096114 -20.2656041 16.345     0.255    4.3 
     228 0.478626 -140.291198 1.7590977970e+02  3.8141339780e+01 175.9096717  38.1412375 16.027     0.163    6.7 
     229 2.354435 -158.380317 1.7663608330e+02 -1.9106389000e+00 176.6358422  -1.9112469 16.817     0.377    2.9 
     231 0.206039   42.048398 1.7674080000e+02  4.0619070000e+01 176.7408505  40.6191125 15.288     0.093   11.6 
     233 0.177785   57.739647 1.7677670833e+02 -1.1661666600e+00 176.7767501  -1.1661403 15.697     0.136    8.0 
     234 0.248144   34.361991 1.7701370370e+02  7.0356349000e+00 177.0137429   7.0356918 15.480     0.127    8.5 
     236 0.381791 -115.693422 1.7706937570e+02  5.2863998580e+01 177.0692174  52.8639526 15.452     0.084   12.9 
     237 0.439217 -174.153425 1.7710902530e+02  3.0338696770e+01 177.1090109  30.3385754 16.238     0.203    5.4 
     239 0.704464  -81.521891 1.7744354166e+02  7.8140555500e+00 177.4433463   7.8140844 16.033     0.181    6.0 
     242 0.531720   98.687714 1.7858299441e+02  2.3565908410e+01 178.5831537  23.5658861 16.178     0.211    5.1 
     243 0.626943  -16.100647 1.7860305991e+02  1.3696052180e+01 178.6030102  13.6962195 16.007     0.175    6.2 
     244 0.427550 -152.049098 1.7945160964e+02  6.6199816100e+00 179.4515536   6.6198767 16.603     0.345    3.1 
     246 0.188229  152.433364 1.8053242178e+02  3.2594109950e+01 180.5324505  32.5940636 15.137     0.077   14.1 
     248 1.226917  -96.016167 1.8117389474e+02 -3.6378588000e-01 181.1735558  -0.3638216 15.343     0.106   10.2 
     249 1.650312  -95.640949 1.8127124170e+02 -7.7694400000e-03 181.2707855  -0.0078145 16.309     0.232    4.7 
     250 0.459802   22.406499 1.8190599880e+02  6.5028433200e+00 181.9060478   6.5029614 16.087     0.213    5.1 
     253 0.211135  159.739593 1.8221944502e+02  2.1176102320e+01 182.2194668  21.1760473 15.337     0.101   10.8 
     256 0.404789 -158.392515 1.8246970927e+02  1.8529780840e+01 182.4696656  18.5296763 15.380     0.099   10.9 
     257 0.746314  -89.809290 1.8311242083e+02  5.0926361100e+00 183.1122127   5.0926368 16.455     0.333    3.3 
     258 0.175211   54.446002 1.8329919000e+02 -1.2767624000e+01 183.2992306 -12.7675957 15.837     0.155    7.0 
     260 1.097040  -23.052155 1.8411491600e+02  4.5319638800e+01 184.1147463  45.3199192 16.158     0.163    6.7 
     261 1.167913 -126.255962 1.8433893340e+02  1.5284635600e+00 184.3386717   1.5282717 16.260      null    1.3 
     262 0.081426   89.999996 1.8454662400e+02  1.8130705500e+01 184.5466478  18.1307055 16.713     0.326    3.3 
     264 0.061479   23.085374 1.8544341967e+02  4.4757791090e+01 185.4434291  44.7578068 15.314     0.083   13.1 
     265 0.123763   68.015189 1.8565818188e+02  1.9978590730e+01 185.6582158  19.9786036 15.728     0.134    8.1 
     269 0.463852 -176.446601 1.8902520800e+02  4.6956980500e+01 189.0251963  46.9568519 15.484     0.105   10.3 
     271 0.310325 -109.623654 1.9069966293e+02  5.2218533150e+01 190.6995304  52.2185042 15.823     0.120    9.1 
     272 0.120283   52.586373 1.9092005410e+02  2.5489969700e+01 190.9200835  25.4899900 15.520     0.108   10.0 
     273 1.152177  -19.094553 1.9271636150e+02  3.1506082760e+01 192.7162387  31.5063852 15.375     0.092   11.8 
     275 0.311011  143.026770 1.9448948070e+02  6.3826989420e+01 194.4895985  63.8269204 16.520     0.195    5.6 
     276 0.637841 -156.611462 1.9653447010e+02  3.9406556200e+00 196.5343996   3.9404930 16.438      null    1.9 
     277 2.018314  175.874446 1.9771980130e+02  2.5535188490e+01 197.7198460  25.5346293 16.814      null    1.3 
     278 0.388242   15.345502 1.9866837400e+02  5.4543669400e+01 198.6684232  54.5437734 15.686     0.099   10.9 
     279 0.204729   44.589126 1.9903391600e+02  1.0475777700e+01 199.0339566  10.4758182 15.604     0.119    9.1 
     280 0.909167  -49.739992 1.9933658333e+02 -2.6536111100e+00 199.3363904  -2.6534479 16.559     0.276    3.9 
     281 0.585331  -65.529339 1.9979708500e+02  9.8476434500e+00 199.7969348   9.8477108 16.310     0.209    5.2 
     282 0.308317   85.076710 2.0192217620e+02  5.7543992850e+01 201.9223352  57.5440002 16.198     0.156    7.0 
     283 0.045587  145.212946 2.0323937490e+02  2.2143308300e+01 203.2393827  22.1432979 14.893     0.064   16.9 
     284 0.140404   79.540912 2.0355234824e+02  1.2339086220e+01 203.5523875  12.3390933 15.631     0.117    9.2 
     285 0.377096  -38.471181 2.0396171270e+02  3.5554394290e+01 203.9616326  35.5544763 15.991     0.132    8.2 
     286 1.718649   82.952943 2.0398433333e+02 -3.4772777700e+00 203.9848080  -3.4772192 14.668     0.059   18.4 
     287 0.223316   31.021684 2.0437004203e+02  4.1927737240e+01 204.3700850  41.9277904 16.588     0.246    4.4 
     288 1.141455   55.679685 2.0506263381e+02  3.9441859630e+01 205.0629729  39.4420384 15.477     0.081   13.4 
     289 0.257051 -178.543381 2.0516766666e+02  2.8224488880e+01 205.1676646  28.2244175 15.025     0.068   15.9 
     290 0.049652  108.340731 2.0542274999e+02  4.6186194440e+01 205.4227689  46.1861901 16.292     0.198    5.5 
     291 0.028857  -88.069686 2.0547508160e+02  3.5168253930e+01 205.4750718  35.1682542 15.640     0.112    9.7 
     292 1.005494 -140.714042 2.0553375000e+02  9.4773888800e+00 205.5335707   9.4771727 16.769     0.295    3.7 
     293 0.529285  172.786680 2.0636092677e+02  2.3497048160e+01 206.3609469  23.4969023 15.014     0.062   17.4 
     298 0.531199    3.436052 2.1044723420e+02  2.7826398310e+01 210.4472442  27.8265456 16.982     0.354    3.1 
     301 0.289096 -176.333547 2.1082970350e+02  9.0474981400e+00 210.8296983   9.0474180 16.751     0.287    3.8 
     305 1.063604  -29.810641 2.1209549999e+02  5.3005805550e+01 212.0952559  53.0060619 17.032     0.283    3.8 
     307 0.171254  -22.842150 2.1279703330e+02  1.2293689660e+01 212.7970144  12.2937335 15.532     0.093   11.7 
     308 0.547734 -164.763156 2.1336299000e+02 -2.2561737000e+01 213.3629467 -22.5618838 15.635     0.191    5.7 
     309 0.473793  165.195079 2.1351816666e+02  5.1259944440e+01 213.5182204  51.2598172 17.013      null    1.5 
     320 1.421909  128.367081 2.1585800711e+02  1.3050195560e+01 215.8583250  13.0499504 15.455     0.093   11.7 
     322 1.610408   91.567778 2.1631805050e+02  3.2902650340e+01 216.3185831  32.9026381 16.316     0.158    6.9 
     324 0.726689   20.568628 2.1687370833e+02  3.5369161110e+01 216.8737953  35.3693501 16.578     0.218    5.0 
     325 0.670392 -115.135811 2.1691079000e+02  3.3211666000e+01 216.9105885  33.2115869 15.923     0.120    9.1 
     329 0.657682   66.331321 2.1740820833e+02  3.3071166660e+01 217.4084080  33.0712400 17.029     0.312    3.5 
     330 0.971381 -155.076829 2.1746737000e+02  5.4788249000e+01 217.4671728  54.7880043 17.155     0.323    3.4 
     331 0.177338  127.708578 2.1791853330e+02 -7.4120744700e+00 217.9185726  -7.4121046 16.475     0.249    4.4 
     332 0.261274  -18.137580 2.1902084569e+02  2.1544236630e+01 219.0208214  21.5443056 15.880     0.114    9.5 
     333 0.241472  165.099149 2.1904891570e+02  5.0118654420e+01 219.0489426  50.1185896 16.956     0.251    4.3 
     334 0.611703  -33.433819 2.1946593790e+02  2.3387041600e+01 219.4658359  23.3871834 14.974     0.059   18.3 
     337 0.222297   -2.286316 2.2096111436e+02  3.6387537800e+01 220.9611113  36.3875995 14.903     0.051   21.3 
     338 0.131368  -12.687715 2.2515349900e+02  2.8267508300e+01 225.1534899  28.2675439 15.504     0.076   14.3 
     340 0.055302   93.881930 2.2764705421e+02  5.1811415440e+01 227.6470790  51.8114144 15.597     0.074   14.8 
     341 0.250697 -101.136150 2.2841516666e+02  8.9018055500e+00 228.4150975   8.9017921 16.319     0.205    5.3 
     343 1.352008    1.660436 2.3076208330e+02  5.9275844400e+01 230.7621046  59.2762198 15.133     0.049   22.4 
     344 0.098798    3.906528 2.3094041905e+02  3.3799956420e+01 230.9404213  33.7999838 15.626     0.078   13.9 
     345 0.333706    6.663791 2.3101708333e+02  8.2775833300e+00 231.0170942   8.2776754 16.681     0.304    3.6 
     346 0.408963 -139.381542 2.3165767083e+02 -2.0833516670e+01 231.6575917 -20.8336029 16.623     0.349    3.1 
     347 0.282260  105.505305 2.3180358333e+02  6.6894166600e+00 231.8036594   6.6893957 16.102     0.168    6.5 
     348 0.848837   16.257104 2.3374898973e+02  1.3450394140e+01 233.7490576  13.4506205 14.963     0.065   16.6 
     349 0.040776   49.871635 2.3388695800e+02  1.9722250000e+01 233.8869672  19.7222573 15.278     0.081   13.4 
     350 0.474359  119.014067 2.3594506680e+02  1.7007905910e+01 235.9451873  17.0078420 16.510     0.234    4.6 
     353 0.357747   19.316483 2.3646704100e+02  6.0473320220e+01 236.4671077  60.4734140 15.157     0.046   23.7 
     358 0.825466   83.086677 2.4029649990e+02 -1.8476411100e+01 240.2967399 -18.4763835 15.051     0.081   13.4 
     359 0.192935  -46.265105 2.4072490880e+02  4.2473595150e+01 240.7248563  42.4736322 15.122     0.060   18.2 
     361 0.684913 -132.891920 2.4240529130e+02  3.0696605190e+01 242.4051292  30.6964757 17.080     0.349    3.1 
     362 2.105342   11.300194 2.4243971000e+02 -1.2981697080e+01 242.4398276 -12.9811236 16.104     0.226    4.8 
     363 0.327670 -140.329322 2.4256966544e+02  4.1298271460e+01 242.5695881  41.2982014 15.902     0.109    9.9 
     364 0.264759  -56.258300 2.4360470833e+02  4.6674705550e+01 243.6046192  46.6747464 14.972     0.047   23.0 
     365 0.410711 -142.162407 2.4364733300e+02  1.2457750000e+00 243.6472630   1.2456849 16.421     0.223    4.9 
     366 0.402406 -123.092077 2.4369600000e+02  2.0984158330e+01 243.6958997  20.9840973 16.167     0.157    6.9 
     368 0.232484   63.712922 2.4525383000e+02  5.1930220000e+01 245.2539239  51.9302486 14.771     0.040   27.4 
     369 0.097507  -57.882828 2.4581366660e+02  4.7099972200e+01 245.8136329  47.0999866 14.762     0.046   23.6 
     370 0.307789   85.175901 2.4588256020e+02  3.1200147510e+01 245.8826598  31.2001547 15.663     0.104   10.4 
     371 0.060806 -115.456449 2.4661042035e+02  2.7859026560e+01 246.6104031  27.8590193 14.208     0.039   28.1 
     372 0.239058  -73.013477 2.4662167000e+02  2.8982660000e+01 246.6215974  28.9826794 15.824     0.116    9.4 
     373 0.485267   88.367540 2.4729706666e+02  2.4127705560e+01 247.2972143  24.1277094 16.070     0.136    8.0 
     374 0.818245 -138.958429 2.4764126390e+02  4.0202692930e+01 247.6410685  40.2025215 17.496     0.450    2.4 
     376 0.246501 -153.167438 2.5267608300e+02  1.6289305500e+01 252.6760508  16.2892444 15.405     0.093   11.6 
     377 0.307159  166.602382 2.5414774990e+02  4.5687097200e+01 254.1477782  45.6870142 15.531     0.069   15.7 
     378 0.156653  178.512006 2.5475883333e+02  2.7159775000e+01 254.7588346  27.1597315 15.141     0.068   16.0 
     379 0.198841 -173.699260 2.5496262500e+02  3.2657952700e+01 254.9626178  32.6578978 15.656     0.095   11.4 
     380 1.581127   47.155823 2.6103642916e+02  1.9028644440e+01 261.0367698  19.0289431 16.864      null    1.6 
     382 0.122559  -31.587838 2.6818375000e+02  5.0609180500e+01 268.1837219  50.6092095 14.402     0.034   32.0 
     383 0.213771   94.723563 2.9303176500e+02  7.1652335490e+01 293.0319530  71.6523306 16.476     0.116    9.3 
     384 0.922216   14.993314 3.0804164010e+02 -2.1233974950e+01 308.0417112 -21.2337275 15.439     0.134    8.1 
     385 0.313335  122.683469 3.0848297000e+02 -2.7648500000e+01 308.4830527 -27.6485470 16.031     0.222    4.9 
     389 1.360830 -177.685929 3.1558008300e+02 -1.4981666600e+01 315.5800672 -14.9820443 16.735     0.383    2.8 
     391 1.600437 -109.390815 3.1960403000e+02 -1.0932620000e+01 319.6036029 -10.9327676 15.245     0.111    9.8 
     392 1.171270 -133.379158 3.1986799999e+02  1.0485166660e+01 319.8677595  10.4849432 16.598      null    1.7 
     394 0.254860  -28.013253 3.2087033000e+02 -2.4360400000e+01 320.8702935 -24.3603375 16.480     0.339    3.2 
     396 0.207776  -18.383885 3.2313829583e+02  1.2298683330e+01 323.1382772  12.2987381 15.633     0.116    9.3 
     397 0.277857 -176.517219 3.2566362499e+02 -1.3334166600e+00 325.6636203  -1.3334937 16.086     0.249    4.4 
     398 0.865472  106.206965 3.2698087000e+02  1.1320277000e+00 326.9811009   1.1319606 16.970     0.450    2.4 
     400 0.239892 -103.450461 3.3027762490e+02  3.0354750000e+00 330.2775600   3.0354595 15.198     0.095   11.4 
     402 0.241273   67.173444 3.3061154160e+02  1.5164550000e+01 330.6116056  15.1645760 15.199     0.082   13.2 
     406 0.184144  126.185875 3.3179216660e+02 -4.2823000000e+00 331.7922080  -4.2823302 14.138     0.045   24.2 
     408 0.900508  -33.990338 3.3265412500e+02  2.7204722000e+00 332.6539850   2.7206796 17.096     0.461    2.4 
     412 0.739563   77.069437 3.3321454166e+02 -7.0852777000e-01 333.2147419  -0.7084818 16.908     0.411    2.6 
     416 0.620241 -145.671873 3.3418341666e+02  2.3002778000e-01 334.1833195   0.2298855 16.626     0.309    3.5 
     421 0.370183   74.141056 3.3630991660e+02  3.5034722000e+00 336.3100157   3.5035003 15.691     0.126    8.6 
     422 0.152688   19.010815 3.3655170830e+02 -6.3020249000e+00 336.5517222  -6.3019848 14.962     0.085   12.7 
     425 0.671502  -51.494767 3.3718812499e+02 -7.9653833300e+00 337.1879776  -7.9652672 15.455     0.121    8.9 
     430 1.404488  -86.824594 3.3822977070e+02  2.9508975990e+01 338.2293231  29.5089976 16.702      null    1.9 
     436 0.504100  154.512458 3.4020417000e+02 -1.8662170000e+01 340.2042336 -18.6622964 15.528     0.127    8.6 
     438 1.395353   84.165710 3.4135112490e+02  4.0394440000e-01 341.3515105   0.4039838 16.644      null    1.0 
     439 1.420400   51.812462 3.4250837500e+02 -5.0261708330e+01 342.5088601 -50.2614644 15.674     0.123    8.8 
     443 0.265316   54.497310 3.4689729000e+02  5.3038880000e-01 346.8973500   0.5304316 16.274     0.250    4.3 
     444 0.538194 -168.428896 3.4766205860e+02  1.8922201660e+01 347.6620269  18.9220552 15.415     0.118    9.2 
     446 1.289280   94.371819 3.4894404000e+02 -3.9947220000e-01 348.9443971  -0.3994995 16.587      null    1.5 
     447 0.076295   23.058228 3.4940937500e+02  2.2736008300e+01 349.4093840  22.7360278 15.318     0.090   12.0 
     450 0.095937  142.316254 3.5130935080e+02  2.6479953090e+01 351.3093690  26.4799320 15.412     0.100   10.9 
     451 0.034838 -109.686438 3.5140266666e+02 -5.8911944400e+00 351.4026575  -5.8911977 15.554     0.117    9.3 
     454 0.245215  -18.751163 3.5241375000e+02  3.0064105500e+01 352.4137247  30.0641700 15.425     0.101   10.8 
     455 1.376337   58.154730 3.5253629166e+02  9.9621388800e+00 352.5366214   9.9623406 15.145     0.110    9.8 
     457 0.129233  151.675366 3.5613958330e+02  1.6887911100e+01 356.1396011  16.8878795 14.559     0.058   18.8 
     458 0.060069   21.730902 3.5713890000e+02 -3.0902844000e+01 357.1389072 -30.9028285 16.732      null    1.8 
     460 0.633549  156.500259 3.5785129166e+02 -4.9853611100e+00 357.8513621  -4.9855225 16.140     0.242    4.5 
     461 0.292168  145.971179 3.5913521490e+02 -6.3831264400e+00 359.1352606  -6.3831937 15.702     0.196    5.6 
     463 1.456440  -83.293005 3.5960016666e+02  6.5770555500e+00 359.5997622   6.5771028 15.249     0.095   11.5 